Timestamp [us]	A_X [LSB]	A_Y [LSB]	A_Z [LSB]	A_X [mg]	A_Y [mg]	A_Z [mg]	QVAR [LSB]	
53044	-32	-160	17184	-1.952	-9.760	1048.224	-512	
212470	880	-688	16240	53.680	-41.968	990.640	-464	
371909	-832	800	16752	-50.752	48.800	1021.872	-480	
531334	736	416	17376	44.896	25.376	1059.936	-528	
690763	256	-1264	18048	15.616	-77.104	1100.928	-496	
850187	1184	-2048	16384	72.224	-124.928	999.424	-480	
1009610	688	-2992	15840	41.968	-182.512	966.240	-496	
1169031	-528	1024	18416	-32.208	62.464	1123.376	-512	
1328445	1312	32	16928	80.032	1.952	1032.608	-480	
1487858	2816	-1184	17248	171.776	-72.224	1052.128	-496	
1647280	1888	-1232	15616	115.168	-75.152	952.576	-464	
1806698	496	256	16896	30.256	15.616	1030.656	-528	
1966118	304	704	17072	18.544	42.944	1041.392	-496	
2125529	-1232	560	15088	-75.152	34.160	920.368	-512	
2284942	-1872	544	16704	-114.192	33.184	1018.944	-496	
2444357	-1488	-448	16432	-90.768	-27.328	1002.352	-512	
2603768	-960	-256	16992	-58.560	-15.616	1036.512	-464	
2763179	-1712	1344	17136	-104.432	81.984	1045.296	-512	
2922592	-1680	1408	17248	-102.480	85.888	1052.128	-480	
3082006	192	-976	16736	11.712	-59.536	1020.896	-512	
3241418	-976	304	16336	-59.536	18.544	996.496	-496	
3400826	80	384	16736	4.880	23.424	1020.896	-496	
3560237	-1184	1104	17120	-72.224	67.344	1044.320	-432	
3719642	-2656	1952	17392	-162.016	119.072	1060.912	-528	
3879052	-2400	448	16928	-146.400	27.328	1032.608	-480	
4038462	-2768	704	17152	-168.848	42.944	1046.272	-496	
4197867	-3024	704	15968	-184.464	42.944	974.048	-496	
4357279	-1152	576	16624	-70.272	35.136	1014.064	-512	
4516692	-656	-256	18528	-40.016	-15.616	1130.208	-496	
4676101	-496	-544	16624	-30.256	-33.184	1014.064	-512	
4835514	-256	-320	16880	-15.616	-19.520	1029.680	-496	
4994929	-784	0	17232	-47.824	0.000	1051.152	-496	
5154341	-496	-800	18176	-30.256	-48.800	1108.736	-496	
5313757	-1520	544	17632	-92.720	33.184	1075.552	-480	
5473170	-1840	-544	16576	-112.240	-33.184	1011.136	-512	
5632577	-1216	-672	16912	-74.176	-40.992	1031.632	-448	
5791998	-1984	720	16096	-121.024	43.920	981.856	-512	
5951415	128	-384	17312	7.808	-23.424	1056.032	-496	
6110824	736	-2832	17632	44.896	-172.752	1075.552	-480	
6270234	128	-960	15648	7.808	-58.560	954.528	-544	
6429655	1024	-1104	16816	62.464	-67.344	1025.776	-496	
6589071	-2992	-240	13744	-182.512	-14.640	838.384	-496	
6748481	-1120	-1040	17312	-68.320	-63.440	1056.032	-496	
6907892	-2240	-704	16368	-136.640	-42.944	998.448	-496	
7067300	-2176	-416	16032	-132.736	-25.376	977.952	-528	
7226712	-880	-1360	16544	-53.680	-82.960	1009.184	-496	
7386125	-1152	1248	17520	-70.272	76.128	1068.720	-480	
7545539	816	-912	18096	49.776	-55.632	1103.856	-480	
7704954	1072	-1616	16352	65.392	-98.576	997.472	-496	
7864362	-688	-1456	15840	-41.968	-88.816	966.240	-480	
8023777	240	-656	18944	14.640	-40.016	1155.584	-496	
8183190	-1440	-528	17648	-87.840	-32.208	1076.528	-496	
8342600	-1056	-1456	15520	-64.416	-88.816	946.720	-512	
8502021	-1520	-128	17248	-92.720	-7.808	1052.128	-496	
8661428	-352	-688	16912	-21.472	-41.968	1031.632	-496	
8820838	1104	352	16000	67.344	21.472	976.000	-448	
8980255	832	-256	18400	50.752	-15.616	1122.400	-512	
9139673	1856	-1584	16048	113.216	-96.624	978.928	-496	
9299086	1248	-896	16096	76.128	-54.656	981.856	-464	
9458493	-304	-688	19552	-18.544	-41.968	1192.672	-432	
9617904	-4624	1840	17904	-282.064	112.240	1092.144	-496	
9777320	-1952	-80	15088	-119.072	-4.880	920.368	-512	
9936732	-1520	112	16192	-92.720	6.832	987.712	-496	
10096146	-2592	80	16592	-158.112	4.880	1012.112	-432	
10255570	-1184	208	17072	-72.224	12.688	1041.392	-496	
10414985	-256	-80	17776	-15.616	-4.880	1084.336	-480	
10574403	-592	-1472	16144	-36.112	-89.792	984.784	-480	
10733818	-1008	-240	17520	-61.488	-14.640	1068.720	-480	
10893228	-784	-208	16448	-47.824	-12.688	1003.328	-480	
11052651	-2144	64	14976	-130.784	3.904	913.536	-496	
11212061	-2400	1072	16496	-146.400	65.392	1006.256	-464	
11371478	-2528	1104	18080	-154.208	67.344	1102.880	-528	
11530889	-2432	320	16672	-148.352	19.520	1016.992	-512	
11690306	-3120	-480	15648	-190.320	-29.280	954.528	-544	
11849722	-3152	1088	17008	-192.272	66.368	1037.488	-416	
12009139	-1632	-16	18080	-99.552	-0.976	1102.880	-480	
12168552	-1664	-800	16176	-101.504	-48.800	986.736	-496	
12327965	-1728	-384	16304	-105.408	-23.424	994.544	-528	
12487377	-1328	624	18736	-81.008	38.064	1142.896	-480	
12646792	-3360	976	16960	-204.960	59.536	1034.560	-480	
12806203	-3168	288	17104	-193.248	17.568	1043.344	-560	
12965621	-2912	384	16224	-177.632	23.424	989.664	-496	
13125030	-1712	-176	16928	-104.432	-10.736	1032.608	-496	
13284437	-1840	176	16800	-112.240	10.736	1024.800	-496	
13443851	-1168	624	17008	-71.248	38.064	1037.488	-480	
13603269	16	-1248	16496	0.976	-76.128	1006.256	-432	
13762678	-96	-1552	16192	-5.856	-94.672	987.712	-528	
13922090	-560	-928	16416	-34.160	-56.608	1001.376	-448	
14081509	-1472	-720	15328	-89.792	-43.920	935.008	-512	
14240917	-1696	-768	16608	-103.456	-46.848	1013.088	-480	
14400328	-2080	-432	16816	-126.880	-26.352	1025.776	-512	
14559740	-2768	240	17520	-168.848	14.640	1068.720	-512	
14719159	-1744	-672	15680	-106.384	-40.992	956.480	-496	
14878583	-1488	-16	14880	-90.768	-0.976	907.680	-512	
15038006	-384	192	17568	-23.424	11.712	1071.648	-496	
15197424	144	-1248	16816	8.784	-76.128	1025.776	-480	
15356839	-192	-160	16752	-11.712	-9.760	1021.872	-480	
15516248	-544	480	17680	-33.184	29.280	1078.480	-496	
15675662	-1776	720	18240	-108.336	43.920	1112.640	-496	
15835089	-3120	672	18176	-190.320	40.992	1108.736	-448	
15994509	-2288	272	17280	-139.568	16.592	1054.080	-496	
16153931	-1664	-368	16320	-101.504	-22.448	995.520	-496	
16313342	-1760	1040	17696	-107.360	63.440	1079.456	-512	
16472757	-944	752	17632	-57.584	45.872	1075.552	-480	
16632180	-960	-672	16832	-58.560	-40.992	1026.752	-512	
16791604	-720	-1040	16608	-43.920	-63.440	1013.088	-512	
16951032	-464	-512	16736	-28.304	-31.232	1020.896	-480	
17110453	-1424	-1088	14656	-86.864	-66.368	894.016	-496	
17269871	-2480	-96	14816	-151.280	-5.856	903.776	-400	
17429289	-2992	176	16960	-182.512	10.736	1034.560	-512	
17588708	-2464	-288	17152	-150.304	-17.568	1046.272	-512	
17748127	-2048	144	16544	-124.928	8.784	1009.184	-512	
17907547	-2128	752	13824	-129.808	45.872	843.264	-512	
18066967	-1472	560	18464	-89.792	34.160	1126.304	-480	
18226391	-448	-464	17584	-27.328	-28.304	1072.624	-496	
18385810	-1360	208	17024	-82.960	12.688	1038.464	-480	
18545228	-160	1216	18272	-9.760	74.176	1114.592	-512	
18704647	-2208	544	17632	-134.688	33.184	1075.552	-480	
18864073	-1840	160	16864	-112.240	9.760	1028.704	-544	
19023491	-2144	-304	16160	-130.784	-18.544	985.760	-528	
19182917	-1424	-400	16624	-86.864	-24.400	1014.064	-496	
19342335	-1152	1008	18160	-70.272	61.488	1107.760	-432	
19501756	32	16	16832	1.952	0.976	1026.752	-512	
19661173	560	-1168	15536	34.160	-71.248	947.696	-512	
19820595	304	-528	16672	18.544	-32.208	1016.992	-512	
19980023	-416	-448	16960	-25.376	-27.328	1034.560	-544	
20139442	-224	-704	15792	-13.664	-42.944	963.312	-528	
20298864	-1776	-128	16560	-108.336	-7.808	1010.160	-528	
20458285	-1296	-288	16976	-79.056	-17.568	1035.536	-480	
20617701	-1216	-256	17024	-74.176	-15.616	1038.464	-528	
20777114	-1264	-176	16656	-77.104	-10.736	1016.016	-512	
20936535	-1088	240	14960	-66.368	14.640	912.560	-512	
21095957	928	-1648	16736	56.608	-100.528	1020.896	-512	
21255381	-80	-1056	16736	-4.880	-64.416	1020.896	-512	
21414806	-400	-752	16096	-24.400	-45.872	981.856	-496	
21574227	592	-608	17680	36.112	-37.088	1078.480	-528	
21733650	-1936	368	17136	-118.096	22.448	1045.296	-544	
21893071	-864	-1008	18080	-52.704	-61.488	1102.880	-528	
22052499	-1568	-256	16608	-95.648	-15.616	1013.088	-448	
22211919	-1152	-544	17152	-70.272	-33.184	1046.272	-512	
22371343	-1072	400	17344	-65.392	24.400	1057.984	-512	
22530764	1184	80	18208	72.224	4.880	1110.688	-496	
22690187	1744	-688	15984	106.384	-41.968	975.024	-496	
22849607	1584	64	17200	96.624	3.904	1049.200	-544	
23009026	1536	64	16288	93.696	3.904	993.568	-496	
23168444	320	-400	14000	19.520	-24.400	854.000	-512	
23327864	912	1136	18912	55.632	69.296	1153.632	-560	
23487286	-96	528	16512	-5.856	32.208	1007.232	-512	
23646707	1136	592	16800	69.296	36.112	1024.800	-496	
23806129	1456	576	16400	88.816	35.136	1000.400	-512	
23965546	1632	1216	15904	99.552	74.176	970.144	-560	
24124961	2944	736	15840	179.584	44.896	966.240	-512	
24284384	2992	1392	16976	182.512	84.912	1035.536	-496	
24443805	2816	1728	16912	171.776	105.408	1031.632	-544	
24603230	3040	2688	18288	185.440	163.968	1115.568	-496	
24762652	960	1920	17584	58.560	117.120	1072.624	-480	
24922069	2640	784	17216	161.040	47.824	1050.176	-480	
25081491	2048	672	16832	124.928	40.992	1026.752	-528	
25240911	1920	1312	16544	117.120	80.032	1009.184	-512	
25400325	1728	2496	17120	105.408	152.256	1044.320	-480	
25559743	4656	2688	18160	284.016	163.968	1107.760	-512	
25719161	3696	1536	16224	225.456	93.696	989.664	-512	
25878577	4176	1504	16576	254.736	91.744	1011.136	-496	
26037997	3504	1536	15648	213.744	93.696	954.528	-512	
26197417	3568	1760	16944	217.648	107.360	1033.584	-544	
26356835	2256	576	15312	137.616	35.136	934.032	-496	
26516261	2400	1328	16864	146.400	81.008	1028.704	-496	
26675687	2752	976	16560	167.872	59.536	1010.160	-480	
26835106	3376	1088	16640	205.936	66.368	1015.040	-512	
26994533	2976	1872	15280	181.536	114.192	932.080	-512	
27153952	4032	2384	17440	245.952	145.424	1063.840	-496	
27313372	4144	1504	16688	252.784	91.744	1017.968	-528	
27472791	3872	1632	16368	236.192	99.552	998.448	-480	
27632207	4048	3808	19424	246.928	232.288	1184.864	-496	
27791622	2128	2624	18560	129.808	160.064	1132.160	-528	
27951040	2640	800	16704	161.040	48.800	1018.944	-512	
28110463	2688	880	16080	163.968	53.680	980.880	-496	
28269892	3536	544	16256	215.696	33.184	991.616	-496	
28429308	3040	2752	18048	185.440	167.872	1100.928	-496	
28588720	1968	2080	16784	120.048	126.880	1023.824	-496	
28748139	4448	704	15232	271.328	42.944	929.152	-496	
28907554	4016	480	15808	244.976	29.280	964.288	-496	
29066970	3344	1088	16304	203.984	66.368	994.544	-512	
29226382	3648	928	16768	222.528	56.608	1022.848	-480	
29385801	1872	1248	16304	114.192	76.128	994.544	-480	
29545210	3552	736	17456	216.672	44.896	1064.816	-432	
29704628	2672	688	16800	162.992	41.968	1024.800	-560	
29864038	3040	736	16192	185.440	44.896	987.712	-512	
30023451	2608	2240	17200	159.088	136.640	1049.200	-528	
30182869	4624	2592	16976	282.064	158.112	1035.536	-512	
30342283	2608	1248	17888	159.088	76.128	1091.168	-544	
30501703	1840	1440	16320	112.240	87.840	995.520	-560	
30661114	2224	1616	16496	135.664	98.576	1006.256	-512	
30820532	1760	848	15904	107.360	51.728	970.144	-528	
30979942	928	1168	16864	56.608	71.248	1028.704	-496	
31139358	992	880	15968	60.512	53.680	974.048	-512	
31298779	1136	1584	17296	69.296	96.624	1055.056	-528	
31458198	1024	1600	16192	62.464	97.600	987.712	-544	
31617608	2176	2064	15936	132.736	125.904	972.096	-496	
31777018	3184	1680	16752	194.224	102.480	1021.872	-496	
31936428	3488	1488	16960	212.768	90.768	1034.560	-512	
32095839	3328	1904	16496	203.008	116.144	1006.256	-464	
32255262	3472	1984	16560	211.792	121.024	1010.160	-512	
32414671	2448	2192	16512	149.328	133.712	1007.232	-528	
32574083	1312	1664	16848	80.032	101.504	1027.728	-496	
32733491	1952	1904	17520	119.072	116.144	1068.720	-496	
32892908	1520	1360	16752	92.720	82.960	1021.872	-480	
33052325	2032	1248	16016	123.952	76.128	976.976	-544	
33211747	2624	3280	17056	160.064	200.080	1040.416	-480	
33371163	3312	4944	19472	202.032	301.584	1187.792	-496	
33530577	5504	1760	15584	335.744	107.360	950.624	-464	
33689994	4240	2448	15664	258.640	149.328	955.504	-528	
33849411	3376	2928	16176	205.936	178.608	986.736	-512	
34008824	3984	1856	15520	243.024	113.216	946.720	-496	
34168243	2512	1616	15824	153.232	98.576	965.264	-496	
34327663	1888	1664	15584	115.168	101.504	950.624	-560	
34487086	1904	1664	17616	116.144	101.504	1074.576	-544	
34646506	2496	672	16240	152.256	40.992	990.640	-512	
34805926	1200	2480	16656	73.200	151.280	1016.016	-544	
34965346	3648	4080	17088	222.528	248.880	1042.368	-560	
35124762	3200	-624	15136	195.200	-38.064	923.296	-528	
35284182	3520	1888	16704	214.720	115.168	1018.944	-496	
35443595	1568	1824	16176	95.648	111.264	986.736	-432	
35603002	752	912	16064	45.872	55.632	979.904	-544	
35762412	-528	688	16992	-32.208	41.968	1036.512	-480	
35921819	-208	800	16752	-12.688	48.800	1021.872	-480	
36081229	608	1248	17632	37.088	76.128	1075.552	-528	
36240651	-16	736	16816	-0.976	44.896	1025.776	-544	
36400067	336	1680	16736	20.496	102.480	1020.896	-512	
36559477	2928	2656	17232	178.608	162.016	1051.152	-528	
36718894	2880	1712	15104	175.680	104.432	921.344	-480	
36878306	2784	2192	16160	169.824	133.712	985.760	-528	
37037721	1952	1904	15840	119.072	116.144	966.240	-480	
37197128	544	1088	15520	33.184	66.368	946.720	-480	
37356543	-80	608	16208	-4.880	37.088	988.688	-512	
37515953	336	1296	18080	20.496	79.056	1102.880	-528	
37675370	400	976	16800	24.400	59.536	1024.800	-528	
37834782	-528	752	16496	-32.208	45.872	1006.256	-480	
37994186	416	800	15072	25.376	48.800	919.392	-512	
38153590	2064	48	18752	125.904	2.928	1143.872	-512	
38312999	2560	-176	16192	156.160	-10.736	987.712	-544	
38472414	1744	1328	16528	106.384	81.008	1008.208	-464	
38631825	2112	2320	17248	128.832	141.520	1052.128	-496	
38791235	2496	1216	15584	152.256	74.176	950.624	-448	
38950650	1392	624	17872	84.912	38.064	1090.192	-528	
39110061	1600	624	17072	97.600	38.064	1041.392	-512	
39269472	800	448	17136	48.800	27.328	1045.296	-512	
39428886	1264	496	16352	77.104	30.256	997.472	-560	
39588302	832	1744	16512	50.752	106.384	1007.232	-512	
39747714	1888	2624	18320	115.168	160.064	1117.520	-496	
39907130	2656	1504	15616	162.016	91.744	952.576	-480	
40066541	2464	1920	17056	150.304	117.120	1040.416	-496	
40225952	2352	2032	16256	143.472	123.952	991.616	-480	
40385365	704	880	17120	42.944	53.680	1044.320	-528	
40544784	1232	208	15616	75.152	12.688	952.576	-512	
40704202	896	96	17056	54.656	5.856	1040.416	-496	
40863618	304	320	17056	18.544	19.520	1040.416	-512	
41023038	912	1136	17040	55.632	69.296	1039.440	-512	
41182450	720	1408	16448	43.920	85.888	1003.328	-544	
41341869	1568	1616	16960	95.648	98.576	1034.560	-512	
41501289	1536	1824	16464	93.696	111.264	1004.304	-512	
41660706	1200	1824	16736	73.200	111.264	1020.896	-512	
41820127	656	1376	16416	40.016	83.936	1001.376	-480	
41979551	544	944	16688	33.184	57.584	1017.968	-480	
42138976	464	416	16752	28.304	25.376	1021.872	-432	
42298393	464	352	16384	28.304	21.472	999.424	-544	
42457809	400	1040	17216	24.400	63.440	1050.176	-528	
42617227	320	2096	17920	19.520	127.856	1093.120	-496	
42776646	512	2336	17536	31.232	142.496	1069.696	-560	
42936067	2256	1968	16384	137.616	120.048	999.424	-528	
43095492	2336	1904	16496	142.496	116.144	1006.256	-480	
43254904	1136	1552	16496	69.296	94.672	1006.256	-496	
43414327	1376	1520	16640	83.936	92.720	1015.040	-512	
43573748	-544	416	16384	-33.184	25.376	999.424	-528	
43733165	416	1136	18272	25.376	69.296	1114.592	-528	
43892585	560	464	17440	34.160	28.304	1063.840	-464	
44052007	448	832	15744	27.328	50.752	960.384	-480	
44211427	544	2048	16656	33.184	124.928	1016.016	-512	
44370844	1328	3280	17184	81.008	200.080	1048.224	-544	
44530275	2288	2032	15712	139.568	123.952	958.432	-464	
44689696	1232	1872	16944	75.152	114.192	1033.584	-512	
44849119	400	1840	16992	24.400	112.240	1036.512	-400	
45008541	-512	1296	16928	-31.232	79.056	1032.608	-528	
45167967	256	1712	17760	15.616	104.432	1083.360	-464	
45327387	928	1168	16448	56.608	71.248	1003.328	-512	
45486805	1104	928	16224	67.344	56.608	989.664	-544	
45646230	592	1376	17088	36.112	83.936	1042.368	-512	
45805646	2448	2576	15312	149.328	157.136	934.032	-480	
45965069	2864	1760	15008	174.704	107.360	915.488	-448	
46124489	2528	2208	16672	154.208	134.688	1016.992	-496	
46283914	1456	2480	16416	88.816	151.280	1001.376	-464	
46443334	1904	2400	16592	116.144	146.400	1012.112	-480	
46602751	-416	1344	16704	-25.376	81.984	1018.944	-496	
46762172	736	1888	19104	44.896	115.168	1165.344	-512	
46921592	288	144	16512	17.568	8.784	1007.232	-480	
47081013	1312	688	15792	80.032	41.968	963.312	-512	
47240432	832	2528	16880	50.752	154.208	1029.680	-480	
47399849	592	3088	18912	36.112	188.368	1153.632	-480	
47559276	2176	2112	17008	132.736	128.832	1037.488	-448	
47718702	1952	2128	15968	119.072	129.808	974.048	-512	
47878129	864	1712	16704	52.704	104.432	1018.944	-512	
48037550	736	656	15984	44.896	40.016	975.024	-464	
48196979	368	368	15952	22.448	22.448	973.072	-528	
48356402	656	1184	17280	40.016	72.224	1054.080	-480	
48515828	720	880	16064	43.920	53.680	979.904	-496	
48675236	-1088	1712	18832	-66.368	104.432	1148.752	-480	
48834655	864	3584	18656	52.704	218.624	1138.016	-480	
48994077	2448	2304	16096	149.328	140.544	981.856	-480	
49153496	928	1568	15792	56.608	95.648	963.312	-544	
49312912	1072	2048	16976	65.392	124.928	1035.536	-480	
49472331	160	848	15456	9.760	51.728	942.816	-496	
49631747	496	816	15600	30.256	49.776	951.600	-416	
49791164	528	576	16576	32.208	35.136	1011.136	-512	
49950583	960	944	16304	58.560	57.584	994.544	-496	
50110005	-128	1392	16352	-7.808	84.912	997.472	-496	
50269431	1168	3424	17504	71.248	208.864	1067.744	-576	
50428856	1872	2432	16448	114.192	148.352	1003.328	-576	
50588280	2080	2336	16320	126.880	142.496	995.520	-512	
50747701	944	2096	15968	57.584	127.856	974.048	-496	
50907122	1088	1248	15200	66.368	76.128	927.200	-480	
51066540	-48	1088	15456	-2.928	66.368	942.816	-480	
51225965	1152	2336	19376	70.272	142.496	1181.936	-512	
51385384	112	928	16672	6.832	56.608	1016.992	-512	
51544802	-16	1072	16048	-0.976	65.392	978.928	-496	
51704218	128	2048	16176	7.808	124.928	986.736	-480	
51863637	816	3504	17856	49.776	213.744	1089.216	-560	
52023060	1264	2352	17056	77.104	143.472	1040.416	-512	
52182482	896	2336	16800	54.656	142.496	1024.800	-464	
52341897	512	2352	15904	31.232	143.472	970.144	-480	
52501319	176	1712	16208	10.736	104.432	988.688	-512	
52660740	-384	1584	18048	-23.424	96.624	1100.928	-544	
52820166	-624	912	15840	-38.064	55.632	966.240	-480	
52979593	-400	1520	16816	-24.400	92.720	1025.776	-496	
53139018	-2064	1712	16560	-125.904	104.432	1010.160	-480	
53298441	1024	4672	17568	62.464	284.992	1071.648	-544	
53457858	1280	2752	15840	78.080	167.872	966.240	-512	
53617272	1264	3424	16400	77.104	208.864	1000.400	-496	
53776693	848	4352	16416	51.728	265.472	1001.376	-528	
53936112	-928	2896	15792	-56.608	176.656	963.312	-512	
54095530	-992	2800	17568	-60.512	170.800	1071.648	-480	
54254944	-448	2832	15552	-27.328	172.752	948.672	-480	
54414359	-1728	2288	15872	-105.408	139.568	968.192	-480	
54573770	-672	3552	17056	-40.992	216.672	1040.416	-512	
54733183	-2848	3616	14992	-173.728	220.576	914.512	-512	
54892594	2000	4448	17312	122.000	271.328	1056.032	-496	
55052008	1680	3888	16320	102.480	237.168	995.520	-496	
55211418	352	3008	15584	21.472	183.488	950.624	-512	
55370826	-320	2672	16848	-19.520	162.992	1027.728	-480	
55530237	-1040	1616	16832	-63.440	98.576	1026.752	-480	
55689655	-752	2432	17184	-45.872	148.352	1048.224	-512	
55849075	-1312	2016	16224	-80.032	122.976	989.664	-512	
56008489	-1104	3312	16864	-67.344	202.032	1028.704	-544	
56167901	-1216	5104	17008	-74.176	311.344	1037.488	-512	
56327325	1072	4768	16096	65.392	290.848	981.856	-496	
56486744	2000	4080	15632	122.000	248.880	953.552	-480	
56646162	544	3808	15936	33.184	232.288	972.096	-528	
56805584	-64	4032	16896	-3.904	245.952	1030.656	-480	
56965003	-624	1408	16336	-38.064	85.888	996.496	-496	
57124420	-480	1536	14848	-29.280	93.696	905.728	-432	
57283834	-16	2512	16624	-0.976	153.232	1014.064	-496	
57443246	464	2624	16480	28.304	160.064	1005.280	-496	
57602661	16	3712	16160	0.976	226.432	985.760	-480	
