Timestamp [us]	A_X [LSB]	A_Y [LSB]	A_Z [LSB]	A_X [mg]	A_Y [mg]	A_Z [mg]	QVAR [LSB]	
52639	-64	-96	15584	-3.904	-5.856	950.624	-1568	
132261	-64	-96	15536	-3.904	-5.856	947.696	-1536	
211883	-80	-48	15552	-4.880	-2.928	948.672	-1536	
291506	-80	-96	15536	-4.880	-5.856	947.696	-1568	
371130	-64	-80	15536	-3.904	-4.880	947.696	-1488	
450754	-64	-48	15568	-3.904	-2.928	949.648	-1520	
530383	-32	-80	15584	-1.952	-4.880	950.624	-1536	
610009	-80	-80	15536	-4.880	-4.880	947.696	-1568	
689639	-80	-48	15536	-4.880	-2.928	947.696	-1600	
769270	-80	-80	15536	-4.880	-4.880	947.696	-1520	
848897	-64	-16	15568	-3.904	-0.976	949.648	-1520	
928532	-16	-48	15568	-0.976	-2.928	949.648	-1520	
1008163	-64	-112	15584	-3.904	-6.832	950.624	-1520	
1087793	-16	-16	15568	-0.976	-0.976	949.648	-1552	
1167423	-64	-48	15584	-3.904	-2.928	950.624	-1520	
1247052	-80	-64	15536	-4.880	-3.904	947.696	-1536	
1326679	-64	-64	15584	-3.904	-3.904	950.624	-1488	
1406306	-64	-16	15568	-3.904	-0.976	949.648	-1552	
1485934	-64	-80	15568	-3.904	-4.880	949.648	-1568	
1565558	-96	-80	15552	-5.856	-4.880	948.672	-1552	
1645186	-80	-48	15584	-4.880	-2.928	950.624	-1536	
1724813	-80	-96	15568	-4.880	-5.856	949.648	-1520	
1804443	-64	-48	15536	-3.904	-2.928	947.696	-1536	
1884076	-80	-64	15552	-4.880	-3.904	948.672	-1552	
1963706	-96	-80	15536	-5.856	-4.880	947.696	-1520	
2043334	-32	-80	15520	-1.952	-4.880	946.720	-1552	
2122962	-112	-64	15584	-6.832	-3.904	950.624	-1536	
2202592	-64	-112	15568	-3.904	-6.832	949.648	-1552	
2282216	-80	-64	15552	-4.880	-3.904	948.672	-1488	
2361841	-64	-96	15552	-3.904	-5.856	948.672	-1584	
2441470	-64	-64	15552	-3.904	-3.904	948.672	-1536	
2521101	-64	-64	15600	-3.904	-3.904	951.600	-1520	
2600732	-96	-64	15568	-5.856	-3.904	949.648	-1536	
2680360	0	-48	15584	0.000	-2.928	950.624	-1488	
2759990	-48	-80	15568	-2.928	-4.880	949.648	-1472	
2839621	-96	-112	15552	-5.856	-6.832	948.672	-1552	
2919250	-48	-96	15552	-2.928	-5.856	948.672	-1536	
2998880	-32	-64	15584	-1.952	-3.904	950.624	-1584	
3078510	-112	-80	15552	-6.832	-4.880	948.672	-1536	
3158141	-80	-48	15520	-4.880	-2.928	946.720	-1536	
3237767	-64	-32	15568	-3.904	-1.952	949.648	-1552	
3317390	-128	-16	15584	-7.808	-0.976	950.624	-1536	
3397012	-64	-48	15520	-3.904	-2.928	946.720	-1536	
3476638	-96	-32	15552	-5.856	-1.952	948.672	-1536	
3556263	-48	-48	15616	-2.928	-2.928	952.576	-1552	
3635885	-64	-64	15584	-3.904	-3.904	950.624	-1568	
3715512	-64	-48	15616	-3.904	-2.928	952.576	-1520	
3795139	-80	-64	15552	-4.880	-3.904	948.672	-1536	
3874761	-64	-96	15552	-3.904	-5.856	948.672	-1568	
3954382	-64	-64	15568	-3.904	-3.904	949.648	-1536	
4034006	-128	0	15664	-7.808	0.000	955.504	-1536	
4113627	-32	-96	15536	-1.952	-5.856	947.696	-1552	
4193252	-64	-32	15584	-3.904	-1.952	950.624	-1520	
4272875	-48	-32	15536	-2.928	-1.952	947.696	-1520	
4352498	-96	-64	15536	-5.856	-3.904	947.696	-1520	
4432124	-64	-96	15552	-3.904	-5.856	948.672	-1552	
4511747	464	-256	15904	28.304	-15.616	970.144	-1504	
4591373	-224	-16	15632	-13.664	-0.976	953.552	-1536	
4671000	16	-96	15504	0.976	-5.856	945.744	-1520	
4750625	-208	-16	15584	-12.688	-0.976	950.624	-1568	
4830247	16	-48	15584	0.976	-2.928	950.624	-1536	
4909872	-32	-80	15584	-1.952	-4.880	950.624	-1488	
4989495	-112	0	15536	-6.832	0.000	947.696	-1504	
5069118	-96	-64	15536	-5.856	-3.904	947.696	-1536	
5148744	-64	-16	15616	-3.904	-0.976	952.576	-1536	
5228371	-80	-48	15552	-4.880	-2.928	948.672	-1504	
5307994	-176	-64	15648	-10.736	-3.904	954.528	-1552	
5387619	-64	-48	15552	-3.904	-2.928	948.672	-1536	
5467246	-64	-48	15584	-3.904	-2.928	950.624	-1504	
5546869	-112	-80	15584	-6.832	-4.880	950.624	-1536	
5626497	-112	-64	15552	-6.832	-3.904	948.672	-1584	
5706119	-64	-48	15568	-3.904	-2.928	949.648	-1520	
5785741	-80	-48	15536	-4.880	-2.928	947.696	-1536	
5865368	-48	-48	15584	-2.928	-2.928	950.624	-1536	
5944995	-112	-48	15536	-6.832	-2.928	947.696	-1504	
6024624	-32	-48	15584	-1.952	-2.928	950.624	-1536	
6104247	-80	-80	15552	-4.880	-4.880	948.672	-1536	
6183874	-64	-64	15552	-3.904	-3.904	948.672	-1536	
6263501	-64	-32	15584	-3.904	-1.952	950.624	-1536	
6343129	-64	-64	15536	-3.904	-3.904	947.696	-1568	
6422753	-64	-64	15536	-3.904	-3.904	947.696	-1584	
6502385	-64	-16	15568	-3.904	-0.976	949.648	-1504	
6582015	0	-80	15552	0.000	-4.880	948.672	-1520	
6661641	-80	-48	15584	-4.880	-2.928	950.624	-1552	
6741265	-80	-16	15584	-4.880	-0.976	950.624	-1520	
6820895	-80	-64	15552	-4.880	-3.904	948.672	-1536	
6900525	-96	-64	15536	-5.856	-3.904	947.696	-1568	
6980153	-64	-80	15584	-3.904	-4.880	950.624	-1536	
7059781	-96	-48	15568	-5.856	-2.928	949.648	-1536	
7139407	-80	-64	15584	-4.880	-3.904	950.624	-1520	
7219036	-96	-80	15552	-5.856	-4.880	948.672	-1552	
7298664	-64	0	15552	-3.904	0.000	948.672	-1552	
7378292	-64	-16	15568	-3.904	-0.976	949.648	-1536	
7457924	-64	-80	15584	-3.904	-4.880	950.624	-1536	
7537554	-64	-48	15536	-3.904	-2.928	947.696	-1536	
7617182	-48	-112	15600	-2.928	-6.832	951.600	-1520	
7696807	-80	-64	15584	-4.880	-3.904	950.624	-1568	
7776434	-80	-48	15552	-4.880	-2.928	948.672	-1536	
7856062	-96	-48	15520	-5.856	-2.928	946.720	-1568	
7935690	-64	-80	15536	-3.904	-4.880	947.696	-1520	
8015316	-96	-48	15568	-5.856	-2.928	949.648	-1552	
8094943	-112	-32	15568	-6.832	-1.952	949.648	-1584	
8174571	-48	-80	15552	-2.928	-4.880	948.672	-1520	
8254199	-80	-64	15616	-4.880	-3.904	952.576	-1536	
8333822	-80	-96	15520	-4.880	-5.856	946.720	-1520	
8413448	-96	-48	15536	-5.856	-2.928	947.696	-1520	
8493074	-48	-80	15552	-2.928	-4.880	948.672	-1536	
8572700	-64	-48	15584	-3.904	-2.928	950.624	-1568	
8652324	-48	-64	15536	-2.928	-3.904	947.696	-1552	
8731953	-64	-64	15536	-3.904	-3.904	947.696	-1504	
8811574	-96	-48	15536	-5.856	-2.928	947.696	-1520	
8891200	-48	-16	15536	-2.928	-0.976	947.696	-1568	
8970823	-96	-80	15536	-5.856	-4.880	947.696	-1520	
9050449	-80	-32	15552	-4.880	-1.952	948.672	-1568	
9130076	-112	-48	15600	-6.832	-2.928	951.600	-1536	
9209702	-64	-48	15552	-3.904	-2.928	948.672	-1520	
9289325	-80	-48	15584	-4.880	-2.928	950.624	-1488	
9368947	-96	-80	15552	-5.856	-4.880	948.672	-1536	
9448573	-48	-48	15552	-2.928	-2.928	948.672	-1520	
9528202	-64	-32	15584	-3.904	-1.952	950.624	-1488	
9607830	-80	-48	15600	-4.880	-2.928	951.600	-1488	
9687453	-96	-32	15600	-5.856	-1.952	951.600	-1568	
9767082	-64	-64	15584	-3.904	-3.904	950.624	-1568	
9846712	-64	-32	15584	-3.904	-1.952	950.624	-1520	
9926345	-32	-96	15584	-1.952	-5.856	950.624	-1520	
10005972	-64	-64	15536	-3.904	-3.904	947.696	-1488	
10085597	-96	-48	15520	-5.856	-2.928	946.720	-1552	
10165221	-96	-16	15552	-5.856	-0.976	948.672	-1520	
10244844	-64	-80	15552	-3.904	-4.880	948.672	-1520	
10324465	-96	-48	15568	-5.856	-2.928	949.648	-1552	
10404090	-96	0	15616	-5.856	0.000	952.576	-1552	
10483717	-32	-64	15536	-1.952	-3.904	947.696	-1568	
10563345	-64	-80	15536	-3.904	-4.880	947.696	-1552	
10642973	-32	-64	15568	-1.952	-3.904	949.648	-1536	
10722602	-112	-32	15584	-6.832	-1.952	950.624	-1504	
10802226	-96	-64	15584	-5.856	-3.904	950.624	-1552	
10881857	-48	-80	15568	-2.928	-4.880	949.648	-1488	
10961485	-96	-48	15600	-5.856	-2.928	951.600	-1488	
11041112	-32	-112	15552	-1.952	-6.832	948.672	-1552	
11120743	-64	-64	15536	-3.904	-3.904	947.696	-1520	
11200372	-128	-96	15568	-7.808	-5.856	949.648	-1536	
11280003	-48	-48	15552	-2.928	-2.928	948.672	-1568	
11359633	-48	-64	15552	-2.928	-3.904	948.672	-1520	
11439260	-16	-80	15568	-0.976	-4.880	949.648	-1504	
11518889	-64	-32	15584	-3.904	-1.952	950.624	-1520	
11598523	-48	-16	15520	-2.928	-0.976	946.720	-1536	
11678152	-96	-48	15536	-5.856	-2.928	947.696	-1504	
11757779	-96	-48	15600	-5.856	-2.928	951.600	-1504	
11837412	-32	-48	15568	-1.952	-2.928	949.648	-1488	
11917041	-80	-96	15536	-4.880	-5.856	947.696	-1504	
11996666	-64	-96	15584	-3.904	-5.856	950.624	-1520	
12076293	-128	-48	15568	-7.808	-2.928	949.648	-1568	
12155920	-48	-64	15600	-2.928	-3.904	951.600	-1536	
12235546	-80	-32	15584	-4.880	-1.952	950.624	-1504	
12315173	-64	-80	15584	-3.904	-4.880	950.624	-1504	
12394802	-64	-48	15584	-3.904	-2.928	950.624	-1504	
12474431	-48	-80	15584	-2.928	-4.880	950.624	-1520	
12554060	-32	-48	15568	-1.952	-2.928	949.648	-1504	
12633687	-32	-112	15536	-1.952	-6.832	947.696	-1568	
12713319	-96	-16	15600	-5.856	-0.976	951.600	-1504	
12792952	-32	-80	15536	-1.952	-4.880	947.696	-1536	
12872579	-96	-16	15584	-5.856	-0.976	950.624	-1552	
12952205	-96	-64	15584	-5.856	-3.904	950.624	-1520	
13031833	-32	-64	15552	-1.952	-3.904	948.672	-1520	
13111460	-96	-64	15584	-5.856	-3.904	950.624	-1520	
13191086	-80	-64	15584	-4.880	-3.904	950.624	-1520	
13270712	-96	-16	15552	-5.856	-0.976	948.672	-1536	
13350338	-80	-80	15584	-4.880	-4.880	950.624	-1536	
13429966	-80	-48	15536	-4.880	-2.928	947.696	-1536	
13509593	-32	-16	15552	-1.952	-0.976	948.672	-1504	
13589214	-80	-64	15536	-4.880	-3.904	947.696	-1520	
13668840	-80	-48	15568	-4.880	-2.928	949.648	-1536	
13748464	-64	-64	15616	-3.904	-3.904	952.576	-1568	
13828090	-112	-32	15584	-6.832	-1.952	950.624	-1520	
13907713	-64	-80	15584	-3.904	-4.880	950.624	-1520	
13987333	-80	-64	15584	-4.880	-3.904	950.624	-1520	
14066952	-64	-48	15584	-3.904	-2.928	950.624	-1568	
14146572	-32	-64	15536	-1.952	-3.904	947.696	-1536	
14226195	-64	-16	15584	-3.904	-0.976	950.624	-1520	
14305818	-80	-96	15520	-4.880	-5.856	946.720	-1536	
14385444	-80	-64	15584	-4.880	-3.904	950.624	-1552	
14465069	-64	-96	15536	-3.904	-5.856	947.696	-1520	
14544694	-32	-48	15568	-1.952	-2.928	949.648	-1536	
14624321	-48	-48	15520	-2.928	-2.928	946.720	-1504	
14703948	-64	-48	15536	-3.904	-2.928	947.696	-1504	
14783570	-96	-48	15552	-5.856	-2.928	948.672	-1520	
14863193	-80	-64	15600	-4.880	-3.904	951.600	-1504	
14942814	-96	-48	15568	-5.856	-2.928	949.648	-1520	
15022437	-48	-64	15568	-2.928	-3.904	949.648	-1504	
15102055	-96	-64	15584	-5.856	-3.904	950.624	-1520	
15181680	-64	-64	15568	-3.904	-3.904	949.648	-1520	
15261306	-80	-32	15584	-4.880	-1.952	950.624	-1584	
15340932	-64	-32	15568	-3.904	-1.952	949.648	-1520	
15420561	-64	-64	15536	-3.904	-3.904	947.696	-1472	
15500185	-48	-80	15584	-2.928	-4.880	950.624	-1504	
15579810	-80	-48	15568	-4.880	-2.928	949.648	-1536	
15659438	-48	-96	15520	-2.928	-5.856	946.720	-1504	
15739064	-64	-48	15568	-3.904	-2.928	949.648	-1504	
15818687	-96	-32	15552	-5.856	-1.952	948.672	-1488	
15898315	-64	-80	15520	-3.904	-4.880	946.720	-1520	
15977941	-48	-80	15568	-2.928	-4.880	949.648	-1536	
16057567	-48	-32	15568	-2.928	-1.952	949.648	-1520	
16137195	-48	-64	15536	-2.928	-3.904	947.696	-1536	
16216825	-80	-80	15584	-4.880	-4.880	950.624	-1536	
16296455	-48	-80	15584	-2.928	-4.880	950.624	-1520	
16376087	-64	-32	15552	-3.904	-1.952	948.672	-1520	
16455716	-32	-32	15536	-1.952	-1.952	947.696	-1488	
16535340	-80	-64	15584	-4.880	-3.904	950.624	-1488	
16614967	-64	-80	15552	-3.904	-4.880	948.672	-1520	
16694596	-64	-96	15584	-3.904	-5.856	950.624	-1488	
16774223	-64	-80	15568	-3.904	-4.880	949.648	-1536	
16853854	-80	-64	15600	-4.880	-3.904	951.600	-1536	
16933484	-80	-64	15488	-4.880	-3.904	944.768	-1584	
17013114	-64	-16	15552	-3.904	-0.976	948.672	-1520	
17092743	-16	-32	15536	-0.976	-1.952	947.696	-1552	
17172368	-16	-80	15568	-0.976	-4.880	949.648	-1504	
17251994	-64	-80	15600	-3.904	-4.880	951.600	-1520	
17331619	-112	-48	15552	-6.832	-2.928	948.672	-1520	
17411247	-96	-64	15584	-5.856	-3.904	950.624	-1520	
17490872	-80	-80	15552	-4.880	-4.880	948.672	-1552	
17570500	-64	-32	15568	-3.904	-1.952	949.648	-1520	
17650126	-128	-80	15552	-7.808	-4.880	948.672	-1568	
17729753	-48	-112	15536	-2.928	-6.832	947.696	-1552	
17809378	-64	-112	15552	-3.904	-6.832	948.672	-1568	
17889004	-112	-48	15584	-6.832	-2.928	950.624	-1536	
17968628	-64	-48	15568	-3.904	-2.928	949.648	-1536	
18048251	-80	-48	15584	-4.880	-2.928	950.624	-1520	
18127872	-112	-48	15584	-6.832	-2.928	950.624	-1504	
18207499	-64	-32	15552	-3.904	-1.952	948.672	-1536	
18287124	-64	-80	15552	-3.904	-4.880	948.672	-1488	
18366749	-96	-64	15536	-5.856	-3.904	947.696	-1504	
18446378	-64	-96	15536	-3.904	-5.856	947.696	-1568	
18526006	-80	-32	15568	-4.880	-1.952	949.648	-1520	
18605630	-128	-64	15520	-7.808	-3.904	946.720	-1536	
18685253	-80	-64	15552	-4.880	-3.904	948.672	-1584	
18764879	-48	-48	15568	-2.928	-2.928	949.648	-1536	
18844507	-64	-48	15568	-3.904	-2.928	949.648	-1520	
18924134	-48	-48	15568	-2.928	-2.928	949.648	-1536	
19003757	-112	-64	15584	-6.832	-3.904	950.624	-1552	
19083385	-96	-64	15520	-5.856	-3.904	946.720	-1520	
19163010	-64	-32	15584	-3.904	-1.952	950.624	-1536	
19242640	-80	-80	15552	-4.880	-4.880	948.672	-1552	
19322266	-80	-48	15552	-4.880	-2.928	948.672	-1552	
19401891	-64	-48	15552	-3.904	-2.928	948.672	-1552	
19481517	-64	-48	15488	-3.904	-2.928	944.768	-1568	
19561144	-64	-96	15568	-3.904	-5.856	949.648	-1536	
19640773	-128	-96	15568	-7.808	-5.856	949.648	-1536	
19720401	-80	-16	15536	-4.880	-0.976	947.696	-1536	
19800030	-32	-96	15552	-1.952	-5.856	948.672	-1504	
19879657	-128	-32	15568	-7.808	-1.952	949.648	-1520	
19959286	-48	-48	15536	-2.928	-2.928	947.696	-1520	
20038909	-80	-48	15536	-4.880	-2.928	947.696	-1536	
20118540	-32	-96	15584	-1.952	-5.856	950.624	-1520	
20198169	-64	-48	15600	-3.904	-2.928	951.600	-1568	
20277797	-96	-48	15552	-5.856	-2.928	948.672	-1536	
20357425	-80	0	15584	-4.880	0.000	950.624	-1552	
20437053	-96	-48	15568	-5.856	-2.928	949.648	-1536	
20516681	-80	-32	15536	-4.880	-1.952	947.696	-1552	
20596310	-96	-48	15568	-5.856	-2.928	949.648	-1536	
20675934	-96	-64	15568	-5.856	-3.904	949.648	-1504	
20755562	-80	-64	15520	-4.880	-3.904	946.720	-1504	
20835186	-80	-48	15520	-4.880	-2.928	946.720	-1504	
20914812	-64	-64	15552	-3.904	-3.904	948.672	-1520	
20994439	-112	-48	15520	-6.832	-2.928	946.720	-1472	
21074066	-80	-64	15584	-4.880	-3.904	950.624	-1568	
21153693	-48	-16	15536	-2.928	-0.976	947.696	-1552	
21233315	-96	-64	15584	-5.856	-3.904	950.624	-1568	
21312941	-48	-80	15584	-2.928	-4.880	950.624	-1536	
21392565	-112	-80	15568	-6.832	-4.880	949.648	-1536	
21472190	-80	-64	15584	-4.880	-3.904	950.624	-1520	
21551815	-16	-32	15552	-0.976	-1.952	948.672	-1504	
21631441	-80	0	15616	-4.880	0.000	952.576	-1536	
21711065	-80	-48	15568	-4.880	-2.928	949.648	-1504	
21790691	-80	-64	15568	-4.880	-3.904	949.648	-1552	
21870318	-48	-16	15584	-2.928	-0.976	950.624	-1504	
21949942	-48	0	15536	-2.928	0.000	947.696	-1552	
22029566	-64	-48	15584	-3.904	-2.928	950.624	-1552	
22109190	-64	-64	15536	-3.904	-3.904	947.696	-1536	
22188812	-64	-48	15536	-3.904	-2.928	947.696	-1504	
22268436	-48	-64	15600	-2.928	-3.904	951.600	-1520	
22348061	-128	-48	15584	-7.808	-2.928	950.624	-1536	
22427686	-96	-32	15536	-5.856	-1.952	947.696	-1520	
22507312	-32	-32	15552	-1.952	-1.952	948.672	-1504	
22586938	-96	-48	15584	-5.856	-2.928	950.624	-1536	
22666563	-80	-64	15552	-4.880	-3.904	948.672	-1504	
22746187	-64	-48	15552	-3.904	-2.928	948.672	-1520	
22825810	-32	-64	15552	-1.952	-3.904	948.672	-1552	
22905438	-64	-32	15584	-3.904	-1.952	950.624	-1552	
22985066	-64	-64	15568	-3.904	-3.904	949.648	-1600	
23064691	-96	-48	15568	-5.856	-2.928	949.648	-1536	
23144316	-96	-48	15568	-5.856	-2.928	949.648	-1536	
23223944	-48	-48	15552	-2.928	-2.928	948.672	-1552	
23303565	-96	-48	15552	-5.856	-2.928	948.672	-1568	
23383192	-48	-48	15568	-2.928	-2.928	949.648	-1504	
23462819	-80	-64	15552	-4.880	-3.904	948.672	-1552	
23542444	-112	-64	15600	-6.832	-3.904	951.600	-1520	
23622073	-16	-16	15552	-0.976	-0.976	948.672	-1536	
23701702	-80	-64	15584	-4.880	-3.904	950.624	-1536	
23781333	-112	-64	15648	-6.832	-3.904	954.528	-1568	
23860959	-64	-16	15584	-3.904	-0.976	950.624	-1568	
23940587	-96	-80	15536	-5.856	-4.880	947.696	-1536	
24020213	-64	-48	15584	-3.904	-2.928	950.624	-1552	
24099839	-112	-48	15568	-6.832	-2.928	949.648	-1536	
24179469	-32	-64	15552	-1.952	-3.904	948.672	-1536	
24259092	-48	-48	15552	-2.928	-2.928	948.672	-1552	
24338716	-80	-80	15536	-4.880	-4.880	947.696	-1552	
24418340	-32	-64	15584	-1.952	-3.904	950.624	-1584	
24497964	-48	0	15568	-2.928	0.000	949.648	-1488	
24577586	-96	0	15568	-5.856	0.000	949.648	-1552	
24657208	-64	-32	15584	-3.904	-1.952	950.624	-1568	
24736836	-96	-80	15568	-5.856	-4.880	949.648	-1584	
24816464	-64	-48	15520	-3.904	-2.928	946.720	-1552	
24896091	-80	-64	15600	-4.880	-3.904	951.600	-1568	
24975714	-80	-96	15552	-4.880	-5.856	948.672	-1520	
25055339	-80	-80	15568	-4.880	-4.880	949.648	-1552	
25134970	-80	-80	15584	-4.880	-4.880	950.624	-1536	
25214595	-48	-48	15600	-2.928	-2.928	951.600	-1536	
25294226	-32	-64	15552	-1.952	-3.904	948.672	-1568	
25373849	-96	-64	15568	-5.856	-3.904	949.648	-1552	
25453476	-64	0	15584	-3.904	0.000	950.624	-1536	
25533104	-32	-80	15584	-1.952	-4.880	950.624	-1584	
25612733	-80	-80	15584	-4.880	-4.880	950.624	-1552	
25692361	-80	-16	15552	-4.880	-0.976	948.672	-1536	
25771984	-64	-48	15568	-3.904	-2.928	949.648	-1552	
25851610	-80	-32	15552	-4.880	-1.952	948.672	-1536	
25931236	-48	-48	15584	-2.928	-2.928	950.624	-1520	
26010862	-80	-96	15600	-4.880	-5.856	951.600	-1552	
26090489	-80	-32	15584	-4.880	-1.952	950.624	-1568	
26170122	-64	-48	15600	-3.904	-2.928	951.600	-1552	
26249750	-80	-48	15584	-4.880	-2.928	950.624	-1536	
26329373	-96	-64	15552	-5.856	-3.904	948.672	-1536	
26408999	-80	-48	15584	-4.880	-2.928	950.624	-1584	
26488629	-64	-64	15552	-3.904	-3.904	948.672	-1552	
26568261	-64	-64	15616	-3.904	-3.904	952.576	-1552	
26647890	-64	-48	15536	-3.904	-2.928	947.696	-1552	
26727519	-32	-64	15568	-1.952	-3.904	949.648	-1568	
26807149	-96	-80	15568	-5.856	-4.880	949.648	-1536	
26886776	-48	-48	15568	-2.928	-2.928	949.648	-1536	
26966405	-48	-80	15584	-2.928	-4.880	950.624	-1552	
27046032	-48	-64	15584	-2.928	-3.904	950.624	-1520	
27125666	-64	-48	15584	-3.904	-2.928	950.624	-1520	
27205293	-80	-48	15584	-4.880	-2.928	950.624	-1552	
27284923	0	-64	15616	0.000	-3.904	952.576	-1504	
27364548	-96	-80	15552	-5.856	-4.880	948.672	-1504	
27444179	-48	-48	15552	-2.928	-2.928	948.672	-1520	
27523807	-32	-64	15552	-1.952	-3.904	948.672	-1536	
27603439	-48	-48	15568	-2.928	-2.928	949.648	-1520	
27683065	-64	-96	15584	-3.904	-5.856	950.624	-1552	
27762693	-80	-32	15568	-4.880	-1.952	949.648	-1536	
27842321	-64	-80	15632	-3.904	-4.880	953.552	-1520	
27921949	-48	-64	15552	-2.928	-3.904	948.672	-1536	
28001575	-16	-64	15552	-0.976	-3.904	948.672	-1520	
28081204	-80	16	15536	-4.880	0.976	947.696	-1584	
28160829	-16	-32	15616	-0.976	-1.952	952.576	-1552	
28240455	-64	-96	15568	-3.904	-5.856	949.648	-1520	
28320080	-80	-64	15584	-4.880	-3.904	950.624	-1520	
28399710	-48	-64	15552	-2.928	-3.904	948.672	-1552	
28479336	-80	-48	15584	-4.880	-2.928	950.624	-1520	
28558959	-64	-112	15568	-3.904	-6.832	949.648	-1568	
28638585	-112	-80	15584	-6.832	-4.880	950.624	-1520	
28718211	-64	-64	15584	-3.904	-3.904	950.624	-1536	
28797842	-96	-64	15584	-5.856	-3.904	950.624	-1536	
28877467	-80	-80	15584	-4.880	-4.880	950.624	-1536	
28957093	-64	-96	15536	-3.904	-5.856	947.696	-1600	
29036719	-64	-48	15552	-3.904	-2.928	948.672	-1552	
29116344	-32	-80	15584	-1.952	-4.880	950.624	-1520	
29195971	-48	-48	15552	-2.928	-2.928	948.672	-1520	
29275600	-48	-64	15568	-2.928	-3.904	949.648	-1584	
29355229	-16	-48	15584	-0.976	-2.928	950.624	-1536	
29434859	-16	-32	15536	-0.976	-1.952	947.696	-1536	
29514484	-48	-64	15520	-2.928	-3.904	946.720	-1504	
29594107	-64	-128	15568	-3.904	-7.808	949.648	-1552	
29673736	-80	-64	15552	-4.880	-3.904	948.672	-1552	
29753364	-80	-64	15584	-4.880	-3.904	950.624	-1520	
29832993	-96	-80	15584	-5.856	-4.880	950.624	-1552	
29912620	-32	-80	15568	-1.952	-4.880	949.648	-1520	
29992245	-80	-32	15552	-4.880	-1.952	948.672	-1536	
30071871	-32	-32	15584	-1.952	-1.952	950.624	-1568	
30151498	0	-32	15552	0.000	-1.952	948.672	-1552	
30231127	-48	-48	15600	-2.928	-2.928	951.600	-1584	
30310757	-80	-48	15584	-4.880	-2.928	950.624	-1520	
30390384	-64	-48	15568	-3.904	-2.928	949.648	-1536	
30470011	-48	-48	15600	-2.928	-2.928	951.600	-1520	
30549637	-64	-48	15584	-3.904	-2.928	950.624	-1536	
30629263	-48	-80	15584	-2.928	-4.880	950.624	-1552	
30708888	-96	-48	15584	-5.856	-2.928	950.624	-1552	
30788518	-64	-16	15552	-3.904	-0.976	948.672	-1520	
30868142	-96	-32	15536	-5.856	-1.952	947.696	-1536	
30947766	-96	-48	15584	-5.856	-2.928	950.624	-1536	
31027395	-64	-32	15584	-3.904	-1.952	950.624	-1520	
31107027	-64	-64	15552	-3.904	-3.904	948.672	-1552	
31186651	-32	-64	15584	-1.952	-3.904	950.624	-1536	
31266277	-48	-48	15616	-2.928	-2.928	952.576	-1536	
31345907	-64	-80	15584	-3.904	-4.880	950.624	-1536	
31425533	-80	-64	15616	-4.880	-3.904	952.576	-1520	
31505160	-80	-16	15584	-4.880	-0.976	950.624	-1536	
31584789	-48	-32	15568	-2.928	-1.952	949.648	-1536	
31664420	-32	-112	15584	-1.952	-6.832	950.624	-1568	
31744047	-48	-80	15584	-2.928	-4.880	950.624	-1584	
31823676	-16	-64	15568	-0.976	-3.904	949.648	-1552	
31903309	-32	-64	15568	-1.952	-3.904	949.648	-1536	
31982937	-96	-48	15568	-5.856	-2.928	949.648	-1568	
32062564	-32	-64	15552	-1.952	-3.904	948.672	-1520	
32142197	-48	-80	15552	-2.928	-4.880	948.672	-1552	
32221824	-64	-96	15616	-3.904	-5.856	952.576	-1520	
32301448	-32	-64	15568	-1.952	-3.904	949.648	-1488	
32381077	-64	-80	15600	-3.904	-4.880	951.600	-1552	
32460704	-64	-80	15552	-3.904	-4.880	948.672	-1536	
32540332	-96	-48	15600	-5.856	-2.928	951.600	-1568	
32619960	-80	-128	15552	-4.880	-7.808	948.672	-1520	
32699583	-32	-80	15584	-1.952	-4.880	950.624	-1536	
32779208	-80	-80	15584	-4.880	-4.880	950.624	-1552	
32858834	-96	-64	15536	-5.856	-3.904	947.696	-1520	
32938456	-80	-32	15616	-4.880	-1.952	952.576	-1536	
33018080	-80	-16	15584	-4.880	-0.976	950.624	-1520	
33097702	-32	-64	15552	-1.952	-3.904	948.672	-1504	
33177328	-96	-64	15568	-5.856	-3.904	949.648	-1536	
33256954	-80	-48	15568	-4.880	-2.928	949.648	-1520	
33336581	-64	-32	15584	-3.904	-1.952	950.624	-1552	
33416204	-32	-64	15536	-1.952	-3.904	947.696	-1536	
33495831	-96	-64	15600	-5.856	-3.904	951.600	-1488	
33575456	-64	-64	15552	-3.904	-3.904	948.672	-1536	
33655080	-112	0	15552	-6.832	0.000	948.672	-1568	
33734704	-64	-48	15600	-3.904	-2.928	951.600	-1568	
33814329	-32	-32	15584	-1.952	-1.952	950.624	-1552	
33893957	-64	-64	15584	-3.904	-3.904	950.624	-1552	
33973580	-64	-32	15536	-3.904	-1.952	947.696	-1552	
34053205	-64	-32	15584	-3.904	-1.952	950.624	-1536	
34132836	-64	-48	15552	-3.904	-2.928	948.672	-1504	
34212465	-48	-64	15552	-2.928	-3.904	948.672	-1520	
34292092	-96	-80	15584	-5.856	-4.880	950.624	-1552	
34371723	-80	-48	15584	-4.880	-2.928	950.624	-1520	
34451351	-64	-64	15536	-3.904	-3.904	947.696	-1536	
34530981	-80	-48	15584	-4.880	-2.928	950.624	-1568	
34610607	-64	-64	15584	-3.904	-3.904	950.624	-1552	
34690231	-80	-48	15536	-4.880	-2.928	947.696	-1552	
34769860	-64	-48	15552	-3.904	-2.928	948.672	-1536	
34849492	-48	-48	15600	-2.928	-2.928	951.600	-1536	
34929120	-96	-96	15584	-5.856	-5.856	950.624	-1552	
35008752	-64	-112	15584	-3.904	-6.832	950.624	-1536	
35088381	-128	-32	15584	-7.808	-1.952	950.624	-1584	
35168007	-96	-64	15552	-5.856	-3.904	948.672	-1536	
35247633	-80	-64	15584	-4.880	-3.904	950.624	-1552	
35327261	-80	-32	15600	-4.880	-1.952	951.600	-1552	
35406886	-64	-64	15552	-3.904	-3.904	948.672	-1584	
35486513	-48	-48	15568	-2.928	-2.928	949.648	-1536	
35566137	-48	-64	15584	-2.928	-3.904	950.624	-1568	
35645768	-48	-64	15584	-2.928	-3.904	950.624	-1568	
35725395	-112	-32	15584	-6.832	-1.952	950.624	-1520	
35805023	-64	-64	15552	-3.904	-3.904	948.672	-1536	
35884653	-80	-48	15584	-4.880	-2.928	950.624	-1552	
35964280	-64	-96	15536	-3.904	-5.856	947.696	-1520	
36043909	-96	-32	15520	-5.856	-1.952	946.720	-1520	
36123539	-80	-48	15584	-4.880	-2.928	950.624	-1536	
36203166	-64	-32	15536	-3.904	-1.952	947.696	-1520	
36282794	-64	-80	15584	-3.904	-4.880	950.624	-1488	
36362420	-80	-64	15584	-4.880	-3.904	950.624	-1568	
36442045	-64	-48	15536	-3.904	-2.928	947.696	-1584	
36521669	-96	-80	15520	-5.856	-4.880	946.720	-1584	
36601295	-48	-64	15552	-2.928	-3.904	948.672	-1520	
36680923	-96	-48	15584	-5.856	-2.928	950.624	-1536	
36760551	-64	-64	15536	-3.904	-3.904	947.696	-1536	
36840180	-96	-32	15536	-5.856	-1.952	947.696	-1552	
36919808	-48	-112	15520	-2.928	-6.832	946.720	-1536	
36999437	-80	-80	15584	-4.880	-4.880	950.624	-1568	
37079062	-64	-64	15568	-3.904	-3.904	949.648	-1520	
37158688	-48	-80	15584	-2.928	-4.880	950.624	-1488	
37238318	-112	-64	15520	-6.832	-3.904	946.720	-1552	
37317946	-32	-48	15552	-1.952	-2.928	948.672	-1552	
37397572	-80	-32	15584	-4.880	-1.952	950.624	-1552	
37477200	-96	-64	15552	-5.856	-3.904	948.672	-1568	
37556825	-48	-32	15568	-2.928	-1.952	949.648	-1504	
37636455	-80	-32	15552	-4.880	-1.952	948.672	-1536	
37716083	-48	-112	15520	-2.928	-6.832	946.720	-1536	
37795712	-96	-32	15536	-5.856	-1.952	947.696	-1568	
37875339	-48	-16	15568	-2.928	-0.976	949.648	-1536	
37954965	-80	-48	15536	-4.880	-2.928	947.696	-1552	
38034593	-64	-64	15520	-3.904	-3.904	946.720	-1568	
38114220	-80	-48	15568	-4.880	-2.928	949.648	-1520	
38193851	-64	-64	15536	-3.904	-3.904	947.696	-1536	
38273476	-48	-96	15520	-2.928	-5.856	946.720	-1536	
38353104	-64	-32	15632	-3.904	-1.952	953.552	-1536	
38432732	-80	-64	15536	-4.880	-3.904	947.696	-1536	
38512356	-64	-48	15568	-3.904	-2.928	949.648	-1552	
38591984	-80	-48	15552	-4.880	-2.928	948.672	-1520	
38671612	-80	-64	15584	-4.880	-3.904	950.624	-1568	
38751233	-48	-48	15552	-2.928	-2.928	948.672	-1552	
38830857	-96	-80	15552	-5.856	-4.880	948.672	-1520	
38910478	-112	-32	15520	-6.832	-1.952	946.720	-1488	
38990102	-64	-48	15568	-3.904	-2.928	949.648	-1536	
39069725	-48	-32	15552	-2.928	-1.952	948.672	-1552	
39149352	-32	-80	15584	-1.952	-4.880	950.624	-1536	
39228979	-80	-32	15584	-4.880	-1.952	950.624	-1552	
39308606	-64	-96	15520	-3.904	-5.856	946.720	-1568	
39388228	-96	-32	15552	-5.856	-1.952	948.672	-1536	
39467852	-96	-64	15536	-5.856	-3.904	947.696	-1536	
39547479	-96	-48	15584	-5.856	-2.928	950.624	-1520	
39627108	-32	-112	15568	-1.952	-6.832	949.648	-1552	
39706737	-80	-48	15552	-4.880	-2.928	948.672	-1504	
39786364	-32	-80	15584	-1.952	-4.880	950.624	-1536	
39865990	-80	-48	15536	-4.880	-2.928	947.696	-1536	
39945619	-64	-80	15536	-3.904	-4.880	947.696	-1536	
40025248	-112	-64	15568	-6.832	-3.904	949.648	-1520	
40104873	-32	-48	15568	-1.952	-2.928	949.648	-1536	
40184500	-64	-16	15568	-3.904	-0.976	949.648	-1520	
40264126	-80	-32	15584	-4.880	-1.952	950.624	-1568	
40343749	-64	-64	15552	-3.904	-3.904	948.672	-1552	
40423374	-96	-64	15536	-5.856	-3.904	947.696	-1536	
40502998	-80	-48	15520	-4.880	-2.928	946.720	-1520	
40582619	-64	0	15488	-3.904	0.000	944.768	-1568	
40662244	-48	-48	15584	-2.928	-2.928	950.624	-1568	
40741869	-80	-16	15568	-4.880	-0.976	949.648	-1552	
40821497	-64	-64	15584	-3.904	-3.904	950.624	-1504	
40901124	-32	-48	15584	-1.952	-2.928	950.624	-1552	
40980751	-32	-32	15552	-1.952	-1.952	948.672	-1552	
41060373	-64	-112	15552	-3.904	-6.832	948.672	-1520	
41139996	-80	-64	15520	-4.880	-3.904	946.720	-1584	
41219620	-80	-32	15520	-4.880	-1.952	946.720	-1552	
41299248	-80	-32	15520	-4.880	-1.952	946.720	-1552	
41378875	-112	-80	15568	-6.832	-4.880	949.648	-1520	
41458500	-80	-48	15568	-4.880	-2.928	949.648	-1504	
41538126	-80	-16	15600	-4.880	-0.976	951.600	-1552	
41617753	-80	-80	15552	-4.880	-4.880	948.672	-1536	
41697381	-64	-96	15504	-3.904	-5.856	945.744	-1536	
41777008	-80	-80	15536	-4.880	-4.880	947.696	-1536	
41856633	-80	0	15568	-4.880	0.000	949.648	-1552	
41936254	-80	-80	15552	-4.880	-4.880	948.672	-1568	
42015876	-80	-48	15536	-4.880	-2.928	947.696	-1568	
42095501	-80	-80	15600	-4.880	-4.880	951.600	-1568	
42175124	-48	-80	15568	-2.928	-4.880	949.648	-1536	
42254745	-48	-32	15552	-2.928	-1.952	948.672	-1520	
42334372	-16	-80	15568	-0.976	-4.880	949.648	-1536	
42413994	-48	-48	15520	-2.928	-2.928	946.720	-1520	
42493615	-112	-32	15552	-6.832	-1.952	948.672	-1520	
42573234	-32	-48	15584	-1.952	-2.928	950.624	-1536	
42652862	-64	-80	15520	-3.904	-4.880	946.720	-1520	
42732488	-48	-32	15536	-2.928	-1.952	947.696	-1472	
42812113	-112	-80	15552	-6.832	-4.880	948.672	-1584	
42891740	-64	-64	15552	-3.904	-3.904	948.672	-1568	
42971366	-112	-64	15584	-6.832	-3.904	950.624	-1568	
43050990	-112	-48	15520	-6.832	-2.928	946.720	-1536	
43130613	-64	-64	15552	-3.904	-3.904	948.672	-1520	
43210236	-48	-32	15616	-2.928	-1.952	952.576	-1520	
43289857	-32	-64	15584	-1.952	-3.904	950.624	-1568	
43369481	-64	-80	15536	-3.904	-4.880	947.696	-1552	
43449106	-64	-96	15584	-3.904	-5.856	950.624	-1520	
43528730	-80	-64	15584	-4.880	-3.904	950.624	-1520	
43608350	-80	-80	15568	-4.880	-4.880	949.648	-1504	
43687974	-32	-32	15536	-1.952	-1.952	947.696	-1552	
43767600	-96	-48	15584	-5.856	-2.928	950.624	-1600	
43847223	-128	-48	15520	-7.808	-2.928	946.720	-1536	
43926847	-48	-32	15584	-2.928	-1.952	950.624	-1568	
44006470	-48	-16	15584	-2.928	-0.976	950.624	-1568	
44086094	-80	-32	15552	-4.880	-1.952	948.672	-1520	
44165716	-80	-80	15584	-4.880	-4.880	950.624	-1536	
44245338	-48	-48	15536	-2.928	-2.928	947.696	-1552	
44324960	-48	-80	15584	-2.928	-4.880	950.624	-1584	
44404590	-112	-80	15600	-6.832	-4.880	951.600	-1520	
44484216	-32	-64	15584	-1.952	-3.904	950.624	-1568	
44563841	-64	-96	15536	-3.904	-5.856	947.696	-1584	
44643467	-64	-96	15536	-3.904	-5.856	947.696	-1568	
44723092	-96	-96	15536	-5.856	-5.856	947.696	-1536	
44802715	-80	-48	15584	-4.880	-2.928	950.624	-1520	
44882336	-128	-64	15584	-7.808	-3.904	950.624	-1552	
44961956	-96	-48	15584	-5.856	-2.928	950.624	-1568	
45041580	-96	-48	15536	-5.856	-2.928	947.696	-1504	
45121199	-64	-48	15584	-3.904	-2.928	950.624	-1504	
45200823	-112	-48	15536	-6.832	-2.928	947.696	-1536	
45280448	-64	-16	15584	-3.904	-0.976	950.624	-1568	
45360073	-80	-64	15568	-4.880	-3.904	949.648	-1552	
45439698	-64	-64	15584	-3.904	-3.904	950.624	-1536	
45519321	-64	-32	15552	-3.904	-1.952	948.672	-1584	
45598942	-80	-32	15568	-4.880	-1.952	949.648	-1552	
45678564	-112	-96	15584	-6.832	-5.856	950.624	-1584	
45758184	-96	-96	15552	-5.856	-5.856	948.672	-1552	
45837808	-80	-32	15536	-4.880	-1.952	947.696	-1568	
45917435	-64	-16	15584	-3.904	-0.976	950.624	-1552	
45997061	-32	-64	15536	-1.952	-3.904	947.696	-1552	
46076685	-64	-80	15584	-3.904	-4.880	950.624	-1568	
46156312	-32	-64	15568	-1.952	-3.904	949.648	-1584	
46235941	-96	-32	15584	-5.856	-1.952	950.624	-1520	
46315567	-64	-48	15568	-3.904	-2.928	949.648	-1520	
46395195	-64	-48	15568	-3.904	-2.928	949.648	-1520	
46474821	-80	-32	15584	-4.880	-1.952	950.624	-1552	
46554445	-80	-48	15552	-4.880	-2.928	948.672	-1552	
46634071	-48	-16	15584	-2.928	-0.976	950.624	-1584	
46713700	-48	-64	15600	-2.928	-3.904	951.600	-1552	
46793325	-64	-80	15616	-3.904	-4.880	952.576	-1520	
46872947	-80	-32	15600	-4.880	-1.952	951.600	-1584	
46952571	-48	-48	15552	-2.928	-2.928	948.672	-1520	
47032195	-112	-48	15552	-6.832	-2.928	948.672	-1536	
47111822	-64	-48	15520	-3.904	-2.928	946.720	-1520	
47191447	-32	0	15584	-1.952	0.000	950.624	-1520	
47271071	-112	-64	15584	-6.832	-3.904	950.624	-1552	
47350697	-48	-32	15584	-2.928	-1.952	950.624	-1568	
47430321	-96	-48	15584	-5.856	-2.928	950.624	-1552	
47509943	-64	-64	15616	-3.904	-3.904	952.576	-1536	
47589570	-96	-32	15536	-5.856	-1.952	947.696	-1584	
47669200	-80	-48	15552	-4.880	-2.928	948.672	-1568	
47748827	-64	-64	15584	-3.904	-3.904	950.624	-1568	
47828454	-96	-48	15584	-5.856	-2.928	950.624	-1536	
47908079	-48	-80	15552	-2.928	-4.880	948.672	-1584	
47987708	-48	-96	15568	-2.928	-5.856	949.648	-1520	
48067338	-64	-32	15568	-3.904	-1.952	949.648	-1536	
48146962	-64	-48	15536	-3.904	-2.928	947.696	-1552	
48226586	-80	-32	15616	-4.880	-1.952	952.576	-1520	
48306212	-32	-32	15584	-1.952	-1.952	950.624	-1536	
48385833	-64	-64	15584	-3.904	-3.904	950.624	-1536	
48465460	-64	-32	15536	-3.904	-1.952	947.696	-1552	
48545084	-64	-48	15584	-3.904	-2.928	950.624	-1536	
48624713	-80	-48	15552	-4.880	-2.928	948.672	-1504	
48704338	-80	-48	15552	-4.880	-2.928	948.672	-1536	
48783963	-64	-64	15552	-3.904	-3.904	948.672	-1536	
48863588	-80	-128	15600	-4.880	-7.808	951.600	-1568	
48943212	-64	-80	15584	-3.904	-4.880	950.624	-1536	
49022833	-112	-64	15536	-6.832	-3.904	947.696	-1568	
49102455	-80	-48	15584	-4.880	-2.928	950.624	-1536	
49182079	-32	-48	15584	-1.952	-2.928	950.624	-1552	
49261707	-32	-96	15552	-1.952	-5.856	948.672	-1584	
49341335	-80	-64	15584	-4.880	-3.904	950.624	-1504	
49420960	-80	-48	15568	-4.880	-2.928	949.648	-1520	
49500587	-48	-80	15584	-2.928	-4.880	950.624	-1552	
49580211	-48	-48	15600	-2.928	-2.928	951.600	-1520	
49659838	-48	-80	15600	-2.928	-4.880	951.600	-1536	
49739465	-96	-48	15552	-5.856	-2.928	948.672	-1536	
49819089	-80	-16	15584	-4.880	-0.976	950.624	-1536	
49898712	-48	-32	15600	-2.928	-1.952	951.600	-1536	
49978334	-112	-32	15584	-6.832	-1.952	950.624	-1584	
50057961	-64	-64	15616	-3.904	-3.904	952.576	-1536	
50137587	-64	-48	15616	-3.904	-2.928	952.576	-1536	
50217211	-64	-80	15600	-3.904	-4.880	951.600	-1536	
50296835	-48	-48	15584	-2.928	-2.928	950.624	-1520	
50376457	-64	-32	15600	-3.904	-1.952	951.600	-1536	
50456082	-16	-80	15584	-0.976	-4.880	950.624	-1520	
50535706	-128	-32	15584	-7.808	-1.952	950.624	-1504	
50615326	-48	-32	15568	-2.928	-1.952	949.648	-1504	
50694952	-80	-64	15584	-4.880	-3.904	950.624	-1552	
50774572	-80	-48	15616	-4.880	-2.928	952.576	-1536	
50854199	-80	-64	15552	-4.880	-3.904	948.672	-1536	
50933823	-96	-64	15552	-5.856	-3.904	948.672	-1520	
51013445	-64	-16	15584	-3.904	-0.976	950.624	-1536	
51093068	-112	-32	15600	-6.832	-1.952	951.600	-1504	
51172694	-96	-16	15552	-5.856	-0.976	948.672	-1536	
51252316	-48	-80	15536	-2.928	-4.880	947.696	-1488	
51331941	-32	-48	15536	-1.952	-2.928	947.696	-1568	
51411567	-96	-64	15568	-5.856	-3.904	949.648	-1552	
51491191	-64	-16	15568	-3.904	-0.976	949.648	-1584	
51570812	-48	-80	15584	-2.928	-4.880	950.624	-1552	
51650438	-96	-32	15584	-5.856	-1.952	950.624	-1568	
51730062	-80	-64	15568	-4.880	-3.904	949.648	-1520	
51809683	-32	-48	15536	-1.952	-2.928	947.696	-1520	
51889309	-32	-128	15536	-1.952	-7.808	947.696	-1536	
51968937	-96	-64	15568	-5.856	-3.904	949.648	-1536	
52048560	-96	-64	15536	-5.856	-3.904	947.696	-1552	
52128182	-80	-48	15600	-4.880	-2.928	951.600	-1504	
52207810	-64	-64	15584	-3.904	-3.904	950.624	-1520	
52287435	-48	-64	15584	-2.928	-3.904	950.624	-1552	
52367059	-64	-48	15552	-3.904	-2.928	948.672	-1536	
52446678	-96	-96	15552	-5.856	-5.856	948.672	-1568	
52526300	-112	-32	15536	-6.832	-1.952	947.696	-1584	
52605922	-96	-32	15552	-5.856	-1.952	948.672	-1536	
52685543	-48	-48	15568	-2.928	-2.928	949.648	-1520	
52765163	-96	-80	15584	-5.856	-4.880	950.624	-1552	
52844783	-64	-16	15584	-3.904	-0.976	950.624	-1568	
52924405	-80	-32	15584	-4.880	-1.952	950.624	-1504	
53004031	-80	-80	15600	-4.880	-4.880	951.600	-1472	
53083653	-48	-64	15600	-2.928	-3.904	951.600	-1488	
53163276	-48	-16	15568	-2.928	-0.976	949.648	-1568	
53242901	-48	-48	15552	-2.928	-2.928	948.672	-1552	
53322523	-64	-48	15568	-3.904	-2.928	949.648	-1536	
53402144	-48	-64	15600	-2.928	-3.904	951.600	-1536	
53481773	-32	-64	15568	-1.952	-3.904	949.648	-1520	
53561395	-80	-64	15600	-4.880	-3.904	951.600	-1552	
53641012	0	-48	15568	0.000	-2.928	949.648	-1568	
53720629	-48	-48	15584	-2.928	-2.928	950.624	-1520	
53800253	-96	-48	15552	-5.856	-2.928	948.672	-1536	
53879877	-64	-32	15568	-3.904	-1.952	949.648	-1536	
53959497	-80	-48	15616	-4.880	-2.928	952.576	-1552	
54039120	-48	-64	15536	-2.928	-3.904	947.696	-1568	
54118740	-32	-80	15552	-1.952	-4.880	948.672	-1520	
54198361	-64	-32	15600	-3.904	-1.952	951.600	-1536	
54277992	-96	-64	15552	-5.856	-3.904	948.672	-1568	
54357613	-80	-64	15552	-4.880	-3.904	948.672	-1552	
54437241	-64	-48	15584	-3.904	-2.928	950.624	-1536	
54516864	-96	-48	15552	-5.856	-2.928	948.672	-1536	
54596489	-32	0	15568	-1.952	0.000	949.648	-1520	
54676115	-80	-16	15600	-4.880	-0.976	951.600	-1568	
54755740	-80	-80	15584	-4.880	-4.880	950.624	-1584	
54835370	-80	-48	15536	-4.880	-2.928	947.696	-1568	
54914997	-80	-64	15536	-4.880	-3.904	947.696	-1536	
54994623	-224	-128	15984	-13.664	-7.808	975.024	-1536	
55074249	-192	-48	15648	-11.712	-2.928	954.528	-1536	
55153873	-96	-16	15584	-5.856	-0.976	950.624	-1520	
55233498	-80	-48	15568	-4.880	-2.928	949.648	-1520	
55313127	-96	-80	15520	-5.856	-4.880	946.720	-1520	
55392753	-64	-64	15552	-3.904	-3.904	948.672	-1584	
55472378	-48	-64	15552	-2.928	-3.904	948.672	-1520	
55552002	-96	-80	15552	-5.856	-4.880	948.672	-1552	
55631623	-48	-48	15552	-2.928	-2.928	948.672	-1584	
55711248	-80	-64	15584	-4.880	-3.904	950.624	-1520	
55790868	-64	-16	15584	-3.904	-0.976	950.624	-1536	
55870494	-64	-32	15600	-3.904	-1.952	951.600	-1552	
55950114	-80	-64	15616	-4.880	-3.904	952.576	-1520	
56029736	-96	-80	15568	-5.856	-4.880	949.648	-1520	
56109358	-64	-64	15584	-3.904	-3.904	950.624	-1520	
56188983	-16	-64	15600	-0.976	-3.904	951.600	-1504	
56268606	-80	-48	15600	-4.880	-2.928	951.600	-1472	
56348226	-96	-32	15600	-5.856	-1.952	951.600	-1520	
56427850	-64	-64	15520	-3.904	-3.904	946.720	-1520	
56507476	-64	-80	15520	-3.904	-4.880	946.720	-1536	
56587102	-80	-80	15584	-4.880	-4.880	950.624	-1520	
56666726	-96	-32	15584	-5.856	-1.952	950.624	-1552	
56746349	-80	-48	15568	-4.880	-2.928	949.648	-1536	
56825970	-64	-80	15552	-3.904	-4.880	948.672	-1584	
56905593	-80	-80	15600	-4.880	-4.880	951.600	-1504	
56985214	-64	-64	15568	-3.904	-3.904	949.648	-1520	
57064837	-48	-48	15552	-2.928	-2.928	948.672	-1520	
57144461	-32	-80	15584	-1.952	-4.880	950.624	-1536	
57224083	-48	-48	15536	-2.928	-2.928	947.696	-1552	
57303702	-64	-32	15552	-3.904	-1.952	948.672	-1552	
57383322	-32	-128	15584	-1.952	-7.808	950.624	-1536	
57462943	-80	-64	15504	-4.880	-3.904	945.744	-1536	
57542561	-64	-16	15536	-3.904	-0.976	947.696	-1536	
57622184	-64	-64	15600	-3.904	-3.904	951.600	-1504	
57701801	-64	-80	15552	-3.904	-4.880	948.672	-1536	
57781419	-64	-80	15568	-3.904	-4.880	949.648	-1536	
57861038	-32	-48	15552	-1.952	-2.928	948.672	-1488	
57940654	-64	-48	15584	-3.904	-2.928	950.624	-1520	
58020275	-112	-80	15600	-6.832	-4.880	951.600	-1552	
58099895	-64	-48	15552	-3.904	-2.928	948.672	-1584	
58179516	-112	-48	15600	-6.832	-2.928	951.600	-1536	
58259138	-48	-80	15600	-2.928	-4.880	951.600	-1504	
58338760	-80	-48	15584	-4.880	-2.928	950.624	-1520	
58418383	-112	-48	15552	-6.832	-2.928	948.672	-1552	
58498007	-80	-32	15584	-4.880	-1.952	950.624	-1504	
58577634	-32	-64	15552	-1.952	-3.904	948.672	-1504	
58657259	-80	-48	15552	-4.880	-2.928	948.672	-1488	
58736887	-80	-64	15584	-4.880	-3.904	950.624	-1488	
58816513	-64	-64	15568	-3.904	-3.904	949.648	-1536	
58896134	-64	-16	15536	-3.904	-0.976	947.696	-1568	
58975760	-80	-48	15584	-4.880	-2.928	950.624	-1552	
59055386	-80	-16	15568	-4.880	-0.976	949.648	-1536	
59135014	-80	-48	15552	-4.880	-2.928	948.672	-1536	
59214642	-64	-48	15552	-3.904	-2.928	948.672	-1536	
59294269	-32	-48	15552	-1.952	-2.928	948.672	-1504	
59373893	-32	-64	15552	-1.952	-3.904	948.672	-1536	
59453514	-112	-96	15600	-6.832	-5.856	951.600	-1536	
59533144	-32	-32	15552	-1.952	-1.952	948.672	-1584	
59612769	-64	-64	15584	-3.904	-3.904	950.624	-1504	
59692392	-32	-80	15568	-1.952	-4.880	949.648	-1568	
59772015	-96	-96	15568	-5.856	-5.856	949.648	-1536	
59851640	-96	-80	15616	-5.856	-4.880	952.576	-1536	
59931262	-112	-32	15536	-6.832	-1.952	947.696	-1552	
60010883	-32	-48	15600	-1.952	-2.928	951.600	-1568	
60090506	64	-144	15488	3.904	-8.784	944.768	-1504	
