Timestamp [us]	A_X [LSB]	A_Y [LSB]	A_Z [LSB]	A_X [mg]	A_Y [mg]	A_Z [mg]	QVAR [LSB]	
52658	-48	-80	15552	-2.928	-4.880	948.672	-1504	
132286	-80	-32	15584	-4.880	-1.952	950.624	-1552	
211917	-64	-48	15568	-3.904	-2.928	949.648	-1536	
291547	-64	-32	15536	-3.904	-1.952	947.696	-1536	
371174	-32	-48	15600	-1.952	-2.928	951.600	-1536	
450805	-80	-16	15584	-4.880	-0.976	950.624	-1536	
530437	-16	-48	15536	-0.976	-2.928	947.696	-1488	
610066	-48	-32	15552	-2.928	-1.952	948.672	-1536	
689693	-80	-96	15520	-4.880	-5.856	946.720	-1552	
769325	-48	-96	15552	-2.928	-5.856	948.672	-1536	
848953	-48	-48	15552	-2.928	-2.928	948.672	-1536	
928583	-80	-32	15536	-4.880	-1.952	947.696	-1520	
1008213	-48	-48	15536	-2.928	-2.928	947.696	-1552	
1087842	-96	-32	15536	-5.856	-1.952	947.696	-1504	
1167467	-48	-48	15568	-2.928	-2.928	949.648	-1552	
1247098	-48	-32	15568	-2.928	-1.952	949.648	-1552	
1326725	-80	-80	15552	-4.880	-4.880	948.672	-1536	
1406351	-48	-80	15584	-2.928	-4.880	950.624	-1552	
1485978	-80	-80	15536	-4.880	-4.880	947.696	-1552	
1565606	-80	-32	15552	-4.880	-1.952	948.672	-1552	
1645236	-80	-48	15552	-4.880	-2.928	948.672	-1552	
1724866	-96	-32	15536	-5.856	-1.952	947.696	-1584	
1804492	-48	-64	15584	-2.928	-3.904	950.624	-1536	
1884127	-80	-48	15584	-4.880	-2.928	950.624	-1520	
1963754	-64	-64	15600	-3.904	-3.904	951.600	-1520	
2043381	-64	-112	15584	-3.904	-6.832	950.624	-1520	
2123008	-48	-96	15552	-2.928	-5.856	948.672	-1536	
2202634	-32	-32	15584	-1.952	-1.952	950.624	-1520	
2282262	-80	-48	15584	-4.880	-2.928	950.624	-1536	
2361885	-112	-16	15536	-6.832	-0.976	947.696	-1552	
2441507	-112	-64	15520	-6.832	-3.904	946.720	-1536	
2521135	-64	-32	15520	-3.904	-1.952	946.720	-1488	
2600757	-80	-48	15568	-4.880	-2.928	949.648	-1552	
2680383	-64	-64	15552	-3.904	-3.904	948.672	-1568	
2760007	-64	-32	15536	-3.904	-1.952	947.696	-1568	
2839629	-80	-48	15616	-4.880	-2.928	952.576	-1568	
2919254	-64	-48	15536	-3.904	-2.928	947.696	-1552	
2998878	-80	-32	15584	-4.880	-1.952	950.624	-1552	
3078504	-32	-48	15504	-1.952	-2.928	945.744	-1584	
3158132	-64	-80	15552	-3.904	-4.880	948.672	-1504	
3237756	-64	0	15536	-3.904	0.000	947.696	-1536	
3317383	-48	0	15552	-2.928	0.000	948.672	-1552	
3397006	-48	-16	15584	-2.928	-0.976	950.624	-1536	
3476628	-112	-64	15568	-6.832	-3.904	949.648	-1520	
3556252	-112	-64	15536	-6.832	-3.904	947.696	-1552	
3635881	-112	-32	15552	-6.832	-1.952	948.672	-1584	
3715507	-48	-80	15552	-2.928	-4.880	948.672	-1600	
3795133	-32	-80	15600	-1.952	-4.880	951.600	-1536	
3874759	-112	-16	15552	-6.832	-0.976	948.672	-1520	
3954387	-64	-96	15584	-3.904	-5.856	950.624	-1536	
4034014	-64	-32	15536	-3.904	-1.952	947.696	-1568	
4113636	-32	-64	15584	-1.952	-3.904	950.624	-1536	
4193255	-112	-64	15552	-6.832	-3.904	948.672	-1520	
4272873	-16	-32	15568	-0.976	-1.952	949.648	-1536	
4352495	-32	-64	15520	-1.952	-3.904	946.720	-1552	
4432116	-48	-80	15584	-2.928	-4.880	950.624	-1536	
4511742	-112	-64	15600	-6.832	-3.904	951.600	-1536	
4591362	-32	-32	15600	-1.952	-1.952	951.600	-1552	
4670985	-64	-64	15584	-3.904	-3.904	950.624	-1552	
4750608	-80	-48	15536	-4.880	-2.928	947.696	-1536	
4830231	-48	-48	15600	-2.928	-2.928	951.600	-1536	
4909850	-80	-48	15552	-4.880	-2.928	948.672	-1536	
4989469	-112	-48	15584	-6.832	-2.928	950.624	-1552	
5069092	-80	-32	15536	-4.880	-1.952	947.696	-1472	
5148716	-64	-80	15552	-3.904	-4.880	948.672	-1536	
5228338	-80	-16	15584	-4.880	-0.976	950.624	-1568	
5307963	-32	-32	15584	-1.952	-1.952	950.624	-1568	
5387580	-96	-64	15584	-5.856	-3.904	950.624	-1552	
5467201	-80	-64	15600	-4.880	-3.904	951.600	-1552	
5546822	-80	-32	15536	-4.880	-1.952	947.696	-1536	
5626444	-48	-32	15584	-2.928	-1.952	950.624	-1520	
5706068	-64	-48	15520	-3.904	-2.928	946.720	-1520	
5785688	-96	-32	15568	-5.856	-1.952	949.648	-1520	
5865307	-16	-64	15520	-0.976	-3.904	946.720	-1552	
5944925	-128	-64	15536	-7.808	-3.904	947.696	-1552	
6024549	-80	-48	15600	-4.880	-2.928	951.600	-1536	
6104173	-64	-80	15568	-3.904	-4.880	949.648	-1552	
6183797	-48	-80	15584	-2.928	-4.880	950.624	-1568	
6263420	-48	-64	15568	-2.928	-3.904	949.648	-1536	
6343044	-96	-64	15536	-5.856	-3.904	947.696	-1552	
6422666	-80	-48	15584	-4.880	-2.928	950.624	-1536	
6502292	-48	-16	15520	-2.928	-0.976	946.720	-1552	
6581921	-80	-48	15536	-4.880	-2.928	947.696	-1568	
6661546	-112	-64	15600	-6.832	-3.904	951.600	-1552	
6741171	-48	-48	15584	-2.928	-2.928	950.624	-1584	
6820800	-80	-64	15600	-4.880	-3.904	951.600	-1520	
6900425	-80	-64	15568	-4.880	-3.904	949.648	-1552	
6980053	-32	-48	15552	-1.952	-2.928	948.672	-1568	
7059681	-64	-16	15536	-3.904	-0.976	947.696	-1552	
7139304	-96	-48	15584	-5.856	-2.928	950.624	-1536	
7218926	-80	-64	15584	-4.880	-3.904	950.624	-1536	
7298552	-48	-64	15600	-2.928	-3.904	951.600	-1552	
7378177	-48	-80	15568	-2.928	-4.880	949.648	-1504	
7457801	-80	-96	15584	-4.880	-5.856	950.624	-1520	
7537426	-80	-32	15552	-4.880	-1.952	948.672	-1536	
7617049	-64	-64	15536	-3.904	-3.904	947.696	-1568	
7696675	-80	-48	15552	-4.880	-2.928	948.672	-1536	
7776302	-48	-80	15600	-2.928	-4.880	951.600	-1552	
7855930	-64	-64	15552	-3.904	-3.904	948.672	-1568	
7935555	-64	-48	15536	-3.904	-2.928	947.696	-1520	
8015177	-32	-32	15552	-1.952	-1.952	948.672	-1568	
8094798	-80	-64	15536	-4.880	-3.904	947.696	-1568	
8174421	-80	-64	15584	-4.880	-3.904	950.624	-1536	
8254046	-80	-48	15616	-4.880	-2.928	952.576	-1536	
8333671	-64	-80	15552	-3.904	-4.880	948.672	-1536	
8413297	-64	0	15616	-3.904	0.000	952.576	-1568	
8492922	-80	-80	15520	-4.880	-4.880	946.720	-1536	
8572544	-32	-48	15584	-1.952	-2.928	950.624	-1536	
8652164	-80	-48	15584	-4.880	-2.928	950.624	-1584	
8731787	-80	-64	15536	-4.880	-3.904	947.696	-1536	
8811409	-48	-32	15552	-2.928	-1.952	948.672	-1536	
8891031	-96	-64	15600	-5.856	-3.904	951.600	-1536	
8970654	-32	-64	15568	-1.952	-3.904	949.648	-1552	
9050279	-64	-80	15552	-3.904	-4.880	948.672	-1536	
9129907	-48	-80	15584	-2.928	-4.880	950.624	-1504	
9209532	-64	-80	15552	-3.904	-4.880	948.672	-1552	
9289158	-64	-80	15536	-3.904	-4.880	947.696	-1536	
9368783	-48	-64	15584	-2.928	-3.904	950.624	-1536	
9448408	-80	-48	15584	-4.880	-2.928	950.624	-1552	
9528031	-80	-32	15552	-4.880	-1.952	948.672	-1568	
9607653	-80	-16	15568	-4.880	-0.976	949.648	-1520	
9687276	-48	-80	15568	-2.928	-4.880	949.648	-1520	
9766899	-32	-32	15584	-1.952	-1.952	950.624	-1584	
9846524	-96	-64	15600	-5.856	-3.904	951.600	-1536	
9926150	-80	-48	15584	-4.880	-2.928	950.624	-1552	
10005776	-16	-48	15584	-0.976	-2.928	950.624	-1536	
10085401	-80	-64	15552	-4.880	-3.904	948.672	-1504	
10165029	-64	-96	15520	-3.904	-5.856	946.720	-1568	
10244654	-64	-80	15616	-3.904	-4.880	952.576	-1600	
10324279	-96	-32	15568	-5.856	-1.952	949.648	-1552	
10403906	-32	-80	15584	-1.952	-4.880	950.624	-1520	
10483532	-48	-80	15600	-2.928	-4.880	951.600	-1520	
10563159	-96	-48	15536	-5.856	-2.928	947.696	-1552	
10642786	-48	0	15552	-2.928	0.000	948.672	-1536	
10722413	-96	-32	15584	-5.856	-1.952	950.624	-1536	
10802038	-64	-80	15584	-3.904	-4.880	950.624	-1568	
10881663	-64	-64	15616	-3.904	-3.904	952.576	-1536	
10961290	-64	-48	15600	-3.904	-2.928	951.600	-1472	
11040926	-96	-48	15584	-5.856	-2.928	950.624	-1552	
11120553	-48	-64	15584	-2.928	-3.904	950.624	-1584	
11200182	-112	-48	15552	-6.832	-2.928	948.672	-1600	
11279809	-48	-48	15552	-2.928	-2.928	948.672	-1568	
11359432	-64	-32	15584	-3.904	-1.952	950.624	-1568	
11439062	-80	-80	15584	-4.880	-4.880	950.624	-1536	
11518688	-64	-64	15584	-3.904	-3.904	950.624	-1536	
11598319	-80	-80	15552	-4.880	-4.880	948.672	-1536	
11677948	-32	-64	15568	-1.952	-3.904	949.648	-1536	
11757573	-48	-112	15552	-2.928	-6.832	948.672	-1536	
11837203	-32	-32	15568	-1.952	-1.952	949.648	-1552	
11916831	-64	-80	15600	-3.904	-4.880	951.600	-1520	
11996461	-96	-64	15616	-5.856	-3.904	952.576	-1584	
12076087	-48	-16	15584	-2.928	-0.976	950.624	-1600	
12155712	-64	-64	15584	-3.904	-3.904	950.624	-1536	
12235337	-48	-64	15568	-2.928	-3.904	949.648	-1520	
12314966	-144	-48	15616	-8.784	-2.928	952.576	-1520	
12394592	-48	-48	15584	-2.928	-2.928	950.624	-1520	
12474219	-64	-64	15552	-3.904	-3.904	948.672	-1568	
12553847	-112	-64	15552	-6.832	-3.904	948.672	-1520	
12633478	-80	-16	15600	-4.880	-0.976	951.600	-1520	
12713106	-64	-48	15568	-3.904	-2.928	949.648	-1552	
12792735	-112	-64	15600	-6.832	-3.904	951.600	-1552	
12872364	-96	-96	15552	-5.856	-5.856	948.672	-1536	
12951987	-48	-48	15552	-2.928	-2.928	948.672	-1568	
13031611	-80	-48	15584	-4.880	-2.928	950.624	-1552	
13111233	-96	0	15520	-5.856	0.000	946.720	-1504	
13190855	-48	-64	15536	-2.928	-3.904	947.696	-1552	
13270478	-80	-64	15616	-4.880	-3.904	952.576	-1536	
13350103	-64	-32	15584	-3.904	-1.952	950.624	-1568	
13429726	-96	-32	15568	-5.856	-1.952	949.648	-1568	
13509352	-48	-32	15584	-2.928	-1.952	950.624	-1552	
13588977	-96	-48	15584	-5.856	-2.928	950.624	-1600	
13668603	-64	-80	15552	-3.904	-4.880	948.672	-1520	
13748233	-96	-64	15584	-5.856	-3.904	950.624	-1520	
13827863	-96	-32	15600	-5.856	-1.952	951.600	-1520	
13907489	-80	-64	15584	-4.880	-3.904	950.624	-1568	
13987118	-80	-96	15584	-4.880	-5.856	950.624	-1536	
14066746	-80	-48	15584	-4.880	-2.928	950.624	-1552	
14146371	-80	-80	15600	-4.880	-4.880	951.600	-1568	
14225997	-64	-16	15584	-3.904	-0.976	950.624	-1552	
14305623	-48	-64	15600	-2.928	-3.904	951.600	-1520	
14385248	-64	-80	15552	-3.904	-4.880	948.672	-1568	
14464874	-80	-80	15504	-4.880	-4.880	945.744	-1584	
14544500	-32	-64	15552	-1.952	-3.904	948.672	-1536	
14624121	-64	-48	15584	-3.904	-2.928	950.624	-1584	
14703748	-16	-80	15584	-0.976	-4.880	950.624	-1552	
14783375	-64	-32	15552	-3.904	-1.952	948.672	-1536	
14863001	-96	-48	15552	-5.856	-2.928	948.672	-1552	
14942627	-64	-48	15552	-3.904	-2.928	948.672	-1520	
15022253	-64	-16	15584	-3.904	-0.976	950.624	-1552	
15101880	-48	-64	15552	-2.928	-3.904	948.672	-1552	
15181506	-80	-80	15552	-4.880	-4.880	948.672	-1552	
15261135	-96	-80	15584	-5.856	-4.880	950.624	-1568	
15340765	-48	-32	15568	-2.928	-1.952	949.648	-1568	
15420391	-64	-96	15584	-3.904	-5.856	950.624	-1536	
15500020	-48	-64	15584	-2.928	-3.904	950.624	-1536	
15579647	-80	-32	15584	-4.880	-1.952	950.624	-1552	
15659276	-96	-64	15552	-5.856	-3.904	948.672	-1552	
15738903	-112	-48	15584	-6.832	-2.928	950.624	-1568	
15818525	-80	0	15568	-4.880	0.000	949.648	-1520	
15898148	-80	-64	15552	-4.880	-3.904	948.672	-1536	
15977769	-64	-48	15600	-3.904	-2.928	951.600	-1552	
16057395	-64	-96	15536	-3.904	-5.856	947.696	-1568	
16137017	-80	-64	15568	-4.880	-3.904	949.648	-1616	
16216638	-80	-48	15552	-4.880	-2.928	948.672	-1568	
16296261	-64	-64	15552	-3.904	-3.904	948.672	-1520	
16375889	-64	-48	15584	-3.904	-2.928	950.624	-1568	
16455512	-48	-32	15600	-2.928	-1.952	951.600	-1536	
16535140	-32	-112	15616	-1.952	-6.832	952.576	-1568	
16614768	-80	-112	15552	-4.880	-6.832	948.672	-1552	
16694400	-32	-16	15600	-1.952	-0.976	951.600	-1536	
16774028	-64	-64	15536	-3.904	-3.904	947.696	-1568	
16853657	-16	-96	15584	-0.976	-5.856	950.624	-1552	
16933281	-64	-64	15584	-3.904	-3.904	950.624	-1568	
17012912	-80	-96	15584	-4.880	-5.856	950.624	-1552	
17092536	-80	-48	15584	-4.880	-2.928	950.624	-1552	
17172159	-96	-64	15552	-5.856	-3.904	948.672	-1520	
17251784	-48	-48	15568	-2.928	-2.928	949.648	-1552	
17331412	-64	-64	15584	-3.904	-3.904	950.624	-1552	
17411038	-80	-48	15568	-4.880	-2.928	949.648	-1584	
17490663	-80	-80	15568	-4.880	-4.880	949.648	-1536	
17570290	-16	-16	15584	-0.976	-0.976	950.624	-1568	
17649916	-80	-48	15616	-4.880	-2.928	952.576	-1584	
17729543	-48	-64	15552	-2.928	-3.904	948.672	-1552	
17809166	-64	-64	15584	-3.904	-3.904	950.624	-1520	
17888789	-48	-16	15584	-2.928	-0.976	950.624	-1568	
17968412	-48	-64	15584	-2.928	-3.904	950.624	-1520	
18048032	-32	-64	15584	-1.952	-3.904	950.624	-1536	
18127651	-64	-48	15552	-3.904	-2.928	948.672	-1536	
18207271	-96	-32	15584	-5.856	-1.952	950.624	-1536	
18286892	-64	-64	15536	-3.904	-3.904	947.696	-1520	
18366511	-96	-48	15584	-5.856	-2.928	950.624	-1520	
18446135	-64	-48	15600	-3.904	-2.928	951.600	-1552	
18525760	-160	-80	15520	-9.760	-4.880	946.720	-1568	
18605390	-96	-80	15584	-5.856	-4.880	950.624	-1552	
18685013	-80	-48	15600	-4.880	-2.928	951.600	-1536	
18764635	-64	-96	15600	-3.904	-5.856	951.600	-1520	
18844260	-80	-64	15520	-4.880	-3.904	946.720	-1536	
18923887	-80	-32	15536	-4.880	-1.952	947.696	-1520	
19003515	-16	-80	15584	-0.976	-4.880	950.624	-1536	
19083141	-48	-48	15584	-2.928	-2.928	950.624	-1552	
19162768	-160	-64	15552	-9.760	-3.904	948.672	-1536	
19242396	-64	-80	15520	-3.904	-4.880	946.720	-1568	
19322023	-48	-32	15584	-2.928	-1.952	950.624	-1568	
19401653	-80	-64	15552	-4.880	-3.904	948.672	-1600	
19481282	-48	-32	15536	-2.928	-1.952	947.696	-1568	
19560907	-112	-80	15568	-6.832	-4.880	949.648	-1552	
19640533	-64	-64	15600	-3.904	-3.904	951.600	-1552	
19720154	-16	0	15520	-0.976	0.000	946.720	-1536	
19799777	-80	-64	15552	-4.880	-3.904	948.672	-1536	
19879398	-64	-64	15552	-3.904	-3.904	948.672	-1552	
19959022	-80	-64	15600	-4.880	-3.904	951.600	-1568	
20038641	-48	-64	15600	-2.928	-3.904	951.600	-1520	
20118268	-32	-48	15552	-1.952	-2.928	948.672	-1504	
20197892	-48	0	15536	-2.928	0.000	947.696	-1552	
20277521	-112	-32	15584	-6.832	-1.952	950.624	-1600	
20357140	-80	-64	15568	-4.880	-3.904	949.648	-1536	
20436762	48	-64	15552	2.928	-3.904	948.672	-1520	
20516390	-64	-48	15536	-3.904	-2.928	947.696	-1536	
20596012	-32	-64	15552	-1.952	-3.904	948.672	-1520	
20675636	-288	-128	15712	-17.568	-7.808	958.432	-1552	
20755267	-160	-48	15552	-9.760	-2.928	948.672	-1504	
20834892	-96	-48	15552	-5.856	-2.928	948.672	-1568	
20914517	-48	-48	15584	-2.928	-2.928	950.624	-1584	
20994139	-64	-96	15584	-3.904	-5.856	950.624	-1520	
21073759	-48	-48	15584	-2.928	-2.928	950.624	-1568	
21153384	-96	-64	15536	-5.856	-3.904	947.696	-1616	
21233009	-80	-48	15552	-4.880	-2.928	948.672	-1568	
21312636	-112	-48	15520	-6.832	-2.928	946.720	-1552	
21392260	-48	-64	15536	-2.928	-3.904	947.696	-1568	
21471884	-64	-32	15536	-3.904	-1.952	947.696	-1536	
21551513	-64	-48	15600	-3.904	-2.928	951.600	-1584	
21631138	-96	-80	15552	-5.856	-4.880	948.672	-1568	
21710759	-64	-64	15568	-3.904	-3.904	949.648	-1552	
21790385	-80	-80	15600	-4.880	-4.880	951.600	-1520	
21870012	-48	-96	15584	-2.928	-5.856	950.624	-1584	
21949636	-80	-48	15536	-4.880	-2.928	947.696	-1552	
22029261	-48	-32	15520	-2.928	-1.952	946.720	-1552	
22108883	-64	-64	15536	-3.904	-3.904	947.696	-1552	
22188506	-48	-96	15552	-2.928	-5.856	948.672	-1568	
22268129	-32	-96	15552	-1.952	-5.856	948.672	-1552	
22347752	-80	-64	15552	-4.880	-3.904	948.672	-1552	
22427372	-80	-80	15584	-4.880	-4.880	950.624	-1536	
22506995	-64	-64	15552	-3.904	-3.904	948.672	-1536	
22586617	-64	-64	15520	-3.904	-3.904	946.720	-1520	
22666241	-80	-80	15584	-4.880	-4.880	950.624	-1552	
22745862	-80	-32	15568	-4.880	-1.952	949.648	-1584	
22825481	-80	-32	15600	-4.880	-1.952	951.600	-1568	
22905107	-80	-64	15584	-4.880	-3.904	950.624	-1568	
22984730	-80	-32	15584	-4.880	-1.952	950.624	-1552	
23064356	-80	-96	15520	-4.880	-5.856	946.720	-1568	
23143983	-32	-64	15584	-1.952	-3.904	950.624	-1568	
23223604	-48	-48	15552	-2.928	-2.928	948.672	-1552	
23303225	32	-64	15600	1.952	-3.904	951.600	-1536	
23382850	-80	-80	15616	-4.880	-4.880	952.576	-1536	
23462470	-32	-112	15584	-1.952	-6.832	950.624	-1536	
23542095	-48	-32	15552	-2.928	-1.952	948.672	-1536	
23621718	-96	0	15584	-5.856	0.000	950.624	-1584	
23701340	-80	-80	15536	-4.880	-4.880	947.696	-1536	
23780961	-80	-80	15600	-4.880	-4.880	951.600	-1568	
23860577	-80	-16	15584	-4.880	-0.976	950.624	-1504	
23940199	-48	-64	15584	-2.928	-3.904	950.624	-1568	
24019825	-48	-64	15584	-2.928	-3.904	950.624	-1552	
24099453	-48	-32	15520	-2.928	-1.952	946.720	-1536	
24179076	-80	-64	15584	-4.880	-3.904	950.624	-1520	
24258700	-64	-64	15600	-3.904	-3.904	951.600	-1536	
24338327	-32	-80	15600	-1.952	-4.880	951.600	-1520	
24417953	-32	-48	15584	-1.952	-2.928	950.624	-1552	
24497578	-64	-48	15584	-3.904	-2.928	950.624	-1584	
24577204	-48	-48	15584	-2.928	-2.928	950.624	-1568	
24656828	-80	-80	15568	-4.880	-4.880	949.648	-1536	
24736452	-80	-48	15584	-4.880	-2.928	950.624	-1552	
24816081	-64	-48	15552	-3.904	-2.928	948.672	-1552	
24895712	-80	-64	15584	-4.880	-3.904	950.624	-1536	
24975337	-48	-48	15568	-2.928	-2.928	949.648	-1520	
25054959	-64	-16	15568	-3.904	-0.976	949.648	-1568	
25134584	-48	-96	15584	-2.928	-5.856	950.624	-1520	
25214213	-16	-48	15584	-0.976	-2.928	950.624	-1488	
25293839	-32	-48	15568	-1.952	-2.928	949.648	-1536	
25373466	-96	-48	15584	-5.856	-2.928	950.624	-1552	
25453091	-80	-16	15520	-4.880	-0.976	946.720	-1552	
25532716	-64	-48	15552	-3.904	-2.928	948.672	-1536	
25612340	-64	-32	15584	-3.904	-1.952	950.624	-1552	
25691964	-32	-96	15536	-1.952	-5.856	947.696	-1552	
25771588	-96	-48	15552	-5.856	-2.928	948.672	-1552	
25851213	-64	-48	15616	-3.904	-2.928	952.576	-1568	
25930836	0	-64	15520	0.000	-3.904	946.720	-1568	
26010459	-272	0	15776	-16.592	0.000	962.336	-1504	
26090085	-128	-64	15536	-7.808	-3.904	947.696	-1552	
26169708	-96	-80	15600	-5.856	-4.880	951.600	-1600	
26249333	-224	-32	15600	-13.664	-1.952	951.600	-1568	
26328956	-80	-64	15584	-4.880	-3.904	950.624	-1552	
26408576	-64	-80	15584	-3.904	-4.880	950.624	-1536	
26488198	-80	-32	15552	-4.880	-1.952	948.672	-1536	
26567822	-112	-80	15584	-6.832	-4.880	950.624	-1520	
26647448	-80	-16	15552	-4.880	-0.976	948.672	-1552	
26727074	-80	-32	15520	-4.880	-1.952	946.720	-1552	
26806704	-112	-48	15552	-6.832	-2.928	948.672	-1520	
26886329	-96	-48	15584	-5.856	-2.928	950.624	-1568	
26965955	-48	-64	15568	-2.928	-3.904	949.648	-1584	
27045582	-112	-48	15568	-6.832	-2.928	949.648	-1600	
27125206	-32	-80	15536	-1.952	-4.880	947.696	-1520	
27204833	-48	-16	15552	-2.928	-0.976	948.672	-1568	
27284458	-96	-80	15552	-5.856	-4.880	948.672	-1536	
27364080	-48	-48	15584	-2.928	-2.928	950.624	-1520	
27443707	-80	-16	15584	-4.880	-0.976	950.624	-1552	
27523331	-48	-64	15584	-2.928	-3.904	950.624	-1536	
27602959	-48	-48	15552	-2.928	-2.928	948.672	-1504	
27682586	-80	-80	15632	-4.880	-4.880	953.552	-1520	
27762212	-64	-64	15584	-3.904	-3.904	950.624	-1568	
27841840	-80	-80	15536	-4.880	-4.880	947.696	-1568	
27921464	-96	-80	15520	-5.856	-4.880	946.720	-1552	
28001085	-48	-96	15552	-2.928	-5.856	948.672	-1552	
28080708	0	-96	15552	0.000	-5.856	948.672	-1568	
28160331	-80	-32	15600	-4.880	-1.952	951.600	-1536	
28239958	-48	-112	15568	-2.928	-6.832	949.648	-1552	
28319581	-48	-16	15584	-2.928	-0.976	950.624	-1568	
28399204	-48	-48	15488	-2.928	-2.928	944.768	-1536	
28478827	-80	-48	15568	-4.880	-2.928	949.648	-1520	
28558449	-112	-96	15616	-6.832	-5.856	952.576	-1520	
28638070	-96	-32	15584	-5.856	-1.952	950.624	-1520	
28717691	-96	-96	15568	-5.856	-5.856	949.648	-1552	
28797315	-128	-64	15552	-7.808	-3.904	948.672	-1568	
28876939	-80	-32	15536	-4.880	-1.952	947.696	-1536	
28956564	-112	-64	15584	-6.832	-3.904	950.624	-1552	
29036193	-48	-80	15584	-2.928	-4.880	950.624	-1552	
29115822	-64	-64	15520	-3.904	-3.904	946.720	-1552	
29195448	-32	-16	15584	-1.952	-0.976	950.624	-1520	
29275069	-96	-32	15520	-5.856	-1.952	946.720	-1520	
29354692	-80	-64	15536	-4.880	-3.904	947.696	-1552	
29434319	-80	-96	15552	-4.880	-5.856	948.672	-1536	
29513952	-64	-48	15536	-3.904	-2.928	947.696	-1568	
29593580	-48	-48	15536	-2.928	-2.928	947.696	-1520	
29673207	-80	-64	15584	-4.880	-3.904	950.624	-1584	
29752832	-80	-64	15600	-4.880	-3.904	951.600	-1552	
29832462	16	-32	15552	0.976	-1.952	948.672	-1568	
29912087	-32	-64	15552	-1.952	-3.904	948.672	-1536	
29991714	-96	-48	15536	-5.856	-2.928	947.696	-1520	
30071339	-48	-80	15536	-2.928	-4.880	947.696	-1552	
30150964	-96	-64	15520	-5.856	-3.904	946.720	-1552	
30230588	-48	-32	15552	-2.928	-1.952	948.672	-1504	
30310212	-64	-32	15552	-3.904	-1.952	948.672	-1568	
30389835	-144	-32	15536	-8.784	-1.952	947.696	-1584	
30469456	-48	-80	15616	-2.928	-4.880	952.576	-1536	
30549080	-48	-32	15584	-2.928	-1.952	950.624	-1568	
30628705	-48	-48	15584	-2.928	-2.928	950.624	-1536	
30708331	-48	-64	15552	-2.928	-3.904	948.672	-1584	
30787957	-80	-80	15648	-4.880	-4.880	954.528	-1536	
30867584	-96	-16	15584	-5.856	-0.976	950.624	-1552	
30947215	-80	-64	15568	-4.880	-3.904	949.648	-1568	
31026842	-80	-64	15552	-4.880	-3.904	948.672	-1568	
31106468	-64	-48	15600	-3.904	-2.928	951.600	-1520	
31186091	80	-64	15600	4.880	-3.904	951.600	-1584	
31265711	-64	-64	15600	-3.904	-3.904	951.600	-1520	
31345335	-64	-64	15584	-3.904	-3.904	950.624	-1536	
31424957	-96	-96	15536	-5.856	-5.856	947.696	-1568	
31504581	-96	-80	15568	-5.856	-4.880	949.648	-1504	
31584207	-64	-64	15552	-3.904	-3.904	948.672	-1552	
31663830	-80	-64	15568	-4.880	-3.904	949.648	-1568	
31743458	-32	-48	15552	-1.952	-2.928	948.672	-1568	
31823086	-64	-96	15584	-3.904	-5.856	950.624	-1584	
31902714	-32	-96	15616	-1.952	-5.856	952.576	-1552	
31982339	-80	-80	15520	-4.880	-4.880	946.720	-1568	
32061962	-64	-32	15600	-3.904	-1.952	951.600	-1568	
32141587	-112	-48	15552	-6.832	-2.928	948.672	-1568	
32221214	-80	-64	15584	-4.880	-3.904	950.624	-1552	
32300840	-96	-64	15536	-5.856	-3.904	947.696	-1552	
32380468	-80	-64	15584	-4.880	-3.904	950.624	-1536	
32460094	-96	-48	15568	-5.856	-2.928	949.648	-1584	
32539721	-112	-32	15584	-6.832	-1.952	950.624	-1568	
32619347	-64	-64	15520	-3.904	-3.904	946.720	-1568	
32698978	-48	-32	15520	-2.928	-1.952	946.720	-1568	
32778609	-80	-16	15568	-4.880	-0.976	949.648	-1536	
32858240	-80	-64	15536	-4.880	-3.904	947.696	-1568	
32937869	-32	-16	15584	-1.952	-0.976	950.624	-1568	
33017500	-80	-112	15584	-4.880	-6.832	950.624	-1552	
33097131	-64	-96	15552	-3.904	-5.856	948.672	-1552	
33176759	-80	-64	15584	-4.880	-3.904	950.624	-1536	
33256388	-80	-32	15536	-4.880	-1.952	947.696	-1536	
33336018	-64	-64	15536	-3.904	-3.904	947.696	-1552	
33415644	-64	-48	15536	-3.904	-2.928	947.696	-1536	
33495272	-32	-32	15552	-1.952	-1.952	948.672	-1504	
33574901	-80	-80	15568	-4.880	-4.880	949.648	-1568	
33654531	-64	-48	15520	-3.904	-2.928	946.720	-1536	
33734160	-64	-64	15536	-3.904	-3.904	947.696	-1536	
33813789	-96	-48	15552	-5.856	-2.928	948.672	-1568	
33893416	-48	-80	15600	-2.928	-4.880	951.600	-1552	
33973042	-80	-64	15584	-4.880	-3.904	950.624	-1520	
34052668	-48	-64	15584	-2.928	-3.904	950.624	-1536	
34132299	-80	-64	15584	-4.880	-3.904	950.624	-1552	
34211929	-64	-96	15536	-3.904	-5.856	947.696	-1552	
34291552	-112	-48	15600	-6.832	-2.928	951.600	-1520	
34371176	-96	-64	15552	-5.856	-3.904	948.672	-1584	
34450806	-64	-16	15504	-3.904	-0.976	945.744	-1536	
34530438	-96	-80	15536	-5.856	-4.880	947.696	-1568	
34610066	-96	-80	15584	-5.856	-4.880	950.624	-1616	
34689695	-48	-96	15584	-2.928	-5.856	950.624	-1568	
34769321	-80	-48	15600	-4.880	-2.928	951.600	-1584	
34848948	-64	-64	15536	-3.904	-3.904	947.696	-1520	
34928578	-80	-32	15520	-4.880	-1.952	946.720	-1584	
35008203	-64	-32	15584	-3.904	-1.952	950.624	-1568	
35087828	-80	-48	15584	-4.880	-2.928	950.624	-1520	
35167452	-64	-32	15584	-3.904	-1.952	950.624	-1552	
35247078	-80	-64	15520	-4.880	-3.904	946.720	-1520	
35326705	-48	-96	15568	-2.928	-5.856	949.648	-1584	
35406332	-112	-32	15584	-6.832	-1.952	950.624	-1600	
35485954	-64	-32	15536	-3.904	-1.952	947.696	-1488	
35565577	-112	-64	15536	-6.832	-3.904	947.696	-1568	
35645203	-96	-64	15568	-5.856	-3.904	949.648	-1552	
35724829	-80	-48	15584	-4.880	-2.928	950.624	-1520	
35804454	-48	-64	15520	-2.928	-3.904	946.720	-1536	
35884079	-64	-64	15536	-3.904	-3.904	947.696	-1568	
35963703	-48	-48	15600	-2.928	-2.928	951.600	-1568	
36043328	-96	-32	15552	-5.856	-1.952	948.672	-1520	
36122955	-112	-80	15568	-6.832	-4.880	949.648	-1536	
36202579	-32	-48	15536	-1.952	-2.928	947.696	-1600	
36282203	-80	-96	15536	-4.880	-5.856	947.696	-1568	
36361825	-96	-80	15600	-5.856	-4.880	951.600	-1520	
36441455	-80	-32	15536	-4.880	-1.952	947.696	-1584	
36521082	-96	-64	15568	-5.856	-3.904	949.648	-1536	
36600705	-48	-32	15584	-2.928	-1.952	950.624	-1520	
36680331	-64	-96	15568	-3.904	-5.856	949.648	-1552	
36759959	-80	-64	15584	-4.880	-3.904	950.624	-1552	
36839585	-64	-64	15584	-3.904	-3.904	950.624	-1600	
36919212	-96	-80	15552	-5.856	-4.880	948.672	-1568	
36998837	-80	-48	15600	-4.880	-2.928	951.600	-1552	
37078465	-112	-32	15520	-6.832	-1.952	946.720	-1600	
37158091	-48	-64	15584	-2.928	-3.904	950.624	-1520	
37237716	-64	-64	15584	-3.904	-3.904	950.624	-1568	
37317342	-16	-32	15584	-0.976	-1.952	950.624	-1552	
37396973	-96	-32	15584	-5.856	-1.952	950.624	-1536	
37476603	-48	-48	15568	-2.928	-2.928	949.648	-1568	
37556230	-96	-64	15536	-5.856	-3.904	947.696	-1584	
37635859	-64	-80	15584	-3.904	-4.880	950.624	-1520	
37715487	-48	-48	15552	-2.928	-2.928	948.672	-1504	
37795116	-80	-64	15584	-4.880	-3.904	950.624	-1536	
37874744	-64	-48	15520	-3.904	-2.928	946.720	-1552	
37954370	-64	-32	15584	-3.904	-1.952	950.624	-1568	
38033993	-32	-80	15552	-1.952	-4.880	948.672	-1552	
38113620	-64	-64	15584	-3.904	-3.904	950.624	-1552	
38193245	-96	-64	15568	-5.856	-3.904	949.648	-1568	
38272868	-80	-64	15536	-4.880	-3.904	947.696	-1552	
38352496	-80	-64	15584	-4.880	-3.904	950.624	-1568	
38432120	-48	-96	15600	-2.928	-5.856	951.600	-1536	
38511745	-80	-32	15552	-4.880	-1.952	948.672	-1520	
38591372	-80	-80	15568	-4.880	-4.880	949.648	-1520	
38670997	-64	-48	15536	-3.904	-2.928	947.696	-1568	
38750623	-80	-64	15584	-4.880	-3.904	950.624	-1584	
38830247	-80	-48	15552	-4.880	-2.928	948.672	-1568	
38909877	-96	-48	15600	-5.856	-2.928	951.600	-1552	
38989509	-96	-32	15584	-5.856	-1.952	950.624	-1584	
39069137	-64	-64	15600	-3.904	-3.904	951.600	-1536	
39148767	-16	-64	15568	-0.976	-3.904	949.648	-1552	
39228392	-48	-48	15568	-2.928	-2.928	949.648	-1536	
39308016	-80	-80	15584	-4.880	-4.880	950.624	-1584	
39387642	-80	-48	15584	-4.880	-2.928	950.624	-1552	
39467272	-64	-48	15584	-3.904	-2.928	950.624	-1552	
39546898	-96	-32	15584	-5.856	-1.952	950.624	-1584	
39626526	-64	-64	15568	-3.904	-3.904	949.648	-1568	
39706147	-64	-48	15536	-3.904	-2.928	947.696	-1536	
39785769	-32	-64	15584	-1.952	-3.904	950.624	-1568	
39865394	-64	-64	15552	-3.904	-3.904	948.672	-1568	
39945015	-64	-48	15584	-3.904	-2.928	950.624	-1568	
40024638	-64	-96	15584	-3.904	-5.856	950.624	-1568	
40104262	-32	-80	15552	-1.952	-4.880	948.672	-1536	
40183889	-32	-32	15568	-1.952	-1.952	949.648	-1568	
40263514	-112	-32	15552	-6.832	-1.952	948.672	-1616	
40343141	-80	-96	15552	-4.880	-5.856	948.672	-1568	
40422768	-112	-96	15536	-6.832	-5.856	947.696	-1568	
40502395	-96	-32	15632	-5.856	-1.952	953.552	-1536	
40582021	-32	-96	15568	-1.952	-5.856	949.648	-1568	
40661645	64	-48	15584	3.904	-2.928	950.624	-1552	
40741275	-80	-80	15600	-4.880	-4.880	951.600	-1536	
40820899	-96	-16	15584	-5.856	-0.976	950.624	-1568	
40900528	-64	-48	15568	-3.904	-2.928	949.648	-1520	
40980152	-64	-64	15520	-3.904	-3.904	946.720	-1568	
41059781	-80	-32	15616	-4.880	-1.952	952.576	-1600	
41139413	-80	-80	15600	-4.880	-4.880	951.600	-1584	
41219045	-64	-48	15568	-3.904	-2.928	949.648	-1584	
41298675	-64	-32	15584	-3.904	-1.952	950.624	-1568	
41378304	-80	-48	15568	-4.880	-2.928	949.648	-1536	
41457933	-32	-32	15600	-1.952	-1.952	951.600	-1536	
41537561	-16	-48	15584	-0.976	-2.928	950.624	-1536	
41617188	16	-64	15520	0.976	-3.904	946.720	-1568	
41696816	-64	-80	15616	-3.904	-4.880	952.576	-1536	
41776448	-112	-96	15568	-6.832	-5.856	949.648	-1552	
41856077	-48	-48	15568	-2.928	-2.928	949.648	-1552	
41935707	-80	-64	15536	-4.880	-3.904	947.696	-1600	
42015331	-64	-64	15520	-3.904	-3.904	946.720	-1584	
42094957	-64	-48	15552	-3.904	-2.928	948.672	-1568	
42174582	-96	-64	15584	-5.856	-3.904	950.624	-1552	
42254208	-48	-64	15584	-2.928	-3.904	950.624	-1520	
42333835	-16	-48	15504	-0.976	-2.928	945.744	-1584	
42413460	-96	-32	15584	-5.856	-1.952	950.624	-1584	
42493086	-80	16	15632	-4.880	0.976	953.552	-1536	
42572713	-48	-80	15536	-2.928	-4.880	947.696	-1552	
42652335	-64	-80	15584	-3.904	-4.880	950.624	-1584	
42731967	-64	-32	15584	-3.904	-1.952	950.624	-1568	
42811594	-64	-48	15584	-3.904	-2.928	950.624	-1568	
42891221	-80	-32	15552	-4.880	-1.952	948.672	-1584	
42970845	-112	-80	15536	-6.832	-4.880	947.696	-1568	
43050473	-96	-48	15584	-5.856	-2.928	950.624	-1552	
43130096	-48	-32	15568	-2.928	-1.952	949.648	-1552	
43209722	-64	-32	15600	-3.904	-1.952	951.600	-1568	
43289346	-80	0	15584	-4.880	0.000	950.624	-1552	
43368977	-80	-48	15600	-4.880	-2.928	951.600	-1568	
43448604	-64	-64	15568	-3.904	-3.904	949.648	-1584	
43528229	-64	-64	15600	-3.904	-3.904	951.600	-1536	
43607859	-80	-16	15536	-4.880	-0.976	947.696	-1584	
43687484	-80	-80	15584	-4.880	-4.880	950.624	-1568	
43767111	-80	-48	15584	-4.880	-2.928	950.624	-1552	
43846737	-48	-48	15552	-2.928	-2.928	948.672	-1536	
43926366	-80	0	15584	-4.880	0.000	950.624	-1552	
44005988	-96	-32	15600	-5.856	-1.952	951.600	-1568	
44085616	-48	-48	15584	-2.928	-2.928	950.624	-1568	
44165240	-64	-64	15616	-3.904	-3.904	952.576	-1568	
44244863	-48	-48	15600	-2.928	-2.928	951.600	-1568	
44324490	-64	-48	15552	-3.904	-2.928	948.672	-1584	
44404114	-80	-32	15584	-4.880	-1.952	950.624	-1568	
44483736	-96	-96	15584	-5.856	-5.856	950.624	-1536	
44563363	-64	-64	15552	-3.904	-3.904	948.672	-1568	
44642987	-96	-96	15584	-5.856	-5.856	950.624	-1536	
44722614	-16	-64	15600	-0.976	-3.904	951.600	-1568	
44802241	-64	-48	15568	-3.904	-2.928	949.648	-1520	
44881866	-64	-80	15536	-3.904	-4.880	947.696	-1520	
44961487	-64	-64	15536	-3.904	-3.904	947.696	-1584	
45041111	-80	-48	15616	-4.880	-2.928	952.576	-1568	
45120735	0	-48	15536	0.000	-2.928	947.696	-1584	
45200361	-48	-32	15552	-2.928	-1.952	948.672	-1552	
45279987	-80	-16	15600	-4.880	-0.976	951.600	-1552	
45359611	-80	-80	15568	-4.880	-4.880	949.648	-1584	
45439234	-80	-48	15568	-4.880	-2.928	949.648	-1584	
45518856	-48	-48	15600	-2.928	-2.928	951.600	-1552	
45598476	-96	-112	15568	-5.856	-6.832	949.648	-1488	
45678094	-32	-32	15552	-1.952	-1.952	948.672	-1568	
45757715	-112	-80	15600	-6.832	-4.880	951.600	-1568	
45837335	-32	-48	15568	-1.952	-2.928	949.648	-1568	
45916955	-96	-16	15584	-5.856	-0.976	950.624	-1584	
45996572	-96	-32	15584	-5.856	-1.952	950.624	-1536	
46076197	-48	-80	15584	-2.928	-4.880	950.624	-1552	
46155818	-64	-80	15520	-3.904	-4.880	946.720	-1536	
46235443	-32	-64	15552	-1.952	-3.904	948.672	-1552	
46315067	-96	-16	15584	-5.856	-0.976	950.624	-1536	
46394690	-80	-80	15536	-4.880	-4.880	947.696	-1504	
46474316	-64	-64	15536	-3.904	-3.904	947.696	-1536	
46553940	-32	-48	15536	-1.952	-2.928	947.696	-1520	
46633567	-64	-48	15536	-3.904	-2.928	947.696	-1616	
46713194	-64	-64	15552	-3.904	-3.904	948.672	-1552	
46792818	-80	-64	15616	-4.880	-3.904	952.576	-1536	
46872442	-96	-80	15536	-5.856	-4.880	947.696	-1552	
46952066	-32	-32	15600	-1.952	-1.952	951.600	-1504	
47031689	-48	-80	15568	-2.928	-4.880	949.648	-1568	
47111309	-32	-80	15616	-1.952	-4.880	952.576	-1536	
47190935	-48	-64	15552	-2.928	-3.904	948.672	-1568	
47270560	-112	-16	15552	-6.832	-0.976	948.672	-1568	
47350188	-48	-96	15536	-2.928	-5.856	947.696	-1552	
47429811	-64	-80	15584	-3.904	-4.880	950.624	-1584	
47509430	-112	-80	15600	-6.832	-4.880	951.600	-1552	
47589045	-64	-32	15584	-3.904	-1.952	950.624	-1536	
47668658	-128	-32	15552	-7.808	-1.952	948.672	-1568	
47748275	-48	-16	15584	-2.928	-0.976	950.624	-1552	
47827892	-48	-32	15600	-2.928	-1.952	951.600	-1552	
47907509	-80	-64	15584	-4.880	-3.904	950.624	-1568	
47987132	-80	-48	15584	-4.880	-2.928	950.624	-1568	
48066755	-64	-32	15520	-3.904	-1.952	946.720	-1584	
48146379	-48	-64	15584	-2.928	-3.904	950.624	-1488	
48226001	-112	-48	15584	-6.832	-2.928	950.624	-1552	
48305623	-64	-64	15520	-3.904	-3.904	946.720	-1584	
48385248	-64	-64	15584	-3.904	-3.904	950.624	-1600	
48464871	-64	-64	15584	-3.904	-3.904	950.624	-1552	
48544496	-80	-32	15568	-4.880	-1.952	949.648	-1536	
48624117	-64	-48	15552	-3.904	-2.928	948.672	-1536	
48703740	-80	-112	15584	-4.880	-6.832	950.624	-1568	
48783360	-64	-48	15584	-3.904	-2.928	950.624	-1568	
48862980	-32	-48	15552	-1.952	-2.928	948.672	-1536	
48942603	-80	-48	15568	-4.880	-2.928	949.648	-1584	
49022226	-80	-64	15536	-4.880	-3.904	947.696	-1568	
49101847	-48	-32	15584	-2.928	-1.952	950.624	-1568	
49181468	-48	-48	15584	-2.928	-2.928	950.624	-1584	
49261092	-48	-32	15552	-2.928	-1.952	948.672	-1568	
49340719	-80	-48	15536	-4.880	-2.928	947.696	-1552	
49420344	-96	-64	15584	-5.856	-3.904	950.624	-1536	
49499970	-64	-64	15584	-3.904	-3.904	950.624	-1600	
49579597	-48	-64	15552	-2.928	-3.904	948.672	-1568	
49659223	-48	-64	15568	-2.928	-3.904	949.648	-1552	
49738849	-64	-48	15552	-3.904	-2.928	948.672	-1536	
49818475	-80	-64	15568	-4.880	-3.904	949.648	-1584	
49898100	-80	-64	15552	-4.880	-3.904	948.672	-1584	
49977725	-80	-32	15584	-4.880	-1.952	950.624	-1568	
50057354	-112	-64	15520	-6.832	-3.904	946.720	-1552	
50136984	-112	-32	15552	-6.832	-1.952	948.672	-1584	
50216609	-112	-64	15552	-6.832	-3.904	948.672	-1600	
50296236	-96	-16	15536	-5.856	-0.976	947.696	-1584	
50375860	-64	-48	15536	-3.904	-2.928	947.696	-1552	
50455486	-80	-64	15584	-4.880	-3.904	950.624	-1552	
50535108	-96	-48	15600	-5.856	-2.928	951.600	-1584	
50614733	-96	-96	15600	-5.856	-5.856	951.600	-1552	
50694354	-32	-64	15584	-1.952	-3.904	950.624	-1552	
50773975	-96	-64	15568	-5.856	-3.904	949.648	-1584	
50853596	-64	-48	15552	-3.904	-2.928	948.672	-1552	
50933220	-48	-32	15584	-2.928	-1.952	950.624	-1552	
51012844	-96	0	15552	-5.856	0.000	948.672	-1600	
51092468	-80	-64	15584	-4.880	-3.904	950.624	-1536	
51172090	-48	-64	15584	-2.928	-3.904	950.624	-1568	
51251713	-32	-64	15616	-1.952	-3.904	952.576	-1536	
51331340	-32	-80	15600	-1.952	-4.880	951.600	-1504	
51410966	-96	-48	15616	-5.856	-2.928	952.576	-1520	
51490592	-48	-48	15584	-2.928	-2.928	950.624	-1584	
51570219	-80	-64	15616	-4.880	-3.904	952.576	-1584	
51649847	-32	-64	15536	-1.952	-3.904	947.696	-1568	
51729473	-32	-64	15568	-1.952	-3.904	949.648	-1552	
51809098	-112	-64	15552	-6.832	-3.904	948.672	-1584	
51888721	-32	-64	15568	-1.952	-3.904	949.648	-1536	
51968345	-80	-48	15568	-4.880	-2.928	949.648	-1584	
52047971	-80	-64	15536	-4.880	-3.904	947.696	-1552	
52127597	-64	-48	15568	-3.904	-2.928	949.648	-1584	
52207226	-112	-96	15584	-6.832	-5.856	950.624	-1536	
52286855	-80	-16	15552	-4.880	-0.976	948.672	-1552	
52366483	-80	-96	15584	-4.880	-5.856	950.624	-1584	
52446115	-64	-32	15584	-3.904	-1.952	950.624	-1600	
52525753	-64	-16	15568	-3.904	-0.976	949.648	-1568	
52605380	-64	-48	15584	-3.904	-2.928	950.624	-1568	
52685009	-64	-64	15536	-3.904	-3.904	947.696	-1568	
52764637	-112	0	15568	-6.832	0.000	949.648	-1552	
52844270	-32	-96	15536	-1.952	-5.856	947.696	-1520	
52923902	-64	-64	15584	-3.904	-3.904	950.624	-1536	
53003534	-80	-32	15536	-4.880	-1.952	947.696	-1552	
53083162	-112	-32	15520	-6.832	-1.952	946.720	-1584	
53162786	-64	-80	15584	-3.904	-4.880	950.624	-1552	
53242416	-48	-64	15536	-2.928	-3.904	947.696	-1600	
53322048	-64	-48	15536	-3.904	-2.928	947.696	-1568	
53401679	-80	-48	15584	-4.880	-2.928	950.624	-1552	
53481310	-80	-48	15520	-4.880	-2.928	946.720	-1568	
53560939	-128	-64	15536	-7.808	-3.904	947.696	-1584	
53640571	-48	-48	15584	-2.928	-2.928	950.624	-1584	
53720201	-80	-16	15552	-4.880	-0.976	948.672	-1552	
53799832	-112	-64	15520	-6.832	-3.904	946.720	-1584	
53879464	-64	-48	15536	-3.904	-2.928	947.696	-1584	
53959097	-128	-48	15536	-7.808	-2.928	947.696	-1600	
54038728	-80	-16	15584	-4.880	-0.976	950.624	-1552	
54118359	-128	-16	15632	-7.808	-0.976	953.552	-1584	
54197991	-48	-64	15536	-2.928	-3.904	947.696	-1568	
54277619	-96	-64	15552	-5.856	-3.904	948.672	-1552	
54357249	-96	-64	15520	-5.856	-3.904	946.720	-1552	
54436879	-64	-80	15520	-3.904	-4.880	946.720	-1552	
54516509	-48	-16	15584	-2.928	-0.976	950.624	-1552	
54596141	-64	-96	15584	-3.904	-5.856	950.624	-1584	
54675772	-64	-96	15552	-3.904	-5.856	948.672	-1584	
54755401	-80	-64	15568	-4.880	-3.904	949.648	-1584	
54835030	-64	-64	15536	-3.904	-3.904	947.696	-1552	
54914657	-80	-48	15568	-4.880	-2.928	949.648	-1536	
54994284	-64	-96	15536	-3.904	-5.856	947.696	-1584	
55073907	-48	-16	15584	-2.928	-0.976	950.624	-1536	
55153534	-96	-80	15552	-5.856	-4.880	948.672	-1536	
55233164	-64	-64	15552	-3.904	-3.904	948.672	-1632	
55312791	-64	-48	15600	-3.904	-2.928	951.600	-1536	
55392420	-64	-80	15584	-3.904	-4.880	950.624	-1584	
55472045	-48	-16	15584	-2.928	-0.976	950.624	-1584	
55551671	-96	-48	15600	-5.856	-2.928	951.600	-1568	
55631301	-80	-64	15600	-4.880	-3.904	951.600	-1568	
55710930	-64	-64	15584	-3.904	-3.904	950.624	-1520	
55790558	-96	-48	15520	-5.856	-2.928	946.720	-1504	
55870185	-64	-48	15552	-3.904	-2.928	948.672	-1536	
55949814	-80	-32	15520	-4.880	-1.952	946.720	-1568	
56029447	-80	-64	15600	-4.880	-3.904	951.600	-1536	
56109076	-64	-48	15584	-3.904	-2.928	950.624	-1488	
56188704	-80	0	15552	-4.880	0.000	948.672	-1568	
56268332	-96	-80	15584	-5.856	-4.880	950.624	-1600	
56347960	-48	-48	15552	-2.928	-2.928	948.672	-1536	
56427588	-96	-64	15584	-5.856	-3.904	950.624	-1536	
56507220	-64	-48	15584	-3.904	-2.928	950.624	-1536	
56586850	-80	-32	15600	-4.880	-1.952	951.600	-1536	
56666478	-112	-48	15584	-6.832	-2.928	950.624	-1536	
56746107	-96	-96	15552	-5.856	-5.856	948.672	-1536	
56825736	-64	-48	15584	-3.904	-2.928	950.624	-1552	
56905365	-96	-80	15584	-5.856	-4.880	950.624	-1552	
56984985	-128	-64	15584	-7.808	-3.904	950.624	-1520	
57064607	-64	-64	15648	-3.904	-3.904	954.528	-1568	
57144231	-64	-96	15584	-3.904	-5.856	950.624	-1552	
57223856	-64	-48	15584	-3.904	-2.928	950.624	-1568	
57303480	-64	-64	15568	-3.904	-3.904	949.648	-1584	
57383102	-96	-16	15600	-5.856	-0.976	951.600	-1536	
57462727	-80	-32	15568	-4.880	-1.952	949.648	-1536	
57542352	-96	-32	15584	-5.856	-1.952	950.624	-1584	
57621979	-16	-32	15584	-0.976	-1.952	950.624	-1536	
57701604	-80	-32	15552	-4.880	-1.952	948.672	-1552	
57781226	-128	-16	15584	-7.808	-0.976	950.624	-1536	
57860853	-64	-64	15552	-3.904	-3.904	948.672	-1520	
57940481	-96	-80	15600	-5.856	-4.880	951.600	-1552	
58020110	-112	-96	15584	-6.832	-5.856	950.624	-1584	
58099732	-96	-64	15520	-5.856	-3.904	946.720	-1616	
58179355	-48	-64	15568	-2.928	-3.904	949.648	-1536	
58258979	-96	-32	15568	-5.856	-1.952	949.648	-1568	
58338608	-64	-80	15520	-3.904	-4.880	946.720	-1568	
58418236	-64	-80	15568	-3.904	-4.880	949.648	-1568	
58497861	-48	-80	15584	-2.928	-4.880	950.624	-1552	
58577488	-64	-80	15536	-3.904	-4.880	947.696	-1520	
58657118	-64	-48	15488	-3.904	-2.928	944.768	-1552	
58736745	-64	-64	15552	-3.904	-3.904	948.672	-1584	
58816370	-80	-96	15552	-4.880	-5.856	948.672	-1600	
58895997	-64	0	15584	-3.904	0.000	950.624	-1600	
58975625	-48	-80	15552	-2.928	-4.880	948.672	-1536	
59055251	-48	-64	15584	-2.928	-3.904	950.624	-1552	
59134877	-80	-48	15584	-4.880	-2.928	950.624	-1552	
59214506	-80	-48	15568	-4.880	-2.928	949.648	-1568	
59294138	-64	-48	15584	-3.904	-2.928	950.624	-1536	
59373766	-80	-80	15584	-4.880	-4.880	950.624	-1616	
59453397	-80	-32	15552	-4.880	-1.952	948.672	-1520	
59533023	-48	-64	15536	-2.928	-3.904	947.696	-1552	
59612653	-96	-48	15520	-5.856	-2.928	946.720	-1584	
59692281	-80	-96	15552	-4.880	-5.856	948.672	-1552	
59771910	-80	-48	15536	-4.880	-2.928	947.696	-1536	
59851540	-48	-48	15568	-2.928	-2.928	949.648	-1536	
59931172	224	-96	15488	13.664	-5.856	944.768	-1600	
60010805	-48	-96	15568	-2.928	-5.856	949.648	-1536	
