Timestamp [us]	A_X [LSB]	A_Y [LSB]	A_Z [LSB]	A_X [mg]	A_Y [mg]	A_Z [mg]	QVAR [LSB]	
52671	-240	-16	15648	-14.640	-0.976	954.528	-1488	
132305	-144	-32	15552	-8.784	-1.952	948.672	-1488	
211936	-80	-48	15632	-4.880	-2.928	953.552	-1472	
291561	-96	-48	15584	-5.856	-2.928	950.624	-1488	
371184	0	-80	15584	0.000	-4.880	950.624	-1456	
450809	-80	-80	15584	-4.880	-4.880	950.624	-1440	
530437	-112	-32	15536	-6.832	-1.952	947.696	-1472	
610064	-64	-80	15584	-3.904	-4.880	950.624	-1488	
689695	-128	-48	15552	-7.808	-2.928	948.672	-1488	
769322	-96	-32	15568	-5.856	-1.952	949.648	-1472	
848951	-64	-16	15568	-3.904	-0.976	949.648	-1488	
928577	-80	-48	15584	-4.880	-2.928	950.624	-1488	
1008199	-64	-48	15584	-3.904	-2.928	950.624	-1472	
1087824	-64	-32	15584	-3.904	-1.952	950.624	-1456	
1167447	0	-80	15584	0.000	-4.880	950.624	-1456	
1247070	-80	-64	15536	-4.880	-3.904	947.696	-1424	
1326697	-48	-64	15584	-2.928	-3.904	950.624	-1504	
1406318	-32	-64	15536	-1.952	-3.904	947.696	-1504	
1485946	-96	-80	15584	-5.856	-4.880	950.624	-1488	
1565576	-64	-96	15600	-3.904	-5.856	951.600	-1488	
1645206	-96	0	15536	-5.856	0.000	947.696	-1456	
1724832	-64	-16	15552	-3.904	-0.976	948.672	-1504	
1804462	-96	-96	15552	-5.856	-5.856	948.672	-1472	
1884092	-64	-48	15520	-3.904	-2.928	946.720	-1472	
1963718	-80	-48	15568	-4.880	-2.928	949.648	-1472	
2043345	-48	-32	15584	-2.928	-1.952	950.624	-1488	
2122970	-32	-32	15584	-1.952	-1.952	950.624	-1488	
2202596	-80	-48	15584	-4.880	-2.928	950.624	-1520	
2282223	-64	-96	15568	-3.904	-5.856	949.648	-1504	
2361848	-48	-48	15584	-2.928	-2.928	950.624	-1472	
2441474	-80	-32	15568	-4.880	-1.952	949.648	-1504	
2521102	-48	-32	15552	-2.928	-1.952	948.672	-1456	
2600729	-96	-48	15536	-5.856	-2.928	947.696	-1488	
2680354	-80	-64	15552	-4.880	-3.904	948.672	-1440	
2759978	-48	-64	15552	-2.928	-3.904	948.672	-1440	
2839604	-32	-32	15584	-1.952	-1.952	950.624	-1488	
2919228	-96	0	15584	-5.856	0.000	950.624	-1472	
2998851	-96	-48	15616	-5.856	-2.928	952.576	-1504	
3078472	-80	-112	15600	-4.880	-6.832	951.600	-1472	
3158093	-96	-48	15584	-5.856	-2.928	950.624	-1488	
3237716	-80	-32	15568	-4.880	-1.952	949.648	-1504	
3317337	-80	-64	15552	-4.880	-3.904	948.672	-1520	
3396962	-128	-48	15552	-7.808	-2.928	948.672	-1504	
3476587	-64	-48	15584	-3.904	-2.928	950.624	-1472	
3556209	-96	-48	15584	-5.856	-2.928	950.624	-1488	
3635831	-64	-64	15552	-3.904	-3.904	948.672	-1472	
3715450	-64	-64	15584	-3.904	-3.904	950.624	-1504	
3795070	-64	-32	15616	-3.904	-1.952	952.576	-1488	
3874694	-80	-64	15584	-4.880	-3.904	950.624	-1488	
3954321	-64	-48	15568	-3.904	-2.928	949.648	-1488	
4033947	-48	-80	15520	-2.928	-4.880	946.720	-1520	
4113570	-96	-80	15584	-5.856	-4.880	950.624	-1520	
4193200	-96	-80	15584	-5.856	-4.880	950.624	-1504	
4272824	-64	-32	15584	-3.904	-1.952	950.624	-1488	
4352448	-96	-48	15568	-5.856	-2.928	949.648	-1440	
4432072	-64	-64	15520	-3.904	-3.904	946.720	-1536	
4511696	-64	-16	15600	-3.904	-0.976	951.600	-1520	
4591318	-112	-64	15600	-6.832	-3.904	951.600	-1536	
4670940	-48	-32	15520	-2.928	-1.952	946.720	-1504	
4750562	-32	-64	15584	-1.952	-3.904	950.624	-1488	
4830185	-48	-64	15584	-2.928	-3.904	950.624	-1488	
4909808	-64	-64	15584	-3.904	-3.904	950.624	-1488	
4989429	-96	-48	15568	-5.856	-2.928	949.648	-1472	
5069052	-96	-32	15584	-5.856	-1.952	950.624	-1472	
5148679	-64	-64	15552	-3.904	-3.904	948.672	-1472	
5228305	-64	-16	15568	-3.904	-0.976	949.648	-1504	
5307930	-32	-64	15536	-1.952	-3.904	947.696	-1488	
5387555	-80	-64	15584	-4.880	-3.904	950.624	-1488	
5467180	-96	-64	15568	-5.856	-3.904	949.648	-1504	
5546808	-64	-48	15536	-3.904	-2.928	947.696	-1456	
5626431	-64	-80	15536	-3.904	-4.880	947.696	-1504	
5706055	-96	-80	15552	-5.856	-4.880	948.672	-1488	
5785683	-48	-64	15552	-2.928	-3.904	948.672	-1504	
5865311	-128	-48	15520	-7.808	-2.928	946.720	-1456	
5944937	-48	-48	15520	-2.928	-2.928	946.720	-1456	
6024568	-112	16	15536	-6.832	0.976	947.696	-1488	
6104198	-48	-96	15600	-2.928	-5.856	951.600	-1440	
6183826	-64	-64	15552	-3.904	-3.904	948.672	-1488	
6263451	-112	-16	15584	-6.832	-0.976	950.624	-1504	
6343078	-48	-128	15568	-2.928	-7.808	949.648	-1520	
6422702	-112	32	15536	-6.832	1.952	947.696	-1488	
6502327	-96	-96	15632	-5.856	-5.856	953.552	-1504	
6581949	-112	-48	15504	-6.832	-2.928	945.744	-1488	
6661572	-48	-48	15632	-2.928	-2.928	953.552	-1488	
6741198	-64	-48	15584	-3.904	-2.928	950.624	-1488	
6820827	-96	-48	15616	-5.856	-2.928	952.576	-1472	
6900459	-96	-32	15536	-5.856	-1.952	947.696	-1472	
6980088	-80	-16	15600	-4.880	-0.976	951.600	-1456	
7059713	-64	-32	15536	-3.904	-1.952	947.696	-1504	
7139338	-48	-48	15584	-2.928	-2.928	950.624	-1520	
7218967	-112	-48	15552	-6.832	-2.928	948.672	-1488	
7298596	-64	-80	15584	-3.904	-4.880	950.624	-1472	
7378224	-80	-64	15536	-4.880	-3.904	947.696	-1472	
7457851	-80	-64	15600	-4.880	-3.904	951.600	-1488	
7537477	-80	-64	15552	-4.880	-3.904	948.672	-1456	
7617108	-64	-64	15616	-3.904	-3.904	952.576	-1488	
7696734	-96	-64	15584	-5.856	-3.904	950.624	-1520	
7776364	-48	-48	15584	-2.928	-2.928	950.624	-1504	
7855992	-80	-48	15520	-4.880	-2.928	946.720	-1520	
7935621	-80	-48	15584	-4.880	-2.928	950.624	-1536	
8015248	-64	-48	15536	-3.904	-2.928	947.696	-1472	
8094876	-96	-64	15616	-5.856	-3.904	952.576	-1488	
8174502	-112	-96	15536	-6.832	-5.856	947.696	-1488	
8254128	-80	-64	15536	-4.880	-3.904	947.696	-1472	
8333756	-80	-64	15584	-4.880	-3.904	950.624	-1456	
8413384	-96	-64	15584	-5.856	-3.904	950.624	-1504	
8493009	-64	16	15584	-3.904	0.976	950.624	-1488	
8572633	-128	-16	15616	-7.808	-0.976	952.576	-1472	
8652257	-80	-96	15552	-4.880	-5.856	948.672	-1488	
8731885	-96	-80	15584	-5.856	-4.880	950.624	-1520	
8811509	-96	-80	15536	-5.856	-4.880	947.696	-1536	
8891131	-64	-80	15552	-3.904	-4.880	948.672	-1488	
8970753	-80	-64	15600	-4.880	-3.904	951.600	-1488	
9050379	-96	-64	15568	-5.856	-3.904	949.648	-1520	
9130008	-80	-64	15552	-4.880	-3.904	948.672	-1504	
9209638	-48	-48	15600	-2.928	-2.928	951.600	-1488	
9289267	-64	-48	15552	-3.904	-2.928	948.672	-1488	
9368892	-80	-48	15584	-4.880	-2.928	950.624	-1504	
9448517	-96	-48	15568	-5.856	-2.928	949.648	-1472	
9528147	-32	-64	15568	-1.952	-3.904	949.648	-1520	
9607774	-48	-80	15616	-2.928	-4.880	952.576	-1520	
9687400	-96	-48	15552	-5.856	-2.928	948.672	-1488	
9767025	-64	-48	15536	-3.904	-2.928	947.696	-1488	
9846652	-112	-48	15552	-6.832	-2.928	948.672	-1488	
9926276	-48	-80	15600	-2.928	-4.880	951.600	-1536	
10005901	-48	-32	15584	-2.928	-1.952	950.624	-1488	
10085521	-64	-80	15584	-3.904	-4.880	950.624	-1488	
10165144	-80	-64	15568	-4.880	-3.904	949.648	-1440	
10244770	-96	-48	15584	-5.856	-2.928	950.624	-1472	
10324395	-64	-64	15568	-3.904	-3.904	949.648	-1488	
10404018	-48	-48	15584	-2.928	-2.928	950.624	-1472	
10483645	-96	-48	15584	-5.856	-2.928	950.624	-1520	
10563272	-80	-48	15552	-4.880	-2.928	948.672	-1536	
10642898	-96	-64	15552	-5.856	-3.904	948.672	-1504	
10722523	-64	-48	15568	-3.904	-2.928	949.648	-1488	
10802152	-64	-64	15552	-3.904	-3.904	948.672	-1472	
10881778	-80	-32	15568	-4.880	-1.952	949.648	-1488	
10961405	-112	-16	15584	-6.832	-0.976	950.624	-1520	
11041034	-96	-16	15600	-5.856	-0.976	951.600	-1456	
11120663	-96	-32	15584	-5.856	-1.952	950.624	-1536	
11200292	-16	-96	15552	-0.976	-5.856	948.672	-1504	
11279919	-80	-48	15584	-4.880	-2.928	950.624	-1520	
11359547	-96	-64	15584	-5.856	-3.904	950.624	-1536	
11439174	-96	-96	15536	-5.856	-5.856	947.696	-1472	
11518796	-48	-80	15616	-2.928	-4.880	952.576	-1488	
11598422	-16	-64	15584	-0.976	-3.904	950.624	-1520	
11678049	-96	-16	15552	-5.856	-0.976	948.672	-1488	
11757677	-80	-32	15552	-4.880	-1.952	948.672	-1472	
11837304	-80	-96	15568	-4.880	-5.856	949.648	-1504	
11916933	-80	-64	15520	-4.880	-3.904	946.720	-1504	
11996561	-96	-96	15584	-5.856	-5.856	950.624	-1456	
12076188	-64	-80	15552	-3.904	-4.880	948.672	-1552	
12155817	-64	-64	15600	-3.904	-3.904	951.600	-1520	
12235441	-96	-16	15552	-5.856	-0.976	948.672	-1520	
12315068	-64	-64	15584	-3.904	-3.904	950.624	-1504	
12394695	-48	-48	15552	-2.928	-2.928	948.672	-1504	
12474320	-96	-48	15600	-5.856	-2.928	951.600	-1488	
12553945	-64	-48	15552	-3.904	-2.928	948.672	-1504	
12633567	-80	-64	15568	-4.880	-3.904	949.648	-1520	
12713192	-32	0	15584	-1.952	0.000	950.624	-1504	
12792817	-48	-48	15552	-2.928	-2.928	948.672	-1472	
12872447	-48	-64	15584	-2.928	-3.904	950.624	-1472	
12952070	-80	-96	15584	-4.880	-5.856	950.624	-1488	
13031698	-48	-64	15600	-2.928	-3.904	951.600	-1504	
13111321	-64	-64	15536	-3.904	-3.904	947.696	-1520	
13190949	-64	-48	15552	-3.904	-2.928	948.672	-1536	
13270571	-80	0	15552	-4.880	0.000	948.672	-1488	
13350198	-32	-16	15552	-1.952	-0.976	948.672	-1504	
13429822	-48	-16	15568	-2.928	-0.976	949.648	-1504	
13509448	-96	-80	15600	-5.856	-4.880	951.600	-1488	
13589068	-80	-64	15568	-4.880	-3.904	949.648	-1488	
13668695	-48	-64	15584	-2.928	-3.904	950.624	-1504	
13748321	-64	-32	15568	-3.904	-1.952	949.648	-1504	
13827941	-80	-48	15584	-4.880	-2.928	950.624	-1472	
13907571	-80	-64	15648	-4.880	-3.904	954.528	-1536	
13987199	-32	-80	15568	-1.952	-4.880	949.648	-1552	
14066826	-64	-80	15520	-3.904	-4.880	946.720	-1568	
14146451	-80	-80	15552	-4.880	-4.880	948.672	-1472	
14226078	-48	-48	15552	-2.928	-2.928	948.672	-1472	
14305705	-112	-80	15552	-6.832	-4.880	948.672	-1520	
14385337	-48	-80	15584	-2.928	-4.880	950.624	-1472	
14464965	-80	-48	15632	-4.880	-2.928	953.552	-1504	
14544592	-16	-64	15552	-0.976	-3.904	948.672	-1488	
14624222	-80	-32	15568	-4.880	-1.952	949.648	-1488	
14703848	-64	-16	15584	-3.904	-0.976	950.624	-1504	
14783476	-64	-80	15552	-3.904	-4.880	948.672	-1488	
14863103	-112	-96	15584	-6.832	-5.856	950.624	-1520	
14942732	-80	-48	15520	-4.880	-2.928	946.720	-1536	
15022360	-64	-32	15552	-3.904	-1.952	948.672	-1520	
15101986	-64	-96	15584	-3.904	-5.856	950.624	-1472	
15181609	-16	-64	15536	-0.976	-3.904	947.696	-1536	
15261237	-32	-80	15584	-1.952	-4.880	950.624	-1456	
15340861	-48	-48	15552	-2.928	-2.928	948.672	-1488	
15420489	-80	-48	15584	-4.880	-2.928	950.624	-1504	
15500114	-80	-64	15552	-4.880	-3.904	948.672	-1504	
15579741	-96	-32	15584	-5.856	-1.952	950.624	-1504	
15659363	-112	0	15600	-6.832	0.000	951.600	-1456	
15738988	-96	-64	15552	-5.856	-3.904	948.672	-1520	
15818611	-80	-48	15552	-4.880	-2.928	948.672	-1520	
15898235	-64	-64	15536	-3.904	-3.904	947.696	-1520	
15977861	-64	-48	15568	-3.904	-2.928	949.648	-1504	
16057487	-80	-32	15584	-4.880	-1.952	950.624	-1456	
16137115	-64	-64	15552	-3.904	-3.904	948.672	-1488	
16216738	-48	-48	15520	-2.928	-2.928	946.720	-1504	
16296364	-16	-48	15600	-0.976	-2.928	951.600	-1488	
16375991	-80	-32	15584	-4.880	-1.952	950.624	-1488	
16455619	-48	-32	15616	-2.928	-1.952	952.576	-1520	
16535248	-64	-64	15584	-3.904	-3.904	950.624	-1536	
16614875	-80	-64	15616	-4.880	-3.904	952.576	-1488	
16694503	-96	-96	15568	-5.856	-5.856	949.648	-1520	
16774128	-80	-16	15584	-4.880	-0.976	950.624	-1536	
16853753	-64	-80	15520	-3.904	-4.880	946.720	-1536	
16933380	-64	-32	15536	-3.904	-1.952	947.696	-1488	
17013006	-96	-96	15584	-5.856	-5.856	950.624	-1472	
17092636	-64	-96	15552	-3.904	-5.856	948.672	-1488	
17172264	-48	0	15600	-2.928	0.000	951.600	-1504	
17251891	-80	-96	15568	-4.880	-5.856	949.648	-1520	
17331518	-64	-32	15552	-3.904	-1.952	948.672	-1536	
17411147	-64	-64	15552	-3.904	-3.904	948.672	-1488	
17490768	-64	-48	15552	-3.904	-2.928	948.672	-1504	
17570395	-48	-48	15568	-2.928	-2.928	949.648	-1488	
17650021	-80	-64	15568	-4.880	-3.904	949.648	-1552	
17729642	-32	-32	15536	-1.952	-1.952	947.696	-1552	
17809263	-80	-32	15552	-4.880	-1.952	948.672	-1472	
17888886	-48	-48	15536	-2.928	-2.928	947.696	-1488	
17968514	-32	-48	15520	-1.952	-2.928	946.720	-1504	
18048143	-96	-96	15552	-5.856	-5.856	948.672	-1504	
18127767	-112	-32	15520	-6.832	-1.952	946.720	-1504	
18207395	-112	-64	15552	-6.832	-3.904	948.672	-1488	
18287018	-96	-80	15584	-5.856	-4.880	950.624	-1520	
18366644	-128	-48	15552	-7.808	-2.928	948.672	-1504	
18446268	-112	-64	15536	-6.832	-3.904	947.696	-1488	
18525892	-16	-48	15568	-0.976	-2.928	949.648	-1584	
18605517	-48	-80	15584	-2.928	-4.880	950.624	-1504	
18685140	-16	-32	15584	-0.976	-1.952	950.624	-1520	
18764762	-64	-80	15552	-3.904	-4.880	948.672	-1504	
18844387	-112	-48	15552	-6.832	-2.928	948.672	-1472	
18924012	-80	-48	15520	-4.880	-2.928	946.720	-1504	
19003638	-96	-80	15584	-5.856	-4.880	950.624	-1488	
19083261	-80	-64	15568	-4.880	-3.904	949.648	-1488	
19162883	-80	-96	15552	-4.880	-5.856	948.672	-1536	
19242510	-80	-64	15552	-4.880	-3.904	948.672	-1520	
19322137	-80	-64	15568	-4.880	-3.904	949.648	-1520	
19401757	-16	-64	15536	-0.976	-3.904	947.696	-1568	
19481382	-48	-64	15600	-2.928	-3.904	951.600	-1520	
19561010	-64	-80	15504	-3.904	-4.880	945.744	-1520	
19640633	-64	-48	15584	-3.904	-2.928	950.624	-1504	
19720258	-80	-32	15584	-4.880	-1.952	950.624	-1520	
19799890	-64	-96	15552	-3.904	-5.856	948.672	-1520	
19879519	-64	-64	15600	-3.904	-3.904	951.600	-1504	
19959146	-80	-16	15552	-4.880	-0.976	948.672	-1456	
20038773	-80	-80	15568	-4.880	-4.880	949.648	-1504	
20118400	-96	-32	15568	-5.856	-1.952	949.648	-1504	
20198029	-48	-64	15552	-2.928	-3.904	948.672	-1568	
20277655	-64	-64	15584	-3.904	-3.904	950.624	-1488	
20357280	-80	-16	15552	-4.880	-0.976	948.672	-1536	
20436903	-96	-80	15584	-5.856	-4.880	950.624	-1488	
20516526	-48	-64	15552	-2.928	-3.904	948.672	-1488	
20596146	-32	0	15536	-1.952	0.000	947.696	-1488	
20675770	-80	-48	15568	-4.880	-2.928	949.648	-1472	
20755392	-80	0	15536	-4.880	0.000	947.696	-1472	
20835018	-32	-48	15536	-1.952	-2.928	947.696	-1504	
20914644	-48	-48	15600	-2.928	-2.928	951.600	-1504	
20994269	-64	-16	15520	-3.904	-0.976	946.720	-1504	
21073893	-48	-64	15552	-2.928	-3.904	948.672	-1536	
21153514	-80	-64	15552	-4.880	-3.904	948.672	-1536	
21233137	-96	-48	15600	-5.856	-2.928	951.600	-1488	
21312763	-80	-32	15568	-4.880	-1.952	949.648	-1504	
21392391	-112	-64	15504	-6.832	-3.904	945.744	-1504	
21472019	-80	-48	15568	-4.880	-2.928	949.648	-1504	
21551645	-64	-64	15568	-3.904	-3.904	949.648	-1488	
21631271	-48	-80	15600	-2.928	-4.880	951.600	-1504	
21710897	-80	-48	15552	-4.880	-2.928	948.672	-1488	
21790523	-64	-48	15584	-3.904	-2.928	950.624	-1456	
21870151	0	-80	15520	0.000	-4.880	946.720	-1504	
21949776	-160	-96	15584	-9.760	-5.856	950.624	-1520	
22029398	-80	-32	15584	-4.880	-1.952	950.624	-1536	
22109023	-80	-48	15536	-4.880	-2.928	947.696	-1472	
22188651	-48	-32	15584	-2.928	-1.952	950.624	-1504	
22268280	-112	-112	15568	-6.832	-6.832	949.648	-1504	
22347912	-80	-16	15584	-4.880	-0.976	950.624	-1520	
22427545	-16	-96	15552	-0.976	-5.856	948.672	-1520	
22507174	-80	-48	15584	-4.880	-2.928	950.624	-1504	
22586802	-80	-32	15584	-4.880	-1.952	950.624	-1488	
22666433	-80	-64	15520	-4.880	-3.904	946.720	-1456	
22746058	-48	-16	15536	-2.928	-0.976	947.696	-1488	
22825683	-64	-80	15552	-3.904	-4.880	948.672	-1520	
22905317	-64	-64	15536	-3.904	-3.904	947.696	-1536	
22984947	-80	-80	15552	-4.880	-4.880	948.672	-1472	
23064579	-64	-48	15552	-3.904	-2.928	948.672	-1456	
23144212	-80	-112	15536	-4.880	-6.832	947.696	-1488	
23223846	-80	-64	15552	-4.880	-3.904	948.672	-1472	
23303477	-80	-80	15568	-4.880	-4.880	949.648	-1504	
23383109	-96	-48	15584	-5.856	-2.928	950.624	-1488	
23462736	-80	-96	15536	-4.880	-5.856	947.696	-1488	
23542361	-48	-80	15552	-2.928	-4.880	948.672	-1488	
23621994	-48	-32	15584	-2.928	-1.952	950.624	-1520	
23701623	-64	-16	15520	-3.904	-0.976	946.720	-1536	
23781258	-112	-48	15600	-6.832	-2.928	951.600	-1504	
23860889	-112	-80	15568	-6.832	-4.880	949.648	-1472	
23940520	-96	-80	15584	-5.856	-4.880	950.624	-1520	
24020153	-96	-96	15568	-5.856	-5.856	949.648	-1520	
24099783	-32	-64	15552	-1.952	-3.904	948.672	-1504	
24179411	-96	-80	15520	-5.856	-4.880	946.720	-1504	
24259039	-64	-64	15536	-3.904	-3.904	947.696	-1456	
24338669	-64	-48	15568	-3.904	-2.928	949.648	-1488	
24418299	-80	-80	15520	-4.880	-4.880	946.720	-1456	
24497924	-32	-48	15552	-1.952	-2.928	948.672	-1504	
24577553	-80	-64	15584	-4.880	-3.904	950.624	-1520	
24657184	-64	-96	15520	-3.904	-5.856	946.720	-1520	
24736812	-64	-64	15568	-3.904	-3.904	949.648	-1520	
24816443	-64	-80	15584	-3.904	-4.880	950.624	-1504	
24896076	-96	-48	15584	-5.856	-2.928	950.624	-1488	
24975708	-96	-64	15584	-5.856	-3.904	950.624	-1520	
25055334	-80	-64	15520	-4.880	-3.904	946.720	-1520	
25134965	-80	-48	15536	-4.880	-2.928	947.696	-1488	
25214594	-80	-32	15584	-4.880	-1.952	950.624	-1472	
25294223	-48	-80	15568	-2.928	-4.880	949.648	-1488	
25373850	-64	-48	15568	-3.904	-2.928	949.648	-1472	
25453475	-80	-96	15552	-4.880	-5.856	948.672	-1536	
25533105	-96	-96	15584	-5.856	-5.856	950.624	-1520	
25612732	-80	-64	15552	-4.880	-3.904	948.672	-1504	
25692362	-80	-80	15552	-4.880	-4.880	948.672	-1472	
25771987	-32	-32	15568	-1.952	-1.952	949.648	-1488	
25851611	-96	-64	15600	-5.856	-3.904	951.600	-1520	
25931233	-96	-64	15552	-5.856	-3.904	948.672	-1488	
26010858	-64	-80	15552	-3.904	-4.880	948.672	-1504	
26090485	-96	-16	15552	-5.856	-0.976	948.672	-1520	
26170113	-64	-48	15584	-3.904	-2.928	950.624	-1488	
26249742	-48	-32	15584	-2.928	-1.952	950.624	-1536	
26329371	-48	-48	15584	-2.928	-2.928	950.624	-1504	
26408997	-64	-48	15584	-3.904	-2.928	950.624	-1552	
26488625	-80	-96	15568	-4.880	-5.856	949.648	-1520	
26568255	-64	-32	15552	-3.904	-1.952	948.672	-1504	
26647887	-64	0	15584	-3.904	0.000	950.624	-1488	
26727513	-96	-64	15520	-5.856	-3.904	946.720	-1472	
26807141	-48	-64	15584	-2.928	-3.904	950.624	-1520	
26886768	-64	-64	15584	-3.904	-3.904	950.624	-1504	
26966392	-96	-64	15552	-5.856	-3.904	948.672	-1520	
27046016	-80	-64	15552	-4.880	-3.904	948.672	-1472	
27125640	-64	-32	15552	-3.904	-1.952	948.672	-1488	
27205264	-96	-96	15552	-5.856	-5.856	948.672	-1536	
27284890	-112	-48	15616	-6.832	-2.928	952.576	-1536	
27364516	-80	-32	15584	-4.880	-1.952	950.624	-1504	
27444141	-32	-80	15536	-1.952	-4.880	947.696	-1504	
27523768	-96	-64	15504	-5.856	-3.904	945.744	-1504	
27603395	-80	-32	15616	-4.880	-1.952	952.576	-1520	
27683022	-48	-48	15568	-2.928	-2.928	949.648	-1472	
27762654	-112	-64	15536	-6.832	-3.904	947.696	-1520	
27842286	-48	-32	15584	-2.928	-1.952	950.624	-1472	
27921915	-96	-48	15584	-5.856	-2.928	950.624	-1504	
28001549	-96	-16	15552	-5.856	-0.976	948.672	-1552	
28081178	-128	-48	15600	-7.808	-2.928	951.600	-1520	
28160807	-80	-32	15600	-4.880	-1.952	951.600	-1488	
28240437	-48	-48	15552	-2.928	-2.928	948.672	-1520	
28320064	-64	-64	15552	-3.904	-3.904	948.672	-1520	
28399695	-80	-64	15520	-4.880	-3.904	946.720	-1520	
28479320	-48	-112	15632	-2.928	-6.832	953.552	-1536	
28558951	-80	-16	15600	-4.880	-0.976	951.600	-1520	
28638582	-32	-32	15584	-1.952	-1.952	950.624	-1488	
28718209	-64	-80	15552	-3.904	-4.880	948.672	-1520	
28797833	-80	-48	15552	-4.880	-2.928	948.672	-1504	
28877461	-64	-64	15584	-3.904	-3.904	950.624	-1504	
28957090	-64	-48	15568	-3.904	-2.928	949.648	-1504	
29036721	-64	-48	15600	-3.904	-2.928	951.600	-1536	
29116347	-64	-64	15584	-3.904	-3.904	950.624	-1536	
29195973	-80	-64	15616	-4.880	-3.904	952.576	-1536	
29275597	-96	-32	15584	-5.856	-1.952	950.624	-1488	
29355225	-48	-80	15568	-2.928	-4.880	949.648	-1520	
29434849	-64	-48	15584	-3.904	-2.928	950.624	-1472	
29514475	-80	-80	15584	-4.880	-4.880	950.624	-1536	
29594102	-80	-96	15584	-4.880	-5.856	950.624	-1520	
29673729	-80	-48	15600	-4.880	-2.928	951.600	-1488	
29753362	-96	-48	15584	-5.856	-2.928	950.624	-1488	
29832989	-96	-64	15584	-5.856	-3.904	950.624	-1520	
29912621	-64	-80	15536	-3.904	-4.880	947.696	-1504	
29992250	-80	-48	15584	-4.880	-2.928	950.624	-1520	
30071884	-80	-48	15552	-4.880	-2.928	948.672	-1504	
30151515	-64	-16	15520	-3.904	-0.976	946.720	-1472	
30231147	-80	-48	15584	-4.880	-2.928	950.624	-1536	
30310779	-80	-32	15616	-4.880	-1.952	952.576	-1488	
30390407	-80	-80	15552	-4.880	-4.880	948.672	-1488	
30470037	-64	0	15552	-3.904	0.000	948.672	-1552	
30549666	-112	-64	15584	-6.832	-3.904	950.624	-1536	
30629293	-64	-64	15568	-3.904	-3.904	949.648	-1520	
30708920	-64	-80	15584	-3.904	-4.880	950.624	-1520	
30788547	-80	-64	15552	-4.880	-3.904	948.672	-1488	
30868175	-64	-32	15552	-3.904	-1.952	948.672	-1504	
30947803	-64	-48	15552	-3.904	-2.928	948.672	-1520	
31027430	-80	-64	15552	-4.880	-3.904	948.672	-1536	
31107058	-48	-64	15568	-2.928	-3.904	949.648	-1472	
31186688	-96	-64	15552	-5.856	-3.904	948.672	-1504	
31266318	-80	-80	15600	-4.880	-4.880	951.600	-1536	
31345942	-80	-80	15600	-4.880	-4.880	951.600	-1536	
31425564	-64	-48	15584	-3.904	-2.928	950.624	-1520	
31505194	-16	-64	15536	-0.976	-3.904	947.696	-1504	
31584823	-112	-80	15584	-6.832	-4.880	950.624	-1504	
31664450	-48	-96	15552	-2.928	-5.856	948.672	-1488	
31744083	-128	-32	15584	-7.808	-1.952	950.624	-1536	
31823709	-48	0	15568	-2.928	0.000	949.648	-1504	
31903335	-64	-80	15584	-3.904	-4.880	950.624	-1504	
31982961	-80	-48	15552	-4.880	-2.928	948.672	-1504	
32062586	-48	-32	15536	-2.928	-1.952	947.696	-1488	
32142210	-64	-16	15552	-3.904	-0.976	948.672	-1552	
32221839	-48	-48	15584	-2.928	-2.928	950.624	-1536	
32301469	-64	-64	15584	-3.904	-3.904	950.624	-1504	
32381100	-64	-64	15600	-3.904	-3.904	951.600	-1520	
32460727	-80	-32	15568	-4.880	-1.952	949.648	-1488	
32540356	-64	-80	15568	-3.904	-4.880	949.648	-1488	
32619987	-80	-16	15584	-4.880	-0.976	950.624	-1504	
32699614	-80	-64	15568	-4.880	-3.904	949.648	-1520	
32779243	-64	-32	15552	-3.904	-1.952	948.672	-1504	
32858874	-32	-16	15552	-1.952	-0.976	948.672	-1552	
32938505	-48	-80	15584	-2.928	-4.880	950.624	-1488	
33018133	-64	-48	15536	-3.904	-2.928	947.696	-1536	
33097766	-80	-96	15584	-4.880	-5.856	950.624	-1520	
33177395	-32	0	15584	-1.952	0.000	950.624	-1520	
33257023	-80	-64	15552	-4.880	-3.904	948.672	-1568	
33336651	-64	-48	15584	-3.904	-2.928	950.624	-1520	
33416280	-96	-80	15584	-5.856	-4.880	950.624	-1536	
33495908	-64	-80	15536	-3.904	-4.880	947.696	-1504	
33575537	-80	-48	15520	-4.880	-2.928	946.720	-1520	
33655164	-80	-80	15552	-4.880	-4.880	948.672	-1504	
33734795	-32	-32	15600	-1.952	-1.952	951.600	-1552	
33814421	-64	-48	15584	-3.904	-2.928	950.624	-1488	
33894048	-32	-48	15584	-1.952	-2.928	950.624	-1520	
33973674	-64	-64	15568	-3.904	-3.904	949.648	-1520	
34053297	-64	-64	15536	-3.904	-3.904	947.696	-1488	
34132920	-48	-80	15584	-2.928	-4.880	950.624	-1504	
34212543	0	-64	15568	0.000	-3.904	949.648	-1520	
34292172	-96	-112	15600	-5.856	-6.832	951.600	-1520	
34371799	-16	-16	15536	-0.976	-0.976	947.696	-1536	
34451427	-64	-80	15552	-3.904	-4.880	948.672	-1536	
34531055	-64	0	15584	-3.904	0.000	950.624	-1536	
34610685	-64	-96	15552	-3.904	-5.856	948.672	-1520	
34690314	-80	-32	15552	-4.880	-1.952	948.672	-1520	
34769940	-48	-64	15584	-2.928	-3.904	950.624	-1488	
34849569	-96	-32	15536	-5.856	-1.952	947.696	-1504	
34929197	-48	-80	15584	-2.928	-4.880	950.624	-1504	
35008826	-48	-48	15600	-2.928	-2.928	951.600	-1536	
35088455	-80	-32	15600	-4.880	-1.952	951.600	-1504	
35168083	-112	-32	15552	-6.832	-1.952	948.672	-1504	
35247709	-80	-48	15552	-4.880	-2.928	948.672	-1536	
35327334	-48	-32	15552	-2.928	-1.952	948.672	-1536	
35406961	-64	-32	15584	-3.904	-1.952	950.624	-1520	
35486586	-48	-32	15568	-2.928	-1.952	949.648	-1488	
35566214	-64	-16	15584	-3.904	-0.976	950.624	-1504	
35645841	-64	-80	15552	-3.904	-4.880	948.672	-1536	
35725466	-80	-64	15552	-4.880	-3.904	948.672	-1488	
35805094	-32	-80	15584	-1.952	-4.880	950.624	-1504	
35884721	-32	-32	15552	-1.952	-1.952	948.672	-1536	
35964346	-64	-32	15536	-3.904	-1.952	947.696	-1504	
36043971	-48	-48	15584	-2.928	-2.928	950.624	-1536	
36123603	-64	-48	15584	-3.904	-2.928	950.624	-1552	
36203232	-32	-96	15520	-1.952	-5.856	946.720	-1504	
36282860	-80	-32	15536	-4.880	-1.952	947.696	-1536	
36362487	-64	-32	15584	-3.904	-1.952	950.624	-1520	
36442110	-32	-48	15568	-1.952	-2.928	949.648	-1472	
36521738	-32	-48	15520	-1.952	-2.928	946.720	-1520	
36601366	-96	-80	15568	-5.856	-4.880	949.648	-1472	
36680997	-80	-48	15600	-4.880	-2.928	951.600	-1552	
36760626	-80	-96	15600	-4.880	-5.856	951.600	-1488	
36840258	-48	-64	15552	-2.928	-3.904	948.672	-1552	
36919890	-96	-16	15568	-5.856	-0.976	949.648	-1536	
36999517	-80	-80	15536	-4.880	-4.880	947.696	-1520	
37079141	-80	-80	15552	-4.880	-4.880	948.672	-1488	
37158768	-64	-64	15552	-3.904	-3.904	948.672	-1536	
37238391	-80	-80	15520	-4.880	-4.880	946.720	-1520	
37318018	-64	-48	15568	-3.904	-2.928	949.648	-1520	
37397646	-112	-64	15584	-6.832	-3.904	950.624	-1520	
37477269	-64	-80	15616	-3.904	-4.880	952.576	-1488	
37556899	-80	-48	15616	-4.880	-2.928	952.576	-1536	
37636530	-64	-64	15584	-3.904	-3.904	950.624	-1520	
37716163	-64	-32	15616	-3.904	-1.952	952.576	-1536	
37795793	-80	-32	15600	-4.880	-1.952	951.600	-1488	
37875424	-80	-48	15568	-4.880	-2.928	949.648	-1520	
37955054	-64	16	15552	-3.904	0.976	948.672	-1520	
38034685	-64	-16	15584	-3.904	-0.976	950.624	-1504	
38114313	-48	-32	15552	-2.928	-1.952	948.672	-1504	
38193943	-96	-48	15552	-5.856	-2.928	948.672	-1520	
38273571	-96	-64	15536	-5.856	-3.904	947.696	-1488	
38353197	-96	-80	15568	-5.856	-4.880	949.648	-1552	
38432824	-64	-80	15520	-3.904	-4.880	946.720	-1504	
38512448	-64	-64	15584	-3.904	-3.904	950.624	-1520	
38592076	-96	-32	15536	-5.856	-1.952	947.696	-1520	
38671705	-80	-80	15568	-4.880	-4.880	949.648	-1536	
38751332	-48	-32	15552	-2.928	-1.952	948.672	-1536	
38830959	-80	-48	15536	-4.880	-2.928	947.696	-1504	
38910590	-80	-48	15552	-4.880	-2.928	948.672	-1536	
38990215	-96	-32	15584	-5.856	-1.952	950.624	-1504	
39069841	-64	-64	15552	-3.904	-3.904	948.672	-1520	
39149467	-96	-48	15584	-5.856	-2.928	950.624	-1520	
39229097	-96	-64	15584	-5.856	-3.904	950.624	-1568	
39308726	-128	-64	15584	-7.808	-3.904	950.624	-1504	
39388358	-96	-64	15584	-5.856	-3.904	950.624	-1552	
39467986	-96	-64	15600	-5.856	-3.904	951.600	-1536	
39547614	-96	-80	15616	-5.856	-4.880	952.576	-1504	
39627244	-96	-64	15584	-5.856	-3.904	950.624	-1488	
39706872	-96	-16	15520	-5.856	-0.976	946.720	-1520	
39786498	-96	-64	15584	-5.856	-3.904	950.624	-1504	
39866125	-64	-64	15536	-3.904	-3.904	947.696	-1504	
39945753	-48	-48	15552	-2.928	-2.928	948.672	-1504	
40025383	-80	-48	15616	-4.880	-2.928	952.576	-1520	
40105011	-64	-64	15600	-3.904	-3.904	951.600	-1488	
40184636	-64	-48	15568	-3.904	-2.928	949.648	-1456	
40264273	-96	-32	15552	-5.856	-1.952	948.672	-1536	
40343908	-64	-48	15552	-3.904	-2.928	948.672	-1536	
40423542	-80	-48	15568	-4.880	-2.928	949.648	-1536	
40503173	-48	-32	15552	-2.928	-1.952	948.672	-1488	
40582802	-96	-48	15536	-5.856	-2.928	947.696	-1504	
40662433	-64	-80	15552	-3.904	-4.880	948.672	-1504	
40742060	-96	-64	15520	-5.856	-3.904	946.720	-1520	
40821687	-64	-96	15520	-3.904	-5.856	946.720	-1520	
40901317	-96	-64	15520	-5.856	-3.904	946.720	-1520	
40980948	-48	-64	15552	-2.928	-3.904	948.672	-1504	
41060577	-80	-96	15600	-4.880	-5.856	951.600	-1568	
41140204	-64	-48	15552	-3.904	-2.928	948.672	-1520	
41219833	-112	-48	15568	-6.832	-2.928	949.648	-1488	
41299457	-48	-64	15536	-2.928	-3.904	947.696	-1584	
41379089	-64	-64	15520	-3.904	-3.904	946.720	-1504	
41458721	-80	-48	15520	-4.880	-2.928	946.720	-1504	
41538351	-48	-64	15552	-2.928	-3.904	948.672	-1504	
41617978	-128	-16	15536	-7.808	-0.976	947.696	-1488	
41697613	-32	-64	15584	-1.952	-3.904	950.624	-1504	
41777239	-32	-80	15568	-1.952	-4.880	949.648	-1472	
41856870	-80	-64	15552	-4.880	-3.904	948.672	-1552	
41936498	-32	-96	15584	-1.952	-5.856	950.624	-1488	
42016129	-64	-32	15600	-3.904	-1.952	951.600	-1504	
42095760	-48	-64	15568	-2.928	-3.904	949.648	-1536	
42175389	-64	-64	15520	-3.904	-3.904	946.720	-1536	
42255020	-80	-32	15568	-4.880	-1.952	949.648	-1488	
42334650	-96	-64	15584	-5.856	-3.904	950.624	-1520	
42414277	-80	-80	15584	-4.880	-4.880	950.624	-1520	
42493908	-80	-32	15584	-4.880	-1.952	950.624	-1552	
42573539	-32	-64	15536	-1.952	-3.904	947.696	-1488	
42653172	-32	-16	15536	-1.952	-0.976	947.696	-1488	
42732803	-80	-32	15584	-4.880	-1.952	950.624	-1536	
42812431	-48	0	15520	-2.928	0.000	946.720	-1520	
42892056	-48	-64	15552	-2.928	-3.904	948.672	-1536	
42971684	-64	-96	15584	-3.904	-5.856	950.624	-1520	
43051313	-32	-48	15536	-1.952	-2.928	947.696	-1472	
43130941	-48	-48	15488	-2.928	-2.928	944.768	-1504	
43210572	-48	-64	15504	-2.928	-3.904	945.744	-1504	
43290201	-48	-80	15552	-2.928	-4.880	948.672	-1520	
43369828	-48	-64	15584	-2.928	-3.904	950.624	-1520	
43449459	-80	-32	15584	-4.880	-1.952	950.624	-1520	
43529091	-128	-48	15552	-7.808	-2.928	948.672	-1488	
43608720	-32	-32	15520	-1.952	-1.952	946.720	-1504	
43688346	-64	-32	15600	-3.904	-1.952	951.600	-1552	
43767975	-80	-32	15584	-4.880	-1.952	950.624	-1520	
43847602	-48	-80	15584	-2.928	-4.880	950.624	-1504	
43927231	-80	-48	15536	-4.880	-2.928	947.696	-1536	
44006858	-80	-112	15584	-4.880	-6.832	950.624	-1520	
44086487	-96	-32	15584	-5.856	-1.952	950.624	-1536	
44166118	-48	-96	15600	-2.928	-5.856	951.600	-1504	
44245746	-64	-48	15552	-3.904	-2.928	948.672	-1520	
44325377	-128	-48	15536	-7.808	-2.928	947.696	-1536	
44405006	-80	-64	15568	-4.880	-3.904	949.648	-1488	
44484637	-80	-64	15568	-4.880	-3.904	949.648	-1520	
44564269	-32	-64	15568	-1.952	-3.904	949.648	-1520	
44643897	-128	-32	15584	-7.808	-1.952	950.624	-1488	
44723523	-48	-32	15552	-2.928	-1.952	948.672	-1552	
44803154	-80	-64	15552	-4.880	-3.904	948.672	-1504	
44882785	-80	-64	15536	-4.880	-3.904	947.696	-1520	
44962415	-96	-32	15536	-5.856	-1.952	947.696	-1536	
45042049	-64	-32	15536	-3.904	-1.952	947.696	-1504	
45121679	-112	-112	15584	-6.832	-6.832	950.624	-1520	
45201310	-96	-64	15584	-5.856	-3.904	950.624	-1568	
45280939	-48	-32	15552	-2.928	-1.952	948.672	-1536	
45360572	-96	-80	15584	-5.856	-4.880	950.624	-1504	
45440199	-32	-64	15536	-1.952	-3.904	947.696	-1520	
45519832	-80	-64	15568	-4.880	-3.904	949.648	-1584	
45599464	-64	-64	15568	-3.904	-3.904	949.648	-1520	
45679100	-16	-32	15600	-0.976	-1.952	951.600	-1552	
45758732	-48	-80	15520	-2.928	-4.880	946.720	-1536	
45838368	-112	-80	15568	-6.832	-4.880	949.648	-1520	
45917999	-32	-32	15552	-1.952	-1.952	948.672	-1520	
45997630	-64	-48	15552	-3.904	-2.928	948.672	-1520	
46077257	-32	-48	15536	-1.952	-2.928	947.696	-1552	
46156890	-48	-64	15552	-2.928	-3.904	948.672	-1504	
46236528	-80	-48	15584	-4.880	-2.928	950.624	-1472	
46316165	-64	-80	15568	-3.904	-4.880	949.648	-1552	
46395800	-80	-64	15536	-4.880	-3.904	947.696	-1520	
46475434	-80	-48	15552	-4.880	-2.928	948.672	-1504	
46555067	-80	-48	15584	-4.880	-2.928	950.624	-1488	
46634699	-64	-96	15584	-3.904	-5.856	950.624	-1504	
46714330	-80	-64	15584	-4.880	-3.904	950.624	-1536	
46793961	-64	-80	15584	-3.904	-4.880	950.624	-1488	
46873594	-64	-96	15552	-3.904	-5.856	948.672	-1520	
46953225	-64	-64	15552	-3.904	-3.904	948.672	-1504	
47032860	-64	-80	15536	-3.904	-4.880	947.696	-1536	
47112495	-80	-32	15568	-4.880	-1.952	949.648	-1552	
47192129	-32	-64	15584	-1.952	-3.904	950.624	-1504	
47271762	-64	-64	15568	-3.904	-3.904	949.648	-1504	
47351394	-64	-32	15600	-3.904	-1.952	951.600	-1520	
47431027	-80	-64	15584	-4.880	-3.904	950.624	-1536	
47510656	-80	-48	15584	-4.880	-2.928	950.624	-1536	
47590290	-32	-64	15504	-1.952	-3.904	945.744	-1520	
47669919	-64	-48	15552	-3.904	-2.928	948.672	-1536	
47749551	-112	-48	15568	-6.832	-2.928	949.648	-1520	
47829185	-64	-48	15552	-3.904	-2.928	948.672	-1520	
47908818	-64	-64	15552	-3.904	-3.904	948.672	-1568	
47988449	-112	-48	15584	-6.832	-2.928	950.624	-1520	
48068081	-64	-96	15568	-3.904	-5.856	949.648	-1488	
48147711	-80	-80	15552	-4.880	-4.880	948.672	-1536	
48227343	-48	-64	15584	-2.928	-3.904	950.624	-1520	
48306972	-80	-48	15552	-4.880	-2.928	948.672	-1520	
48386602	-112	-64	15552	-6.832	-3.904	948.672	-1488	
48466231	-112	-32	15568	-6.832	-1.952	949.648	-1520	
48545858	-64	-64	15584	-3.904	-3.904	950.624	-1488	
48625485	-64	-64	15552	-3.904	-3.904	948.672	-1552	
48705116	-64	-16	15520	-3.904	-0.976	946.720	-1504	
48784751	-96	-48	15584	-5.856	-2.928	950.624	-1504	
48864383	-48	-64	15536	-2.928	-3.904	947.696	-1504	
48944015	-80	-32	15520	-4.880	-1.952	946.720	-1504	
49023646	-64	-64	15584	-3.904	-3.904	950.624	-1504	
49103276	-64	-64	15552	-3.904	-3.904	948.672	-1504	
49182904	-32	-16	15552	-1.952	-0.976	948.672	-1504	
49262531	-64	-96	15552	-3.904	-5.856	948.672	-1520	
49342159	-64	-16	15552	-3.904	-0.976	948.672	-1552	
49421785	-48	-64	15568	-2.928	-3.904	949.648	-1536	
49501413	-48	-48	15552	-2.928	-2.928	948.672	-1568	
49581045	-80	-32	15552	-4.880	-1.952	948.672	-1520	
49660677	-96	0	15536	-5.856	0.000	947.696	-1520	
49740306	-64	-64	15584	-3.904	-3.904	950.624	-1520	
49819931	-64	-80	15600	-3.904	-4.880	951.600	-1536	
49899559	-64	-64	15536	-3.904	-3.904	947.696	-1520	
49979187	-48	-48	15552	-2.928	-2.928	948.672	-1504	
50058818	-64	-48	15584	-3.904	-2.928	950.624	-1504	
50138449	-48	-32	15536	-2.928	-1.952	947.696	-1504	
50218083	-64	0	15552	-3.904	0.000	948.672	-1472	
50297718	-64	-48	15552	-3.904	-2.928	948.672	-1520	
50377351	-48	-96	15552	-2.928	-5.856	948.672	-1536	
50456979	-48	-32	15568	-2.928	-1.952	949.648	-1520	
50536604	-64	-96	15536	-3.904	-5.856	947.696	-1536	
50616237	-96	-80	15520	-5.856	-4.880	946.720	-1504	
50695866	-64	-64	15584	-3.904	-3.904	950.624	-1472	
50775496	-80	-80	15600	-4.880	-4.880	951.600	-1520	
50855128	-96	-80	15584	-5.856	-4.880	950.624	-1488	
50934762	-80	-32	15568	-4.880	-1.952	949.648	-1520	
51014394	-64	-80	15552	-3.904	-4.880	948.672	-1504	
51094028	-48	-32	15536	-2.928	-1.952	947.696	-1504	
51173660	-64	-64	15568	-3.904	-3.904	949.648	-1536	
51253288	-64	-32	15584	-3.904	-1.952	950.624	-1552	
51332913	-80	-32	15520	-4.880	-1.952	946.720	-1520	
51412545	-80	-48	15584	-4.880	-2.928	950.624	-1504	
51492171	-96	-96	15584	-5.856	-5.856	950.624	-1520	
51571801	-48	-48	15584	-2.928	-2.928	950.624	-1536	
51651427	-64	-80	15536	-3.904	-4.880	947.696	-1568	
51731057	-32	-32	15568	-1.952	-1.952	949.648	-1552	
51810687	-48	-32	15552	-2.928	-1.952	948.672	-1504	
51890314	-112	-32	15552	-6.832	-1.952	948.672	-1520	
51969938	-96	-64	15536	-5.856	-3.904	947.696	-1536	
52049569	-64	-48	15584	-3.904	-2.928	950.624	-1504	
52129200	-80	-48	15584	-4.880	-2.928	950.624	-1520	
52208836	-64	-48	15552	-3.904	-2.928	948.672	-1520	
52288468	-32	-48	15552	-1.952	-2.928	948.672	-1520	
52368100	-80	-80	15520	-4.880	-4.880	946.720	-1520	
52447734	-96	-80	15552	-5.856	-4.880	948.672	-1536	
52527364	-96	-80	15584	-5.856	-4.880	950.624	-1520	
52606996	-80	-48	15536	-4.880	-2.928	947.696	-1504	
52686628	-80	-48	15536	-4.880	-2.928	947.696	-1536	
52766259	-64	-48	15536	-3.904	-2.928	947.696	-1520	
52845891	-80	-64	15536	-4.880	-3.904	947.696	-1520	
52925522	-64	-64	15536	-3.904	-3.904	947.696	-1520	
53005153	-32	-64	15600	-1.952	-3.904	951.600	-1520	
53084783	-80	-64	15520	-4.880	-3.904	946.720	-1536	
53164416	-80	-48	15568	-4.880	-2.928	949.648	-1536	
53244046	-64	-32	15552	-3.904	-1.952	948.672	-1520	
53323676	-96	-64	15584	-5.856	-3.904	950.624	-1520	
53403306	-80	-64	15552	-4.880	-3.904	948.672	-1488	
53482935	-64	-48	15552	-3.904	-2.928	948.672	-1536	
53562564	-64	-64	15584	-3.904	-3.904	950.624	-1552	
53642190	-64	-48	15536	-3.904	-2.928	947.696	-1536	
53721815	-48	-64	15584	-2.928	-3.904	950.624	-1536	
53801444	-48	-80	15536	-2.928	-4.880	947.696	-1520	
53881071	-64	-64	15552	-3.904	-3.904	948.672	-1568	
53960698	-64	-80	15568	-3.904	-4.880	949.648	-1504	
54040326	-80	-16	15536	-4.880	-0.976	947.696	-1504	
54119954	-96	-48	15552	-5.856	-2.928	948.672	-1536	
54199580	-80	-48	15584	-4.880	-2.928	950.624	-1536	
54279203	-112	-32	15600	-6.832	-1.952	951.600	-1520	
54358829	-64	-32	15552	-3.904	-1.952	948.672	-1552	
54438456	-48	-96	15584	-2.928	-5.856	950.624	-1584	
54518078	-64	-48	15552	-3.904	-2.928	948.672	-1520	
54597704	-32	-64	15552	-1.952	-3.904	948.672	-1520	
54677326	-112	-32	15600	-6.832	-1.952	951.600	-1536	
54756954	-48	-64	15584	-2.928	-3.904	950.624	-1536	
54836580	-96	-48	15552	-5.856	-2.928	948.672	-1552	
54916209	-48	-32	15536	-2.928	-1.952	947.696	-1488	
54995835	-64	-96	15552	-3.904	-5.856	948.672	-1504	
55075463	-112	-32	15568	-6.832	-1.952	949.648	-1536	
55155091	-96	-64	15600	-5.856	-3.904	951.600	-1536	
55234716	-64	-112	15552	-3.904	-6.832	948.672	-1536	
55314340	-96	-80	15584	-5.856	-4.880	950.624	-1520	
55393970	-64	-96	15520	-3.904	-5.856	946.720	-1552	
55473601	-80	-48	15536	-4.880	-2.928	947.696	-1536	
55553224	-64	-64	15600	-3.904	-3.904	951.600	-1504	
55632854	-64	-48	15552	-3.904	-2.928	948.672	-1536	
55712482	-32	-64	15584	-1.952	-3.904	950.624	-1504	
55792111	-48	-80	15584	-2.928	-4.880	950.624	-1520	
55871745	-80	-32	15600	-4.880	-1.952	951.600	-1536	
55951379	-64	-64	15552	-3.904	-3.904	948.672	-1520	
56031010	-64	-32	15600	-3.904	-1.952	951.600	-1520	
56110636	-32	-64	15552	-1.952	-3.904	948.672	-1552	
56190265	-16	-48	15520	-0.976	-2.928	946.720	-1504	
56269891	-80	-32	15568	-4.880	-1.952	949.648	-1488	
56349518	-48	-48	15600	-2.928	-2.928	951.600	-1504	
56429141	-32	-64	15584	-1.952	-3.904	950.624	-1520	
56508770	-32	-80	15568	-1.952	-4.880	949.648	-1552	
56588395	-80	-80	15568	-4.880	-4.880	949.648	-1520	
56668025	-96	-64	15584	-5.856	-3.904	950.624	-1504	
56747651	-16	-64	15536	-0.976	-3.904	947.696	-1536	
56827274	-48	-48	15584	-2.928	-2.928	950.624	-1536	
56906896	-48	-64	15552	-2.928	-3.904	948.672	-1568	
56986520	-96	-64	15600	-5.856	-3.904	951.600	-1504	
57066140	-80	-64	15552	-4.880	-3.904	948.672	-1504	
57145760	-80	-32	15536	-4.880	-1.952	947.696	-1520	
57225383	-32	-32	15600	-1.952	-1.952	951.600	-1520	
57305006	-96	-48	15536	-5.856	-2.928	947.696	-1504	
57384628	-64	-80	15520	-3.904	-4.880	946.720	-1536	
57464249	-80	-96	15552	-4.880	-5.856	948.672	-1520	
57543875	-80	-48	15600	-4.880	-2.928	951.600	-1520	
57623504	0	-32	15552	0.000	-1.952	948.672	-1536	
57703128	-48	-32	15552	-2.928	-1.952	948.672	-1584	
57782753	-128	-64	15568	-7.808	-3.904	949.648	-1504	
57862382	-96	-32	15568	-5.856	-1.952	949.648	-1552	
57942007	-128	-64	15600	-7.808	-3.904	951.600	-1536	
58021635	-80	-48	15536	-4.880	-2.928	947.696	-1520	
58101262	-64	-80	15552	-3.904	-4.880	948.672	-1520	
58180889	-96	-32	15584	-5.856	-1.952	950.624	-1536	
58260515	-96	-80	15600	-5.856	-4.880	951.600	-1552	
58340136	-80	0	15584	-4.880	0.000	950.624	-1520	
58419757	-96	-64	15568	-5.856	-3.904	949.648	-1536	
58499381	304	-80	15520	18.544	-4.880	946.720	-1600	
58579008	16	-80	15536	0.976	-4.880	947.696	-1568	
