Timestamp [us]	A_X [LSB]	A_Y [LSB]	A_Z [LSB]	A_X [mg]	A_Y [mg]	A_Z [mg]	QVAR [LSB]	
12795	-288	-32	15648	-17.568	-1.952	954.528	-1504	
52604	-336	0	15568	-20.496	0.000	949.648	-1568	
92411	-496	64	15488	-30.256	3.904	944.768	-1536	
132219	240	-256	15856	14.640	-15.616	967.216	-1504	
172026	-208	-80	15600	-12.688	-4.880	951.600	-1552	
211831	-336	0	15488	-20.496	0.000	944.768	-1536	
251637	-240	16	15584	-14.640	0.976	950.624	-1520	
291444	-320	32	15536	-19.520	1.952	947.696	-1536	
331248	-304	-16	15568	-18.544	-0.976	949.648	-1536	
371056	-352	-16	15552	-21.472	-0.976	948.672	-1536	
410863	-304	-16	15584	-18.544	-0.976	950.624	-1584	
450669	-320	-48	15584	-19.520	-2.928	950.624	-1536	
490480	-304	-16	15584	-18.544	-0.976	950.624	-1520	
530287	-304	-48	15552	-18.544	-2.928	948.672	-1536	
570092	-288	-48	15584	-17.568	-2.928	950.624	-1536	
609901	-352	-64	15584	-21.472	-3.904	950.624	-1536	
649710	-320	-32	15584	-19.520	-1.952	950.624	-1536	
689518	-256	-16	15584	-15.616	-0.976	950.624	-1552	
729325	-256	-48	15504	-15.616	-2.928	945.744	-1488	
769133	-336	-48	15520	-20.496	-2.928	946.720	-1536	
808941	-320	48	15584	-19.520	2.928	950.624	-1504	
848748	-320	-48	15616	-19.520	-2.928	952.576	-1520	
888557	-288	-48	15648	-17.568	-2.928	954.528	-1584	
928362	-320	-80	15584	-19.520	-4.880	950.624	-1504	
968166	-320	32	15552	-19.520	1.952	948.672	-1536	
1007973	-304	-16	15552	-18.544	-0.976	948.672	-1552	
1047781	-288	-32	15584	-17.568	-1.952	950.624	-1568	
1087589	-320	-64	15552	-19.520	-3.904	948.672	-1568	
1127397	-304	-64	15568	-18.544	-3.904	949.648	-1568	
1167205	-320	-32	15584	-19.520	-1.952	950.624	-1552	
1207012	-272	-32	15568	-16.592	-1.952	949.648	-1536	
1246822	-336	-48	15552	-20.496	-2.928	948.672	-1552	
1286629	-320	-32	15536	-19.520	-1.952	947.696	-1536	
1326436	-320	0	15616	-19.520	0.000	952.576	-1536	
1366246	-368	16	15552	-22.448	0.976	948.672	-1536	
1406054	-336	-48	15568	-20.496	-2.928	949.648	-1520	
1445862	-288	-32	15584	-17.568	-1.952	950.624	-1536	
1485672	-320	-64	15584	-19.520	-3.904	950.624	-1536	
1525480	-336	-48	15536	-20.496	-2.928	947.696	-1552	
1565289	-304	-64	15616	-18.544	-3.904	952.576	-1568	
1605097	-304	-32	15552	-18.544	-1.952	948.672	-1520	
1644903	-304	-16	15616	-18.544	-0.976	952.576	-1488	
1684710	-336	-16	15584	-20.496	-0.976	950.624	-1520	
1724519	-352	-48	15536	-21.472	-2.928	947.696	-1552	
1764329	-320	0	15584	-19.520	0.000	950.624	-1568	
1804138	-320	16	15520	-19.520	0.976	946.720	-1568	
1843947	-304	-16	15584	-18.544	-0.976	950.624	-1584	
1883754	-320	16	15584	-19.520	0.976	950.624	-1536	
1923562	-320	-16	15536	-19.520	-0.976	947.696	-1520	
1963367	-336	-80	15568	-20.496	-4.880	949.648	-1520	
2003175	-320	-16	15552	-19.520	-0.976	948.672	-1568	
2042984	-320	0	15536	-19.520	0.000	947.696	-1552	
2082794	-368	16	15536	-22.448	0.976	947.696	-1520	
2122601	-304	-16	15616	-18.544	-0.976	952.576	-1568	
2162410	-320	-16	15568	-19.520	-0.976	949.648	-1536	
2202219	-336	0	15584	-20.496	0.000	950.624	-1552	
2242025	-304	0	15536	-18.544	0.000	947.696	-1536	
2281834	-352	-16	15536	-21.472	-0.976	947.696	-1536	
2321643	-320	-32	15568	-19.520	-1.952	949.648	-1520	
2361451	-320	0	15632	-19.520	0.000	953.552	-1568	
2401259	-336	-32	15568	-20.496	-1.952	949.648	-1584	
2441068	-336	0	15568	-20.496	0.000	949.648	-1504	
2480878	-304	-48	15584	-18.544	-2.928	950.624	-1472	
2520685	-352	-32	15568	-21.472	-1.952	949.648	-1568	
2560492	-336	0	15536	-20.496	0.000	947.696	-1536	
2600298	-336	-16	15552	-20.496	-0.976	948.672	-1552	
2640105	-288	-48	15536	-17.568	-2.928	947.696	-1600	
2679912	-320	0	15584	-19.520	0.000	950.624	-1552	
2719720	-336	0	15600	-20.496	0.000	951.600	-1552	
2759530	-320	0	15552	-19.520	0.000	948.672	-1552	
2799338	-288	0	15584	-17.568	0.000	950.624	-1552	
2839144	-336	-32	15584	-20.496	-1.952	950.624	-1536	
2878957	-304	0	15600	-18.544	0.000	951.600	-1536	
2918767	-320	-48	15632	-19.520	-2.928	953.552	-1536	
2958574	-336	-48	15584	-20.496	-2.928	950.624	-1568	
2998384	-320	-32	15568	-19.520	-1.952	949.648	-1536	
3038193	-304	-48	15536	-18.544	-2.928	947.696	-1520	
3078002	-272	16	15552	-16.592	0.976	948.672	-1568	
3117811	-336	-32	15584	-20.496	-1.952	950.624	-1504	
3157620	-336	-32	15600	-20.496	-1.952	951.600	-1504	
3197431	-320	-16	15600	-19.520	-0.976	951.600	-1536	
3237240	-320	-48	15552	-19.520	-2.928	948.672	-1568	
3277047	-304	16	15568	-18.544	0.976	949.648	-1488	
3316857	-304	-16	15552	-18.544	-0.976	948.672	-1552	
3356664	-304	-80	15600	-18.544	-4.880	951.600	-1552	
3396472	-304	-32	15584	-18.544	-1.952	950.624	-1536	
3436281	-288	0	15552	-17.568	0.000	948.672	-1568	
3476089	-336	-64	15584	-20.496	-3.904	950.624	-1568	
3515897	-304	-48	15568	-18.544	-2.928	949.648	-1568	
3555705	-352	16	15584	-21.472	0.976	950.624	-1584	
3595512	-320	0	15536	-19.520	0.000	947.696	-1568	
3635320	-304	0	15584	-18.544	0.000	950.624	-1504	
3675131	-304	-64	15584	-18.544	-3.904	950.624	-1536	
3714941	-352	-32	15552	-21.472	-1.952	948.672	-1536	
3754752	-352	16	15568	-21.472	0.976	949.648	-1536	
3794562	-336	-48	15536	-20.496	-2.928	947.696	-1520	
3834371	-336	0	15584	-20.496	0.000	950.624	-1520	
3874179	-288	-32	15568	-17.568	-1.952	949.648	-1536	
3913989	-304	-64	15584	-18.544	-3.904	950.624	-1552	
3953799	-304	0	15600	-18.544	0.000	951.600	-1520	
3993609	-320	-16	15536	-19.520	-0.976	947.696	-1520	
4033417	-304	-64	15552	-18.544	-3.904	948.672	-1504	
4073226	-320	-16	15600	-19.520	-0.976	951.600	-1520	
4113033	-320	-16	15584	-19.520	-0.976	950.624	-1552	
4152843	-352	16	15584	-21.472	0.976	950.624	-1520	
4192650	-288	-48	15552	-17.568	-2.928	948.672	-1552	
4232454	-352	-48	15552	-21.472	-2.928	948.672	-1472	
4272262	-272	-16	15584	-16.592	-0.976	950.624	-1536	
4312070	-320	0	15552	-19.520	0.000	948.672	-1536	
4351877	-336	-16	15536	-20.496	-0.976	947.696	-1536	
4391683	-320	-32	15520	-19.520	-1.952	946.720	-1568	
4431491	-320	-16	15600	-19.520	-0.976	951.600	-1584	
4471300	-320	-16	15600	-19.520	-0.976	951.600	-1568	
4511107	-336	-32	15584	-20.496	-1.952	950.624	-1536	
4550916	-320	32	15568	-19.520	1.952	949.648	-1536	
4590724	-320	-48	15584	-19.520	-2.928	950.624	-1552	
4630533	-272	0	15584	-16.592	0.000	950.624	-1536	
4670343	-336	0	15552	-20.496	0.000	948.672	-1520	
4710152	-288	-64	15488	-17.568	-3.904	944.768	-1536	
4749962	-288	-32	15600	-17.568	-1.952	951.600	-1536	
4789772	-304	-32	15584	-18.544	-1.952	950.624	-1552	
4829581	-304	-32	15536	-18.544	-1.952	947.696	-1536	
4869391	-304	-16	15616	-18.544	-0.976	952.576	-1536	
4909203	-320	-64	15584	-19.520	-3.904	950.624	-1552	
4949011	-336	0	15568	-20.496	0.000	949.648	-1520	
4988823	-288	16	15584	-17.568	0.976	950.624	-1536	
5028631	-304	-32	15552	-18.544	-1.952	948.672	-1536	
5068438	-304	-16	15552	-18.544	-0.976	948.672	-1536	
5108246	-272	-48	15600	-16.592	-2.928	951.600	-1536	
5148055	-256	-80	15520	-15.616	-4.880	946.720	-1568	
5187862	-320	16	15600	-19.520	0.976	951.600	-1536	
5227672	-368	0	15584	-22.448	0.000	950.624	-1552	
5267480	-320	0	15552	-19.520	0.000	948.672	-1584	
5307287	-336	-32	15552	-20.496	-1.952	948.672	-1520	
5347096	-336	-16	15520	-20.496	-0.976	946.720	-1584	
5386903	-304	-32	15584	-18.544	-1.952	950.624	-1552	
5426711	-336	-16	15552	-20.496	-0.976	948.672	-1552	
5466522	-336	-48	15616	-20.496	-2.928	952.576	-1568	
5506333	-288	0	15584	-17.568	0.000	950.624	-1536	
5546138	-288	-48	15536	-17.568	-2.928	947.696	-1568	
5585944	-336	-48	15584	-20.496	-2.928	950.624	-1552	
5625753	-320	-16	15552	-19.520	-0.976	948.672	-1536	
5665560	-320	-16	15600	-19.520	-0.976	951.600	-1536	
5705369	-320	-16	15584	-19.520	-0.976	950.624	-1552	
5745181	-288	0	15600	-17.568	0.000	951.600	-1568	
5784992	-272	0	15600	-16.592	0.000	951.600	-1520	
5824799	-320	0	15584	-19.520	0.000	950.624	-1520	
5864609	-336	-48	15536	-20.496	-2.928	947.696	-1536	
5904417	-304	0	15600	-18.544	0.000	951.600	-1520	
5944226	-320	0	15568	-19.520	0.000	949.648	-1520	
5984035	-304	-16	15600	-18.544	-0.976	951.600	-1552	
6023844	-272	0	15584	-16.592	0.000	950.624	-1504	
6063652	-352	0	15568	-21.472	0.000	949.648	-1568	
6103459	-352	16	15568	-21.472	0.976	949.648	-1568	
6143267	-336	-16	15568	-20.496	-0.976	949.648	-1536	
6183074	-352	-32	15552	-21.472	-1.952	948.672	-1552	
6222882	-320	-32	15552	-19.520	-1.952	948.672	-1568	
6262691	-336	-64	15584	-20.496	-3.904	950.624	-1536	
6302498	-336	-32	15584	-20.496	-1.952	950.624	-1552	
6342307	-320	0	15616	-19.520	0.000	952.576	-1520	
6382116	-304	-32	15584	-18.544	-1.952	950.624	-1504	
6421923	-336	-16	15552	-20.496	-0.976	948.672	-1552	
6461734	-288	16	15584	-17.568	0.976	950.624	-1568	
6501545	-352	-16	15568	-21.472	-0.976	949.648	-1568	
6541355	-304	-16	15584	-18.544	-0.976	950.624	-1536	
6581163	-288	0	15600	-17.568	0.000	951.600	-1536	
6620972	-304	0	15584	-18.544	0.000	950.624	-1568	
6660781	-272	-32	15520	-16.592	-1.952	946.720	-1536	
6700590	-352	-32	15600	-21.472	-1.952	951.600	-1536	
6740399	-336	-16	15584	-20.496	-0.976	950.624	-1584	
6780211	-288	-32	15552	-17.568	-1.952	948.672	-1520	
6820022	-320	-48	15568	-19.520	-2.928	949.648	-1520	
6859833	-336	16	15552	-20.496	0.976	948.672	-1536	
6899641	-336	48	15568	-20.496	2.928	949.648	-1520	
6939448	-336	-16	15568	-20.496	-0.976	949.648	-1536	
6979257	-304	-48	15584	-18.544	-2.928	950.624	-1568	
7019063	-320	16	15568	-19.520	0.976	949.648	-1536	
7058871	-352	-48	15584	-21.472	-2.928	950.624	-1520	
7098676	-304	-48	15552	-18.544	-2.928	948.672	-1568	
7138481	-400	-32	15536	-24.400	-1.952	947.696	-1568	
7178289	-352	16	15568	-21.472	0.976	949.648	-1504	
7218095	-320	-32	15568	-19.520	-1.952	949.648	-1568	
7257901	-336	-32	15520	-20.496	-1.952	946.720	-1536	
7297708	-336	-32	15552	-20.496	-1.952	948.672	-1552	
7337514	-320	0	15520	-19.520	0.000	946.720	-1536	
7377320	-304	0	15584	-18.544	0.000	950.624	-1552	
7417126	-320	-32	15600	-19.520	-1.952	951.600	-1504	
7456933	-320	-48	15568	-19.520	-2.928	949.648	-1536	
7496739	-336	-16	15568	-20.496	-0.976	949.648	-1552	
7536547	-304	0	15584	-18.544	0.000	950.624	-1552	
7576355	-336	-32	15536	-20.496	-1.952	947.696	-1536	
7616162	-272	-32	15600	-16.592	-1.952	951.600	-1568	
7655969	-336	-16	15536	-20.496	-0.976	947.696	-1552	
7695777	-336	-16	15520	-20.496	-0.976	946.720	-1520	
7735584	-320	0	15552	-19.520	0.000	948.672	-1552	
7775391	-304	-16	15552	-18.544	-0.976	948.672	-1568	
7815197	-320	-64	15600	-19.520	-3.904	951.600	-1552	
7855002	-336	-16	15632	-20.496	-0.976	953.552	-1568	
7894808	-336	16	15568	-20.496	0.976	949.648	-1584	
7934617	-352	-16	15536	-21.472	-0.976	947.696	-1552	
7974425	-320	-32	15600	-19.520	-1.952	951.600	-1536	
8014233	-352	-16	15584	-21.472	-0.976	950.624	-1536	
8054040	-352	0	15520	-21.472	0.000	946.720	-1536	
8093847	-304	-32	15632	-18.544	-1.952	953.552	-1552	
8133653	-304	-32	15536	-18.544	-1.952	947.696	-1568	
8173462	-288	-16	15584	-17.568	-0.976	950.624	-1552	
8213273	-272	-64	15536	-16.592	-3.904	947.696	-1552	
8253080	-368	0	15584	-22.448	0.000	950.624	-1568	
8292888	-304	-16	15584	-18.544	-0.976	950.624	-1568	
8332696	-368	-16	15536	-22.448	-0.976	947.696	-1584	
8372503	-304	-64	15568	-18.544	-3.904	949.648	-1536	
8412308	-352	0	15584	-21.472	0.000	950.624	-1568	
8452116	-320	0	15600	-19.520	0.000	951.600	-1536	
8491922	-304	-48	15552	-18.544	-2.928	948.672	-1600	
8531728	-336	-32	15584	-20.496	-1.952	950.624	-1536	
8571535	-336	16	15600	-20.496	0.976	951.600	-1536	
8611341	-320	0	15568	-19.520	0.000	949.648	-1536	
8651148	-320	-64	15616	-19.520	-3.904	952.576	-1552	
8690956	-368	-16	15584	-22.448	-0.976	950.624	-1584	
8730765	-304	-32	15600	-18.544	-1.952	951.600	-1584	
8770575	-320	-16	15584	-19.520	-0.976	950.624	-1536	
8810383	-336	-32	15568	-20.496	-1.952	949.648	-1584	
8850188	-368	0	15568	-22.448	0.000	949.648	-1536	
8889994	-288	-48	15584	-17.568	-2.928	950.624	-1536	
8929804	-320	16	15552	-19.520	0.976	948.672	-1536	
8969612	-336	-48	15584	-20.496	-2.928	950.624	-1552	
9009420	-320	-32	15600	-19.520	-1.952	951.600	-1552	
9049229	-288	-16	15536	-17.568	-0.976	947.696	-1536	
9089037	-336	-32	15616	-20.496	-1.952	952.576	-1552	
9128844	-304	-32	15584	-18.544	-1.952	950.624	-1504	
9168653	-336	0	15536	-20.496	0.000	947.696	-1536	
9208460	-320	-16	15584	-19.520	-0.976	950.624	-1520	
9248269	-352	0	15600	-21.472	0.000	951.600	-1552	
9288077	-288	-32	15568	-17.568	-1.952	949.648	-1520	
9327882	-288	0	15568	-17.568	0.000	949.648	-1552	
9367689	-288	-48	15584	-17.568	-2.928	950.624	-1552	
9407496	-272	-16	15584	-16.592	-0.976	950.624	-1552	
9447305	-352	-32	15568	-21.472	-1.952	949.648	-1584	
9487113	-304	-16	15600	-18.544	-0.976	951.600	-1584	
9526922	-352	16	15552	-21.472	0.976	948.672	-1536	
9566730	-336	-64	15584	-20.496	-3.904	950.624	-1552	
9606540	-336	-48	15584	-20.496	-2.928	950.624	-1536	
9646352	-336	-32	15584	-20.496	-1.952	950.624	-1520	
9686161	-352	0	15600	-21.472	0.000	951.600	-1552	
9725970	-336	-16	15584	-20.496	-0.976	950.624	-1520	
9765778	-304	-16	15616	-18.544	-0.976	952.576	-1520	
9805586	-336	16	15584	-20.496	0.976	950.624	-1504	
9845397	-336	-16	15568	-20.496	-0.976	949.648	-1520	
9885206	-320	-64	15552	-19.520	-3.904	948.672	-1536	
9925017	-320	0	15584	-19.520	0.000	950.624	-1536	
9964828	-304	-16	15552	-18.544	-0.976	948.672	-1552	
10004638	-368	-16	15584	-22.448	-0.976	950.624	-1552	
10044448	-336	-16	15552	-20.496	-0.976	948.672	-1504	
10084258	-368	16	15568	-22.448	0.976	949.648	-1536	
10124067	-320	-32	15568	-19.520	-1.952	949.648	-1520	
10163877	-336	-16	15584	-20.496	-0.976	950.624	-1568	
10203688	-336	0	15568	-20.496	0.000	949.648	-1568	
10243498	-336	-32	15520	-20.496	-1.952	946.720	-1616	
10283306	-320	0	15600	-19.520	0.000	951.600	-1552	
10323116	-336	-48	15552	-20.496	-2.928	948.672	-1536	
10362926	-320	-48	15568	-19.520	-2.928	949.648	-1520	
10402734	-352	-16	15584	-21.472	-0.976	950.624	-1568	
10442548	-304	-32	15552	-18.544	-1.952	948.672	-1552	
10482357	-304	-16	15568	-18.544	-0.976	949.648	-1536	
10522168	-304	0	15584	-18.544	0.000	950.624	-1552	
10561979	-320	-48	15552	-19.520	-2.928	948.672	-1536	
10601787	-320	-16	15584	-19.520	-0.976	950.624	-1520	
10641595	-352	-16	15584	-21.472	-0.976	950.624	-1552	
10681405	-288	-32	15584	-17.568	-1.952	950.624	-1520	
10721216	-304	-32	15584	-18.544	-1.952	950.624	-1536	
10761026	-320	-16	15584	-19.520	-0.976	950.624	-1584	
10800838	-320	16	15552	-19.520	0.976	948.672	-1536	
10840648	-320	-32	15584	-19.520	-1.952	950.624	-1584	
10880457	-288	0	15536	-17.568	0.000	947.696	-1520	
10920267	-384	-32	15552	-23.424	-1.952	948.672	-1536	
10960077	-336	16	15600	-20.496	0.976	951.600	-1536	
10999885	-304	-16	15552	-18.544	-0.976	948.672	-1520	
11039696	-288	-80	15584	-17.568	-4.880	950.624	-1536	
11079505	-352	-32	15568	-21.472	-1.952	949.648	-1568	
11119313	-368	-16	15584	-22.448	-0.976	950.624	-1584	
11159123	-320	-64	15632	-19.520	-3.904	953.552	-1520	
11198933	-304	16	15568	-18.544	0.976	949.648	-1568	
11238742	-336	-16	15552	-20.496	-0.976	948.672	-1536	
11278549	-304	-32	15536	-18.544	-1.952	947.696	-1552	
11318356	-368	-32	15616	-22.448	-1.952	952.576	-1520	
11358165	-320	0	15584	-19.520	0.000	950.624	-1520	
11397971	-352	-32	15568	-21.472	-1.952	949.648	-1520	
11437779	-304	-16	15568	-18.544	-0.976	949.648	-1552	
11477587	-336	-32	15600	-20.496	-1.952	951.600	-1568	
11517394	-320	-16	15584	-19.520	-0.976	950.624	-1552	
11557201	-304	48	15552	-18.544	2.928	948.672	-1536	
11597008	-352	16	15552	-21.472	0.976	948.672	-1536	
11636815	-304	-16	15600	-18.544	-0.976	951.600	-1520	
11676620	-320	-64	15552	-19.520	-3.904	948.672	-1536	
11716428	-336	32	15536	-20.496	1.952	947.696	-1488	
11756237	-352	-16	15552	-21.472	-0.976	948.672	-1568	
11796045	-320	-16	15552	-19.520	-0.976	948.672	-1552	
11835851	-320	-48	15552	-19.520	-2.928	948.672	-1552	
11875657	-304	-32	15584	-18.544	-1.952	950.624	-1568	
11915464	-320	-48	15552	-19.520	-2.928	948.672	-1552	
11955271	-304	-16	15552	-18.544	-0.976	948.672	-1584	
11995079	-336	0	15536	-20.496	0.000	947.696	-1520	
12034888	-320	0	15568	-19.520	0.000	949.648	-1552	
12074698	-320	-48	15552	-19.520	-2.928	948.672	-1536	
12114506	-320	16	15520	-19.520	0.976	946.720	-1568	
12154315	-288	-16	15520	-17.568	-0.976	946.720	-1520	
12194124	-368	-48	15568	-22.448	-2.928	949.648	-1520	
12233930	-304	-48	15584	-18.544	-2.928	950.624	-1520	
12273738	-320	0	15568	-19.520	0.000	949.648	-1504	
12313545	-336	-16	15552	-20.496	-0.976	948.672	-1552	
12353355	-320	-32	15520	-19.520	-1.952	946.720	-1568	
12393162	-336	-32	15568	-20.496	-1.952	949.648	-1536	
12432972	-320	-32	15584	-19.520	-1.952	950.624	-1520	
12472781	-320	-32	15584	-19.520	-1.952	950.624	-1504	
12512592	-288	-112	15536	-17.568	-6.832	947.696	-1520	
12552401	-320	-16	15600	-19.520	-0.976	951.600	-1536	
12592210	-320	-16	15584	-19.520	-0.976	950.624	-1504	
12632019	-304	16	15568	-18.544	0.976	949.648	-1520	
12671827	-352	-48	15568	-21.472	-2.928	949.648	-1536	
12711634	-336	-16	15536	-20.496	-0.976	947.696	-1536	
12751441	-288	0	15568	-17.568	0.000	949.648	-1584	
12791247	-320	-32	15600	-19.520	-1.952	951.600	-1552	
12831057	-352	-16	15552	-21.472	-0.976	948.672	-1552	
12870864	-352	-16	15568	-21.472	-0.976	949.648	-1552	
12910673	-336	-80	15584	-20.496	-4.880	950.624	-1520	
12950480	-304	16	15584	-18.544	0.976	950.624	-1520	
12990287	-336	0	15552	-20.496	0.000	948.672	-1552	
13030094	-320	-32	15584	-19.520	-1.952	950.624	-1552	
13069900	-304	-32	15568	-18.544	-1.952	949.648	-1568	
13109707	-368	0	15600	-22.448	0.000	951.600	-1504	
13149515	-288	32	15568	-17.568	1.952	949.648	-1520	
13189324	-320	-16	15536	-19.520	-0.976	947.696	-1552	
13229130	-320	-16	15584	-19.520	-0.976	950.624	-1552	
13268940	-304	32	15568	-18.544	1.952	949.648	-1504	
13308749	-352	-32	15584	-21.472	-1.952	950.624	-1568	
13348559	-336	-32	15520	-20.496	-1.952	946.720	-1520	
13388366	-304	16	15584	-18.544	0.976	950.624	-1520	
13428177	-336	-32	15616	-20.496	-1.952	952.576	-1584	
13467982	-320	-48	15552	-19.520	-2.928	948.672	-1520	
13507791	-336	-48	15600	-20.496	-2.928	951.600	-1552	
13547601	-352	-32	15584	-21.472	-1.952	950.624	-1568	
13587406	-320	0	15552	-19.520	0.000	948.672	-1552	
13627215	-368	-32	15568	-22.448	-1.952	949.648	-1568	
13667021	-352	0	15584	-21.472	0.000	950.624	-1568	
13706829	-320	-16	15600	-19.520	-0.976	951.600	-1568	
13746638	-304	-48	15568	-18.544	-2.928	949.648	-1552	
13786448	-384	-16	15520	-23.424	-0.976	946.720	-1504	
13826255	-320	-64	15552	-19.520	-3.904	948.672	-1504	
13866063	-288	-16	15584	-17.568	-0.976	950.624	-1520	
13905870	-304	-16	15584	-18.544	-0.976	950.624	-1584	
13945678	-352	-32	15568	-21.472	-1.952	949.648	-1568	
13985485	-320	-32	15552	-19.520	-1.952	948.672	-1536	
14025293	-288	-16	15568	-17.568	-0.976	949.648	-1520	
14065098	-352	-48	15536	-21.472	-2.928	947.696	-1536	
14104903	-304	0	15584	-18.544	0.000	950.624	-1552	
14144709	-304	-16	15584	-18.544	-0.976	950.624	-1504	
14184515	-336	-64	15552	-20.496	-3.904	948.672	-1536	
14224319	-352	-32	15552	-21.472	-1.952	948.672	-1536	
14264125	-304	-16	15600	-18.544	-0.976	951.600	-1584	
14303932	-288	-16	15552	-17.568	-0.976	948.672	-1536	
14343744	-336	-16	15600	-20.496	-0.976	951.600	-1568	
14383552	-320	-48	15600	-19.520	-2.928	951.600	-1584	
14423359	-304	-32	15552	-18.544	-1.952	948.672	-1520	
14463170	-288	0	15552	-17.568	0.000	948.672	-1520	
14502977	-320	16	15584	-19.520	0.976	950.624	-1536	
14542785	-352	0	15536	-21.472	0.000	947.696	-1536	
14582590	-336	-16	15584	-20.496	-0.976	950.624	-1520	
14622400	-304	-16	15584	-18.544	-0.976	950.624	-1552	
14662207	-320	0	15552	-19.520	0.000	948.672	-1536	
14702015	-336	-32	15600	-20.496	-1.952	951.600	-1520	
14741823	-368	-32	15536	-22.448	-1.952	947.696	-1552	
14781631	-320	-16	15616	-19.520	-0.976	952.576	-1472	
14821439	-288	-32	15616	-17.568	-1.952	952.576	-1504	
14861249	-352	-32	15584	-21.472	-1.952	950.624	-1536	
14901055	-320	16	15568	-19.520	0.976	949.648	-1536	
14940864	-336	-16	15616	-20.496	-0.976	952.576	-1552	
14980672	-304	16	15600	-18.544	0.976	951.600	-1472	
15020484	-304	-16	15520	-18.544	-0.976	946.720	-1504	
15060293	-352	0	15584	-21.472	0.000	950.624	-1520	
15100103	-320	-64	15520	-19.520	-3.904	946.720	-1536	
15139913	-288	-48	15584	-17.568	-2.928	950.624	-1568	
15179724	-320	-16	15584	-19.520	-0.976	950.624	-1536	
15219531	-320	-48	15584	-19.520	-2.928	950.624	-1568	
15259336	-352	0	15552	-21.472	0.000	948.672	-1568	
15299142	-368	-32	15552	-22.448	-1.952	948.672	-1520	
15338951	-288	-32	15552	-17.568	-1.952	948.672	-1520	
15378758	-320	-32	15552	-19.520	-1.952	948.672	-1568	
15418568	-304	0	15584	-18.544	0.000	950.624	-1504	
15458376	-320	-16	15536	-19.520	-0.976	947.696	-1536	
15498183	-352	0	15584	-21.472	0.000	950.624	-1552	
15537990	-368	-80	15568	-22.448	-4.880	949.648	-1520	
15577797	-272	16	15552	-16.592	0.976	948.672	-1520	
15617604	-320	-64	15536	-19.520	-3.904	947.696	-1552	
15657411	-368	-16	15584	-22.448	-0.976	950.624	-1536	
15697219	-304	-16	15536	-18.544	-0.976	947.696	-1536	
15737024	-336	0	15584	-20.496	0.000	950.624	-1552	
15776831	-304	-48	15552	-18.544	-2.928	948.672	-1520	
15816639	-352	-32	15584	-21.472	-1.952	950.624	-1520	
15856446	-368	-16	15568	-22.448	-0.976	949.648	-1520	
15896253	-320	-48	15552	-19.520	-2.928	948.672	-1552	
15936061	-320	-48	15520	-19.520	-2.928	946.720	-1520	
15975867	-336	16	15600	-20.496	0.976	951.600	-1520	
16015676	-352	0	15552	-21.472	0.000	948.672	-1568	
16055485	-320	0	15616	-19.520	0.000	952.576	-1568	
16095293	-320	-16	15584	-19.520	-0.976	950.624	-1584	
16135099	-336	0	15552	-20.496	0.000	948.672	-1520	
16174909	-288	0	15568	-17.568	0.000	949.648	-1552	
16214716	-320	-32	15552	-19.520	-1.952	948.672	-1552	
16254525	-272	-64	15536	-16.592	-3.904	947.696	-1536	
16294336	-336	16	15584	-20.496	0.976	950.624	-1536	
16334145	-320	-32	15536	-19.520	-1.952	947.696	-1520	
16373954	-336	-64	15568	-20.496	-3.904	949.648	-1536	
16413762	-320	-16	15552	-19.520	-0.976	948.672	-1520	
16453570	-320	-64	15584	-19.520	-3.904	950.624	-1536	
16493380	-272	0	15600	-16.592	0.000	951.600	-1552	
16533188	-336	-32	15552	-20.496	-1.952	948.672	-1504	
16572998	-320	-64	15552	-19.520	-3.904	948.672	-1536	
16612805	-336	-48	15552	-20.496	-2.928	948.672	-1584	
16652613	-304	-48	15584	-18.544	-2.928	950.624	-1520	
16692422	-320	-48	15552	-19.520	-2.928	948.672	-1568	
16732233	-304	-16	15568	-18.544	-0.976	949.648	-1584	
16772043	-288	16	15520	-17.568	0.976	946.720	-1520	
16811852	-336	0	15584	-20.496	0.000	950.624	-1472	
16851661	-320	-16	15584	-19.520	-0.976	950.624	-1536	
16891469	-320	-48	15568	-19.520	-2.928	949.648	-1536	
16931279	-320	-16	15584	-19.520	-0.976	950.624	-1568	
16971088	-304	-16	15584	-18.544	-0.976	950.624	-1568	
17010895	-336	-32	15600	-20.496	-1.952	951.600	-1568	
17050704	-400	-32	15584	-24.400	-1.952	950.624	-1584	
17090512	-336	-64	15584	-20.496	-3.904	950.624	-1536	
17130321	-352	-32	15536	-21.472	-1.952	947.696	-1520	
17170128	-320	0	15552	-19.520	0.000	948.672	-1536	
17209935	-320	-64	15552	-19.520	-3.904	948.672	-1520	
17249742	-336	0	15584	-20.496	0.000	950.624	-1536	
17289552	-304	16	15600	-18.544	0.976	951.600	-1536	
17329361	-368	32	15568	-22.448	1.952	949.648	-1520	
17369171	-352	16	15552	-21.472	0.976	948.672	-1520	
17408980	-352	-16	15568	-21.472	-0.976	949.648	-1568	
17448789	-304	-32	15552	-18.544	-1.952	948.672	-1504	
17488597	-304	0	15584	-18.544	0.000	950.624	-1536	
17528406	-368	-16	15584	-22.448	-0.976	950.624	-1536	
17568215	-336	-32	15616	-20.496	-1.952	952.576	-1520	
17608025	-352	-32	15584	-21.472	-1.952	950.624	-1536	
17647835	-336	-16	15584	-20.496	-0.976	950.624	-1552	
17687641	-336	0	15584	-20.496	0.000	950.624	-1584	
17727450	-320	-16	15584	-19.520	-0.976	950.624	-1584	
17767260	-320	-16	15568	-19.520	-0.976	949.648	-1552	
17807071	-368	-16	15584	-22.448	-0.976	950.624	-1536	
17846877	-320	-32	15536	-19.520	-1.952	947.696	-1552	
17886688	-320	16	15552	-19.520	0.976	948.672	-1504	
17926497	-352	-48	15616	-21.472	-2.928	952.576	-1552	
17966306	-320	-16	15552	-19.520	-0.976	948.672	-1568	
18006115	-336	-48	15584	-20.496	-2.928	950.624	-1536	
18045923	-336	0	15552	-20.496	0.000	948.672	-1552	
18085730	-336	-48	15600	-20.496	-2.928	951.600	-1504	
18125538	-336	-32	15584	-20.496	-1.952	950.624	-1520	
18165346	-336	-16	15568	-20.496	-0.976	949.648	-1552	
18205155	-304	-64	15552	-18.544	-3.904	948.672	-1552	
18244964	-368	-16	15520	-22.448	-0.976	946.720	-1584	
18284772	-288	-32	15552	-17.568	-1.952	948.672	-1520	
18324579	-304	-16	15584	-18.544	-0.976	950.624	-1552	
18364390	-304	-16	15552	-18.544	-0.976	948.672	-1536	
18404199	-352	-64	15536	-21.472	-3.904	947.696	-1568	
18444008	-304	-16	15552	-18.544	-0.976	948.672	-1568	
18483814	-368	-32	15584	-22.448	-1.952	950.624	-1600	
18523623	-304	-32	15600	-18.544	-1.952	951.600	-1536	
18563432	-352	-16	15600	-21.472	-0.976	951.600	-1520	
18603241	-288	-16	15568	-17.568	-0.976	949.648	-1536	
18643051	-368	0	15584	-22.448	0.000	950.624	-1536	
18682859	-320	-16	15536	-19.520	-0.976	947.696	-1536	
18722669	-384	0	15584	-23.424	0.000	950.624	-1536	
18762478	-288	-48	15568	-17.568	-2.928	949.648	-1520	
18802289	-336	0	15584	-20.496	0.000	950.624	-1552	
18842098	-336	-16	15568	-20.496	-0.976	949.648	-1488	
18881907	-336	-32	15584	-20.496	-1.952	950.624	-1520	
18921715	-320	-32	15584	-19.520	-1.952	950.624	-1536	
18961524	-336	-32	15584	-20.496	-1.952	950.624	-1552	
19001330	-304	16	15600	-18.544	0.976	951.600	-1536	
19041140	-336	-48	15584	-20.496	-2.928	950.624	-1536	
19080946	-352	-32	15552	-21.472	-1.952	948.672	-1536	
19120756	-320	-32	15600	-19.520	-1.952	951.600	-1520	
19160564	-304	32	15584	-18.544	1.952	950.624	-1568	
19200370	-352	-32	15536	-21.472	-1.952	947.696	-1600	
19240179	-352	16	15600	-21.472	0.976	951.600	-1600	
19279989	-336	16	15648	-20.496	0.976	954.528	-1536	
19319797	-304	0	15584	-18.544	0.000	950.624	-1536	
19359605	-336	0	15552	-20.496	0.000	948.672	-1520	
19399414	-320	0	15584	-19.520	0.000	950.624	-1520	
19439225	-336	-48	15552	-20.496	-2.928	948.672	-1520	
19479034	-336	-16	15600	-20.496	-0.976	951.600	-1536	
19518846	-336	-16	15600	-20.496	-0.976	951.600	-1552	
19558656	-288	-48	15552	-17.568	-2.928	948.672	-1536	
19598468	-320	-16	15600	-19.520	-0.976	951.600	-1536	
19638277	-320	0	15552	-19.520	0.000	948.672	-1520	
19678087	-336	-32	15568	-20.496	-1.952	949.648	-1536	
19717898	-288	-32	15520	-17.568	-1.952	946.720	-1536	
19757707	-336	0	15600	-20.496	0.000	951.600	-1504	
19797514	-304	16	15584	-18.544	0.976	950.624	-1520	
19837324	-304	-16	15600	-18.544	-0.976	951.600	-1504	
19877134	-320	0	15584	-19.520	0.000	950.624	-1552	
19916946	-304	0	15568	-18.544	0.000	949.648	-1520	
19956756	-288	16	15568	-17.568	0.976	949.648	-1520	
19996566	-320	-48	15552	-19.520	-2.928	948.672	-1600	
20036379	-288	-48	15616	-17.568	-2.928	952.576	-1600	
20076191	-320	-16	15568	-19.520	-0.976	949.648	-1568	
20116002	-336	0	15584	-20.496	0.000	950.624	-1520	
20155810	-320	-16	15568	-19.520	-0.976	949.648	-1536	
20195620	-384	-16	15568	-23.424	-0.976	949.648	-1568	
20235432	-304	-48	15584	-18.544	-2.928	950.624	-1504	
20275244	-320	16	15600	-19.520	0.976	951.600	-1568	
20315054	-304	0	15552	-18.544	0.000	948.672	-1536	
20354863	-304	-32	15584	-18.544	-1.952	950.624	-1552	
20394673	-320	-16	15584	-19.520	-0.976	950.624	-1536	
20434484	-288	-16	15584	-17.568	-0.976	950.624	-1536	
20474296	-320	-32	15552	-19.520	-1.952	948.672	-1552	
20514105	-304	-32	15584	-18.544	-1.952	950.624	-1552	
20553915	-352	-32	15552	-21.472	-1.952	948.672	-1584	
20593725	-336	-48	15520	-20.496	-2.928	946.720	-1552	
20633534	-352	-32	15600	-21.472	-1.952	951.600	-1584	
20673345	-336	0	15584	-20.496	0.000	950.624	-1488	
20713153	-336	16	15616	-20.496	0.976	952.576	-1536	
20752962	-336	-16	15552	-20.496	-0.976	948.672	-1520	
20792772	-320	-16	15536	-19.520	-0.976	947.696	-1552	
20832580	-352	-48	15584	-21.472	-2.928	950.624	-1552	
20872388	-352	-48	15568	-21.472	-2.928	949.648	-1568	
20912195	-288	-16	15552	-17.568	-0.976	948.672	-1536	
20952003	-288	-64	15584	-17.568	-3.904	950.624	-1552	
20991810	-336	-32	15536	-20.496	-1.952	947.696	-1568	
21031617	-320	-16	15552	-19.520	-0.976	948.672	-1536	
21071425	-272	48	15600	-16.592	2.928	951.600	-1568	
21111232	-880	144	15536	-53.680	8.784	947.696	-1520	
21151039	16	-112	15456	0.976	-6.832	942.816	-1536	
21190845	-192	-64	15632	-11.712	-3.904	953.552	-1504	
21230652	-288	16	15456	-17.568	0.976	942.816	-1536	
21270455	-352	32	15584	-21.472	1.952	950.624	-1552	
21310263	-288	-16	15584	-17.568	-0.976	950.624	-1536	
21350069	-304	-32	15520	-18.544	-1.952	946.720	-1536	
21389874	-352	16	15552	-21.472	0.976	948.672	-1536	
21429680	-320	-48	15552	-19.520	-2.928	948.672	-1584	
21469487	-304	-32	15568	-18.544	-1.952	949.648	-1536	
21509294	-320	-16	15600	-19.520	-0.976	951.600	-1536	
21549104	-400	-16	15584	-24.400	-0.976	950.624	-1568	
21588911	-320	16	15520	-19.520	0.976	946.720	-1520	
21628720	-352	-32	15552	-21.472	-1.952	948.672	-1536	
21668529	-304	-64	15600	-18.544	-3.904	951.600	-1536	
21708337	-288	-16	15568	-17.568	-0.976	949.648	-1552	
21748142	-320	16	15600	-19.520	0.976	951.600	-1536	
21787947	-352	16	15568	-21.472	0.976	949.648	-1552	
21827753	-304	-48	15536	-18.544	-2.928	947.696	-1552	
21867561	-304	-48	15584	-18.544	-2.928	950.624	-1584	
21907367	-320	32	15584	-19.520	1.952	950.624	-1536	
21947174	-336	0	15600	-20.496	0.000	951.600	-1536	
21986979	-320	16	15584	-19.520	0.976	950.624	-1536	
22026789	-320	0	15536	-19.520	0.000	947.696	-1552	
22066595	-336	0	15600	-20.496	0.000	951.600	-1536	
22106400	-336	-16	15552	-20.496	-0.976	948.672	-1536	
22146203	-304	-16	15568	-18.544	-0.976	949.648	-1552	
22186008	-336	-64	15552	-20.496	-3.904	948.672	-1536	
22225813	-336	-16	15584	-20.496	-0.976	950.624	-1552	
22265623	-320	16	15584	-19.520	0.976	950.624	-1552	
22305431	-320	-32	15616	-19.520	-1.952	952.576	-1552	
22345240	-352	-16	15568	-21.472	-0.976	949.648	-1504	
22385050	-336	-16	15600	-20.496	-0.976	951.600	-1536	
22424853	-288	-16	15568	-17.568	-0.976	949.648	-1520	
22464661	-336	-32	15536	-20.496	-1.952	947.696	-1536	
22504462	-320	-64	15600	-19.520	-3.904	951.600	-1520	
22544270	-304	-16	15600	-18.544	-0.976	951.600	-1520	
22584078	-384	-48	15584	-23.424	-2.928	950.624	-1536	
22623882	-352	48	15568	-21.472	2.928	949.648	-1504	
22663689	-336	-48	15584	-20.496	-2.928	950.624	-1584	
22703496	-336	-32	15584	-20.496	-1.952	950.624	-1568	
22743304	-320	-16	15584	-19.520	-0.976	950.624	-1584	
22783113	-320	-16	15584	-19.520	-0.976	950.624	-1520	
22822923	-384	0	15568	-23.424	0.000	949.648	-1536	
22862730	-384	0	15584	-23.424	0.000	950.624	-1536	
22902535	-304	-48	15552	-18.544	-2.928	948.672	-1552	
22942343	-336	16	15520	-20.496	0.976	946.720	-1552	
22982153	-304	-16	15584	-18.544	-0.976	950.624	-1520	
23021962	-336	-16	15520	-20.496	-0.976	946.720	-1568	
23061771	-336	-32	15584	-20.496	-1.952	950.624	-1520	
23101578	-352	16	15568	-21.472	0.976	949.648	-1568	
23141386	-400	16	15600	-24.400	0.976	951.600	-1520	
23181193	-320	-16	15568	-19.520	-0.976	949.648	-1536	
23221002	-320	-48	15584	-19.520	-2.928	950.624	-1520	
23260814	-336	32	15600	-20.496	1.952	951.600	-1536	
23300621	-352	-32	15584	-21.472	-1.952	950.624	-1584	
23340429	-336	-96	15584	-20.496	-5.856	950.624	-1552	
23380238	-336	0	15584	-20.496	0.000	950.624	-1520	
23420048	-336	-16	15568	-20.496	-0.976	949.648	-1552	
23459856	-320	-48	15584	-19.520	-2.928	950.624	-1568	
23499665	-320	0	15584	-19.520	0.000	950.624	-1568	
23539477	-336	-16	15600	-20.496	-0.976	951.600	-1584	
23579286	-336	16	15536	-20.496	0.976	947.696	-1568	
23619095	-320	-16	15552	-19.520	-0.976	948.672	-1552	
23658907	-400	-16	15552	-24.400	-0.976	948.672	-1536	
23698718	-320	-32	15584	-19.520	-1.952	950.624	-1536	
23738530	-320	-48	15584	-19.520	-2.928	950.624	-1584	
23778341	-368	-16	15520	-22.448	-0.976	946.720	-1520	
23818151	-320	16	15616	-19.520	0.976	952.576	-1568	
23857962	-368	0	15552	-22.448	0.000	948.672	-1552	
23897773	-320	-32	15584	-19.520	-1.952	950.624	-1504	
23937580	-320	16	15584	-19.520	0.976	950.624	-1536	
23977391	-368	0	15584	-22.448	0.000	950.624	-1520	
24017202	-336	-48	15584	-20.496	-2.928	950.624	-1584	
24057014	-320	-16	15552	-19.520	-0.976	948.672	-1552	
24096826	-368	16	15568	-22.448	0.976	949.648	-1504	
24136639	-304	-32	15584	-18.544	-1.952	950.624	-1552	
24176451	-304	-32	15600	-18.544	-1.952	951.600	-1504	
24216265	-368	-80	15584	-22.448	-4.880	950.624	-1536	
24256073	-320	-32	15552	-19.520	-1.952	948.672	-1536	
24295880	-304	-48	15568	-18.544	-2.928	949.648	-1552	
24335687	-320	16	15584	-19.520	0.976	950.624	-1568	
24375492	-320	0	15552	-19.520	0.000	948.672	-1568	
24415299	-320	-32	15600	-19.520	-1.952	951.600	-1552	
24455105	-320	16	15568	-19.520	0.976	949.648	-1552	
24494915	-304	0	15568	-18.544	0.000	949.648	-1568	
24534722	-336	48	15584	-20.496	2.928	950.624	-1536	
24574530	-384	16	15584	-23.424	0.976	950.624	-1568	
24614341	-400	-32	15536	-24.400	-1.952	947.696	-1552	
24654142	-320	-32	15600	-19.520	-1.952	951.600	-1552	
24693947	-336	0	15600	-20.496	0.000	951.600	-1520	
24733753	-320	-16	15552	-19.520	-0.976	948.672	-1552	
24773559	-304	-32	15584	-18.544	-1.952	950.624	-1536	
24813363	-352	-16	15568	-21.472	-0.976	949.648	-1536	
24853168	-336	-16	15584	-20.496	-0.976	950.624	-1536	
24892972	-352	-48	15584	-21.472	-2.928	950.624	-1552	
24932777	-304	-32	15568	-18.544	-1.952	949.648	-1536	
24972581	-368	0	15552	-22.448	0.000	948.672	-1536	
25012387	-320	0	15568	-19.520	0.000	949.648	-1536	
25052192	-336	-32	15584	-20.496	-1.952	950.624	-1536	
25091996	-320	0	15616	-19.520	0.000	952.576	-1520	
25131802	-352	16	15584	-21.472	0.976	950.624	-1552	
25171607	-336	-32	15520	-20.496	-1.952	946.720	-1536	
25211414	-320	-32	15520	-19.520	-1.952	946.720	-1536	
25251220	-352	-16	15584	-21.472	-0.976	950.624	-1568	
25291023	-368	-16	15552	-22.448	-0.976	948.672	-1584	
25330831	-336	-80	15536	-20.496	-4.880	947.696	-1536	
25370638	-352	-16	15584	-21.472	-0.976	950.624	-1568	
25410446	-368	-16	15552	-22.448	-0.976	948.672	-1552	
25450256	-368	0	15584	-22.448	0.000	950.624	-1536	
25490066	-336	-32	15552	-20.496	-1.952	948.672	-1536	
25529875	-336	-16	15600	-20.496	-0.976	951.600	-1536	
25569681	-352	0	15568	-21.472	0.000	949.648	-1536	
25609488	-272	-48	15568	-16.592	-2.928	949.648	-1552	
25649297	-288	32	15584	-17.568	1.952	950.624	-1552	
25689106	-304	-16	15552	-18.544	-0.976	948.672	-1520	
25728916	-352	0	15584	-21.472	0.000	950.624	-1536	
25768728	-336	-32	15568	-20.496	-1.952	949.648	-1552	
25808539	-384	0	15584	-23.424	0.000	950.624	-1536	
25848350	-384	32	15600	-23.424	1.952	951.600	-1520	
25888159	-320	-16	15568	-19.520	-0.976	949.648	-1536	
25927968	-368	-16	15600	-22.448	-0.976	951.600	-1504	
25967778	-352	-32	15616	-21.472	-1.952	952.576	-1520	
26007586	-320	-16	15536	-19.520	-0.976	947.696	-1536	
26047392	-336	-48	15536	-20.496	-2.928	947.696	-1600	
26087201	-336	0	15584	-20.496	0.000	950.624	-1536	
26127009	-320	-16	15520	-19.520	-0.976	946.720	-1616	
26166817	-304	0	15584	-18.544	0.000	950.624	-1536	
26206625	-272	-16	15584	-16.592	-0.976	950.624	-1536	
26246434	-320	-16	15520	-19.520	-0.976	946.720	-1536	
26286244	-336	-32	15520	-20.496	-1.952	946.720	-1536	
26326053	-304	-32	15552	-18.544	-1.952	948.672	-1536	
26365861	-336	32	15584	-20.496	1.952	950.624	-1504	
26405669	-320	-16	15568	-19.520	-0.976	949.648	-1520	
26445479	-288	16	15568	-17.568	0.976	949.648	-1520	
26485288	-320	-16	15536	-19.520	-0.976	947.696	-1536	
26525098	-352	0	15600	-21.472	0.000	951.600	-1536	
26564907	-320	-64	15568	-19.520	-3.904	949.648	-1552	
26604719	-352	-16	15584	-21.472	-0.976	950.624	-1520	
26644528	-368	-16	15552	-22.448	-0.976	948.672	-1536	
26684336	-304	16	15552	-18.544	0.976	948.672	-1536	
26724144	-352	-32	15536	-21.472	-1.952	947.696	-1600	
26763955	-368	0	15552	-22.448	0.000	948.672	-1504	
26803765	-336	-16	15584	-20.496	-0.976	950.624	-1552	
26843574	-352	-16	15600	-21.472	-0.976	951.600	-1552	
26883383	-304	0	15552	-18.544	0.000	948.672	-1568	
26923195	-336	0	15536	-20.496	0.000	947.696	-1568	
26963005	-336	-16	15568	-20.496	-0.976	949.648	-1584	
27002813	-336	0	15568	-20.496	0.000	949.648	-1552	
27042623	-288	0	15584	-17.568	0.000	950.624	-1536	
27082432	-352	0	15536	-21.472	0.000	947.696	-1520	
27122242	-304	-16	15568	-18.544	-0.976	949.648	-1536	
27162052	-336	-64	15616	-20.496	-3.904	952.576	-1552	
27201861	-320	-32	15552	-19.520	-1.952	948.672	-1536	
27241665	-336	16	15584	-20.496	0.976	950.624	-1552	
27281471	-320	16	15600	-19.520	0.976	951.600	-1552	
27321278	-352	0	15504	-21.472	0.000	945.744	-1536	
27361085	-336	-48	15552	-20.496	-2.928	948.672	-1568	
27400891	-352	-16	15552	-21.472	-0.976	948.672	-1568	
27440697	-352	0	15616	-21.472	0.000	952.576	-1520	
27480508	-304	16	15584	-18.544	0.976	950.624	-1568	
27520315	-320	-80	15568	-19.520	-4.880	949.648	-1504	
27560123	-352	16	15600	-21.472	0.976	951.600	-1568	
27599930	-304	-32	15584	-18.544	-1.952	950.624	-1568	
27639739	-320	-32	15552	-19.520	-1.952	948.672	-1520	
27679545	-336	-48	15536	-20.496	-2.928	947.696	-1584	
27719353	-336	0	15552	-20.496	0.000	948.672	-1600	
27759163	-336	-48	15600	-20.496	-2.928	951.600	-1584	
27798971	-336	-32	15600	-20.496	-1.952	951.600	-1552	
27838778	-352	-16	15600	-21.472	-0.976	951.600	-1552	
27878587	-304	-16	15552	-18.544	-0.976	948.672	-1552	
27918398	-320	-48	15552	-19.520	-2.928	948.672	-1536	
27958209	-336	16	15552	-20.496	0.976	948.672	-1568	
27998019	-288	0	15552	-17.568	0.000	948.672	-1520	
28037827	-352	0	15600	-21.472	0.000	951.600	-1552	
28077636	-336	16	15600	-20.496	0.976	951.600	-1504	
28117445	-336	-32	15584	-20.496	-1.952	950.624	-1536	
28157253	-320	0	15584	-19.520	0.000	950.624	-1568	
28197062	-336	-16	15600	-20.496	-0.976	951.600	-1568	
28236870	-336	-16	15600	-20.496	-0.976	951.600	-1568	
28276680	-352	16	15552	-21.472	0.976	948.672	-1536	
28316489	-352	0	15584	-21.472	0.000	950.624	-1552	
28356298	-320	0	15552	-19.520	0.000	948.672	-1568	
28396108	-368	48	15616	-22.448	2.928	952.576	-1520	
28435920	-336	-16	15536	-20.496	-0.976	947.696	-1552	
28475731	-304	0	15584	-18.544	0.000	950.624	-1600	
28515539	-352	-32	15584	-21.472	-1.952	950.624	-1552	
28555349	-336	-16	15600	-20.496	-0.976	951.600	-1584	
28595157	-304	-64	15568	-18.544	-3.904	949.648	-1552	
28634965	-304	16	15584	-18.544	0.976	950.624	-1584	
28674773	-320	16	15584	-19.520	0.976	950.624	-1536	
28714581	-368	0	15600	-22.448	0.000	951.600	-1568	
28754390	-352	0	15568	-21.472	0.000	949.648	-1552	
28794197	-352	-16	15568	-21.472	-0.976	949.648	-1552	
28834008	-304	0	15584	-18.544	0.000	950.624	-1552	
28873818	-304	0	15552	-18.544	0.000	948.672	-1536	
28913626	-336	0	15616	-20.496	0.000	952.576	-1536	
28953433	-368	0	15584	-22.448	0.000	950.624	-1536	
28993238	-336	-32	15584	-20.496	-1.952	950.624	-1520	
29033046	-352	-16	15552	-21.472	-0.976	948.672	-1536	
29072855	-336	-16	15584	-20.496	-0.976	950.624	-1552	
29112660	-336	-64	15584	-20.496	-3.904	950.624	-1552	
29152468	-368	-16	15568	-22.448	-0.976	949.648	-1552	
29192276	-352	16	15600	-21.472	0.976	951.600	-1536	
29232085	-352	-16	15616	-21.472	-0.976	952.576	-1568	
29271893	-336	-80	15584	-20.496	-4.880	950.624	-1552	
29311701	-336	16	15520	-20.496	0.976	946.720	-1568	
29351510	-304	16	15584	-18.544	0.976	950.624	-1568	
29391319	-368	-16	15584	-22.448	-0.976	950.624	-1568	
29431128	-304	-16	15584	-18.544	-0.976	950.624	-1552	
29470936	-352	16	15584	-21.472	0.976	950.624	-1552	
29510742	-320	-64	15616	-19.520	-3.904	952.576	-1552	
29550552	-336	0	15600	-20.496	0.000	951.600	-1536	
29590361	-336	-48	15552	-20.496	-2.928	948.672	-1568	
29630169	1024	16	13392	62.464	0.976	816.912	-1552	
29669977	-2560	272	16704	-156.160	16.592	1018.944	-1520	
29709783	768	-336	15296	46.848	-20.496	933.056	-1552	
29749591	-672	48	15536	-40.992	2.928	947.696	-1568	
29789399	16	-112	15264	0.976	-6.832	931.104	-1552	
29829207	-480	32	15632	-29.280	1.952	953.552	-1536	
29869014	-352	0	15520	-21.472	0.000	946.720	-1584	
29908822	-400	-32	15600	-24.400	-1.952	951.600	-1552	
29948630	-272	-64	15520	-16.592	-3.904	946.720	-1536	
29988437	-336	16	15600	-20.496	0.976	951.600	-1568	
30028247	-336	32	15584	-20.496	1.952	950.624	-1568	
30068056	-320	-16	15616	-19.520	-0.976	952.576	-1584	
30107865	-384	-48	15616	-23.424	-2.928	952.576	-1600	
30147674	-336	16	15584	-20.496	0.976	950.624	-1520	
30187480	-352	-16	15552	-21.472	-0.976	948.672	-1568	
30227288	-368	-16	15536	-22.448	-0.976	947.696	-1536	
30267100	-320	-48	15552	-19.520	-2.928	948.672	-1584	
30306911	-320	-16	15520	-19.520	-0.976	946.720	-1584	
30346718	-352	16	15584	-21.472	0.976	950.624	-1568	
30386524	-336	0	15584	-20.496	0.000	950.624	-1568	
30426330	-352	-16	15520	-21.472	-0.976	946.720	-1568	
30466138	-320	-16	15552	-19.520	-0.976	948.672	-1552	
30505948	-304	-32	15552	-18.544	-1.952	948.672	-1552	
30545759	-352	0	15552	-21.472	0.000	948.672	-1568	
30585570	-304	0	15568	-18.544	0.000	949.648	-1552	
30625377	-272	-64	15520	-16.592	-3.904	946.720	-1584	
30665186	-400	-32	15584	-24.400	-1.952	950.624	-1552	
30704996	-336	-32	15600	-20.496	-1.952	951.600	-1552	
30744804	-336	-48	15600	-20.496	-2.928	951.600	-1536	
30784615	-368	-16	15600	-22.448	-0.976	951.600	-1536	
30824424	-320	-48	15600	-19.520	-2.928	951.600	-1584	
30864233	-288	-48	15584	-17.568	-2.928	950.624	-1536	
30904042	-320	16	15536	-19.520	0.976	947.696	-1536	
30943851	-336	0	15584	-20.496	0.000	950.624	-1568	
30983659	-304	16	15584	-18.544	0.976	950.624	-1600	
31023469	-304	48	15536	-18.544	2.928	947.696	-1488	
31063277	-320	-32	15584	-19.520	-1.952	950.624	-1520	
31103086	-320	-32	15584	-19.520	-1.952	950.624	-1552	
31142895	-400	16	15584	-24.400	0.976	950.624	-1568	
31182706	-320	0	15584	-19.520	0.000	950.624	-1584	
31222514	-304	16	15584	-18.544	0.976	950.624	-1568	
31262323	-384	0	15536	-23.424	0.000	947.696	-1552	
31302133	-320	32	15552	-19.520	1.952	948.672	-1568	
31341942	-352	-16	15552	-21.472	-0.976	948.672	-1552	
31381753	-352	-16	15584	-21.472	-0.976	950.624	-1568	
31421563	-368	-16	15568	-22.448	-0.976	949.648	-1520	
31461372	-368	-32	15616	-22.448	-1.952	952.576	-1536	
31501180	-352	-16	15568	-21.472	-0.976	949.648	-1520	
31540990	-320	48	15600	-19.520	2.928	951.600	-1536	
31580799	-320	0	15584	-19.520	0.000	950.624	-1552	
31620611	-400	-48	15584	-24.400	-2.928	950.624	-1552	
31660421	-352	16	15600	-21.472	0.976	951.600	-1536	
31700229	-320	-16	15584	-19.520	-0.976	950.624	-1552	
31740038	-336	32	15632	-20.496	1.952	953.552	-1568	
31779847	-400	-16	15568	-24.400	-0.976	949.648	-1584	
31819657	-336	-48	15552	-20.496	-2.928	948.672	-1520	
31859467	-336	-48	15552	-20.496	-2.928	948.672	-1520	
31899277	-368	-16	15584	-22.448	-0.976	950.624	-1568	
31939086	-368	16	15600	-22.448	0.976	951.600	-1568	
31978897	-320	-32	15552	-19.520	-1.952	948.672	-1600	
32018706	-320	-32	15552	-19.520	-1.952	948.672	-1568	
32058517	-320	-32	15552	-19.520	-1.952	948.672	-1616	
32098325	-352	0	15584	-21.472	0.000	950.624	-1536	
32138135	-352	16	15584	-21.472	0.976	950.624	-1552	
32177945	-336	0	15584	-20.496	0.000	950.624	-1584	
32217755	-352	-32	15584	-21.472	-1.952	950.624	-1568	
32257563	-320	-32	15552	-19.520	-1.952	948.672	-1584	
32297373	-368	16	15600	-22.448	0.976	951.600	-1552	
32337179	-368	-48	15536	-22.448	-2.928	947.696	-1520	
32376989	-320	0	15584	-19.520	0.000	950.624	-1568	
32416803	-336	-32	15584	-20.496	-1.952	950.624	-1568	
32456615	-336	-16	15552	-20.496	-0.976	948.672	-1584	
32496426	-336	-16	15552	-20.496	-0.976	948.672	-1584	
32536239	-336	16	15568	-20.496	0.976	949.648	-1536	
32576050	-336	0	15616	-20.496	0.000	952.576	-1536	
32615859	-320	16	15600	-19.520	0.976	951.600	-1552	
32655667	-320	0	15584	-19.520	0.000	950.624	-1536	
32695476	-320	-16	15600	-19.520	-0.976	951.600	-1536	
32735286	-352	32	15552	-21.472	1.952	948.672	-1568	
32775095	-336	-32	15584	-20.496	-1.952	950.624	-1552	
32814907	-336	-32	15584	-20.496	-1.952	950.624	-1568	
32854717	-320	-32	15600	-19.520	-1.952	951.600	-1568	
32894528	-304	0	15568	-18.544	0.000	949.648	-1552	
32934336	-320	-32	15568	-19.520	-1.952	949.648	-1568	
32974146	-304	-16	15584	-18.544	-0.976	950.624	-1584	
33013955	-320	-16	15600	-19.520	-0.976	951.600	-1552	
33053764	-304	-48	15600	-18.544	-2.928	951.600	-1584	
33093571	-368	16	15600	-22.448	0.976	951.600	-1536	
33133382	-336	-32	15584	-20.496	-1.952	950.624	-1568	
33173190	-352	16	15536	-21.472	0.976	947.696	-1552	
33213000	-336	-16	15568	-20.496	-0.976	949.648	-1552	
33252810	-352	-16	15584	-21.472	-0.976	950.624	-1552	
33292621	-320	-32	15584	-19.520	-1.952	950.624	-1536	
33332432	-336	-64	15552	-20.496	-3.904	948.672	-1568	
33372244	-304	-48	15552	-18.544	-2.928	948.672	-1600	
33412056	-336	-16	15584	-20.496	-0.976	950.624	-1568	
33451866	-320	32	15584	-19.520	1.952	950.624	-1552	
33491675	-336	-16	15584	-20.496	-0.976	950.624	-1568	
33531486	-304	16	15568	-18.544	0.976	949.648	-1504	
33571295	-336	16	15568	-20.496	0.976	949.648	-1536	
33611108	-352	16	15584	-21.472	0.976	950.624	-1536	
33650920	-368	0	15584	-22.448	0.000	950.624	-1568	
33690732	-320	-16	15584	-19.520	-0.976	950.624	-1552	
33730542	-272	-48	15616	-16.592	-2.928	952.576	-1552	
33770350	-336	-32	15568	-20.496	-1.952	949.648	-1568	
33810161	-336	0	15600	-20.496	0.000	951.600	-1552	
33849974	-336	-16	15552	-20.496	-0.976	948.672	-1552	
33889785	-336	16	15616	-20.496	0.976	952.576	-1536	
33929593	-336	16	15552	-20.496	0.976	948.672	-1536	
33969404	-368	-16	15552	-22.448	-0.976	948.672	-1520	
34009214	-368	-48	15520	-22.448	-2.928	946.720	-1552	
34049021	-320	0	15584	-19.520	0.000	950.624	-1536	
34088830	-352	-48	15568	-21.472	-2.928	949.648	-1584	
34128641	-336	-32	15520	-20.496	-1.952	946.720	-1536	
34168451	-352	0	15552	-21.472	0.000	948.672	-1552	
34208261	-352	0	15520	-21.472	0.000	946.720	-1536	
34248070	-336	-16	15552	-20.496	-0.976	948.672	-1552	
34287880	-352	-48	15584	-21.472	-2.928	950.624	-1568	
34327692	-368	0	15568	-22.448	0.000	949.648	-1536	
34367502	-320	-32	15600	-19.520	-1.952	951.600	-1568	
34407312	-352	-32	15584	-21.472	-1.952	950.624	-1536	
34447119	-352	0	15568	-21.472	0.000	949.648	-1536	
34486927	-304	-32	15616	-18.544	-1.952	952.576	-1552	
34526736	-320	0	15584	-19.520	0.000	950.624	-1584	
34566543	-304	-16	15584	-18.544	-0.976	950.624	-1568	
34606355	-336	0	15584	-20.496	0.000	950.624	-1584	
34646167	-352	-16	15520	-21.472	-0.976	946.720	-1568	
34685978	-368	-32	15600	-22.448	-1.952	951.600	-1536	
34725794	-352	-16	15600	-21.472	-0.976	951.600	-1536	
34765605	-288	-32	15584	-17.568	-1.952	950.624	-1536	
34805416	-304	-32	15536	-18.544	-1.952	947.696	-1568	
34845222	-336	-16	15568	-20.496	-0.976	949.648	-1536	
34885029	-336	-32	15584	-20.496	-1.952	950.624	-1568	
34924839	-352	-48	15584	-21.472	-2.928	950.624	-1552	
34964649	-320	-48	15584	-19.520	-2.928	950.624	-1568	
35004459	-368	0	15568	-22.448	0.000	949.648	-1552	
35044270	-416	16	15552	-25.376	0.976	948.672	-1536	
35084076	-336	-48	15584	-20.496	-2.928	950.624	-1520	
35123885	-368	0	15616	-22.448	0.000	952.576	-1520	
35163692	-368	32	15600	-22.448	1.952	951.600	-1552	
35203501	-320	-64	15600	-19.520	-3.904	951.600	-1552	
35243311	-352	0	15568	-21.472	0.000	949.648	-1600	
35283120	-352	0	15584	-21.472	0.000	950.624	-1536	
35322931	-288	0	15552	-17.568	0.000	948.672	-1536	
35362740	-336	-32	15552	-20.496	-1.952	948.672	-1568	
35402550	-320	-32	15584	-19.520	-1.952	950.624	-1536	
35442359	-336	0	15568	-20.496	0.000	949.648	-1568	
35482168	-304	-16	15552	-18.544	-0.976	948.672	-1616	
35521977	-352	-32	15568	-21.472	-1.952	949.648	-1568	
35561786	-352	0	15536	-21.472	0.000	947.696	-1568	
35601597	-352	0	15536	-21.472	0.000	947.696	-1568	
35641406	-352	16	15552	-21.472	0.976	948.672	-1536	
35681217	-336	0	15584	-20.496	0.000	950.624	-1552	
35721026	-336	0	15584	-20.496	0.000	950.624	-1552	
35760838	-336	-48	15552	-20.496	-2.928	948.672	-1536	
35800647	-368	-48	15584	-22.448	-2.928	950.624	-1552	
35840456	-336	16	15568	-20.496	0.976	949.648	-1552	
35880270	-336	-32	15584	-20.496	-1.952	950.624	-1536	
35920077	-336	-16	15600	-20.496	-0.976	951.600	-1584	
35959885	-336	-32	15552	-20.496	-1.952	948.672	-1552	
35999694	-320	-32	15536	-19.520	-1.952	947.696	-1520	
36039501	-336	0	15536	-20.496	0.000	947.696	-1552	
36079308	-352	-32	15536	-21.472	-1.952	947.696	-1552	
36119115	-304	-32	15536	-18.544	-1.952	947.696	-1520	
36158922	-320	-32	15584	-19.520	-1.952	950.624	-1568	
36198730	-400	-16	15584	-24.400	-0.976	950.624	-1584	
36238538	-320	16	15584	-19.520	0.976	950.624	-1552	
36278347	-336	0	15616	-20.496	0.000	952.576	-1600	
36318156	-368	-16	15552	-22.448	-0.976	948.672	-1552	
36357967	-368	32	15568	-22.448	1.952	949.648	-1552	
36397776	-368	0	15600	-22.448	0.000	951.600	-1552	
36437587	-352	-48	15568	-21.472	-2.928	949.648	-1536	
36477395	-320	-32	15616	-19.520	-1.952	952.576	-1584	
36517206	-368	-32	15584	-22.448	-1.952	950.624	-1584	
36557016	-352	0	15568	-21.472	0.000	949.648	-1536	
36596827	-352	-48	15584	-21.472	-2.928	950.624	-1520	
36636635	-304	-16	15584	-18.544	-0.976	950.624	-1568	
36676442	-304	-16	15584	-18.544	-0.976	950.624	-1536	
36716252	-352	-48	15584	-21.472	-2.928	950.624	-1568	
36756062	-368	-48	15552	-22.448	-2.928	948.672	-1536	
36795870	-320	-48	15584	-19.520	-2.928	950.624	-1568	
36835676	-320	-48	15584	-19.520	-2.928	950.624	-1552	
36875482	-304	-64	15616	-18.544	-3.904	952.576	-1552	
36915289	-352	-16	15552	-21.472	-0.976	948.672	-1600	
36955094	-352	-16	15584	-21.472	-0.976	950.624	-1504	
36994901	-368	-32	15584	-22.448	-1.952	950.624	-1536	
37034711	-304	-16	15552	-18.544	-0.976	948.672	-1504	
37074522	-368	32	15600	-22.448	1.952	951.600	-1568	
37114330	-336	-32	15616	-20.496	-1.952	952.576	-1536	
37154140	-320	16	15584	-19.520	0.976	950.624	-1584	
37193951	-336	-16	15552	-20.496	-0.976	948.672	-1600	
37233759	-336	-32	15568	-20.496	-1.952	949.648	-1520	
37273570	-304	-48	15568	-18.544	-2.928	949.648	-1536	
37313378	-352	32	15568	-21.472	1.952	949.648	-1520	
37353186	-320	-16	15520	-19.520	-0.976	946.720	-1568	
37392994	-336	0	15584	-20.496	0.000	950.624	-1584	
37432803	-352	-32	15520	-21.472	-1.952	946.720	-1552	
37472610	-336	-16	15568	-20.496	-0.976	949.648	-1520	
37512417	-320	-16	15552	-19.520	-0.976	948.672	-1536	
37552224	-368	0	15520	-22.448	0.000	946.720	-1536	
37592034	-320	-32	15520	-19.520	-1.952	946.720	-1536	
37631843	-352	-16	15552	-21.472	-0.976	948.672	-1552	
37671653	-368	32	15568	-22.448	1.952	949.648	-1552	
37711463	-336	-16	15568	-20.496	-0.976	949.648	-1568	
37751274	-320	-32	15568	-19.520	-1.952	949.648	-1568	
37791083	-336	-16	15600	-20.496	-0.976	951.600	-1584	
37830893	-336	0	15568	-20.496	0.000	949.648	-1536	
37870702	-320	-16	15568	-19.520	-0.976	949.648	-1552	
37910509	-320	-32	15600	-19.520	-1.952	951.600	-1536	
37950317	-320	-16	15584	-19.520	-0.976	950.624	-1536	
37990124	-304	16	15600	-18.544	0.976	951.600	-1552	
38029931	-336	-16	15584	-20.496	-0.976	950.624	-1568	
38069738	-352	-32	15536	-21.472	-1.952	947.696	-1600	
38109546	-320	0	15584	-19.520	0.000	950.624	-1568	
38149354	-288	-48	15600	-17.568	-2.928	951.600	-1520	
38189162	-336	-16	15584	-20.496	-0.976	950.624	-1568	
38228969	-368	-32	15568	-22.448	-1.952	949.648	-1536	
38268777	-336	-32	15584	-20.496	-1.952	950.624	-1536	
38308586	-320	0	15536	-19.520	0.000	947.696	-1584	
38348394	-384	0	15584	-23.424	0.000	950.624	-1520	
38388203	-320	32	15568	-19.520	1.952	949.648	-1520	
38428013	-352	-16	15536	-21.472	-0.976	947.696	-1568	
38467821	-368	0	15568	-22.448	0.000	949.648	-1552	
38507629	-368	-32	15584	-22.448	-1.952	950.624	-1536	
38547436	-352	16	15600	-21.472	0.976	951.600	-1584	
38587245	-336	-16	15616	-20.496	-0.976	952.576	-1504	
38627055	-368	-16	15568	-22.448	-0.976	949.648	-1568	
38666866	-304	-48	15552	-18.544	-2.928	948.672	-1552	
38706678	-320	-64	15600	-19.520	-3.904	951.600	-1552	
38746489	-336	-32	15584	-20.496	-1.952	950.624	-1584	
38786298	-336	-32	15584	-20.496	-1.952	950.624	-1584	
38826109	-368	-48	15584	-22.448	-2.928	950.624	-1568	
38865920	-320	16	15536	-19.520	0.976	947.696	-1536	
38905730	-352	0	15584	-21.472	0.000	950.624	-1584	
38945541	-336	-16	15568	-20.496	-0.976	949.648	-1536	
38985352	-368	-32	15552	-22.448	-1.952	948.672	-1552	
39025160	-320	16	15536	-19.520	0.976	947.696	-1536	
39064968	-320	0	15568	-19.520	0.000	949.648	-1568	
39104776	-320	-48	15552	-19.520	-2.928	948.672	-1536	
39144586	-352	0	15584	-21.472	0.000	950.624	-1520	
39184398	-368	16	15600	-22.448	0.976	951.600	-1520	
39224207	-352	-32	15584	-21.472	-1.952	950.624	-1520	
39264017	-368	-16	15584	-22.448	-0.976	950.624	-1536	
39303825	-320	32	15584	-19.520	1.952	950.624	-1520	
39343635	-352	-16	15584	-21.472	-0.976	950.624	-1568	
39383446	-352	-32	15600	-21.472	-1.952	951.600	-1584	
39423256	-320	-32	15584	-19.520	-1.952	950.624	-1520	
39463066	-352	-32	15584	-21.472	-1.952	950.624	-1536	
39502878	-384	-16	15616	-23.424	-0.976	952.576	-1600	
39542688	-368	-16	15616	-22.448	-0.976	952.576	-1552	
39582499	-336	16	15584	-20.496	0.976	950.624	-1552	
39622309	-320	-32	15552	-19.520	-1.952	948.672	-1584	
39662119	-336	-48	15584	-20.496	-2.928	950.624	-1568	
39701929	-368	0	15536	-22.448	0.000	947.696	-1552	
39741740	-336	0	15552	-20.496	0.000	948.672	-1568	
39781550	-320	-16	15584	-19.520	-0.976	950.624	-1552	
39821359	-336	0	15584	-20.496	0.000	950.624	-1520	
39861170	-336	0	15568	-20.496	0.000	949.648	-1568	
39900979	-336	0	15584	-20.496	0.000	950.624	-1536	
39940788	-288	-32	15568	-17.568	-1.952	949.648	-1568	
39980598	-368	16	15552	-22.448	0.976	948.672	-1584	
40020406	-368	-48	15568	-22.448	-2.928	949.648	-1552	
40060216	-336	-32	15584	-20.496	-1.952	950.624	-1536	
40100026	-336	16	15568	-20.496	0.976	949.648	-1520	
40139834	-304	-16	15536	-18.544	-0.976	947.696	-1568	
40179643	-304	-32	15552	-18.544	-1.952	948.672	-1584	
40219452	-336	16	15600	-20.496	0.976	951.600	-1536	
40259260	-48	-576	16096	-2.928	-35.136	981.856	-1552	
40299067	3296	-352	13024	201.056	-21.472	794.464	-1536	
40338875	-1920	48	16416	-117.120	2.928	1001.376	-1536	
40378683	-128	-112	15744	-7.808	-6.832	960.384	-1536	
40418492	-576	-48	15696	-35.136	-2.928	957.456	-1552	
40458301	-256	-16	15488	-15.616	-0.976	944.768	-1584	
40498111	-368	-32	15616	-22.448	-1.952	952.576	-1600	
40537920	-464	16	15600	-28.304	0.976	951.600	-1616	
40577729	-336	-48	15552	-20.496	-2.928	948.672	-1568	
40617539	-336	-32	15600	-20.496	-1.952	951.600	-1568	
40657349	-336	16	15584	-20.496	0.976	950.624	-1552	
40697158	-384	0	15584	-23.424	0.000	950.624	-1552	
40736967	-336	-32	15488	-20.496	-1.952	944.768	-1520	
40776774	-368	-48	15552	-22.448	-2.928	948.672	-1536	
40816583	-288	-32	15568	-17.568	-1.952	949.648	-1552	
40856391	-320	16	15600	-19.520	0.976	951.600	-1568	
40896199	-320	-64	15584	-19.520	-3.904	950.624	-1520	
40936009	-352	-48	15584	-21.472	-2.928	950.624	-1536	
40975818	-336	-16	15584	-20.496	-0.976	950.624	-1552	
41015625	-352	-16	15552	-21.472	-0.976	948.672	-1536	
41055433	-320	32	15600	-19.520	1.952	951.600	-1536	
41095245	-336	48	15632	-20.496	2.928	953.552	-1584	
41135053	-272	-48	15584	-16.592	-2.928	950.624	-1536	
41174860	-336	0	15552	-20.496	0.000	948.672	-1536	
41214669	-368	-32	15584	-22.448	-1.952	950.624	-1600	
41254479	-304	-16	15552	-18.544	-0.976	948.672	-1520	
41294286	-288	0	15584	-17.568	0.000	950.624	-1568	
41334097	-320	-64	15600	-19.520	-3.904	951.600	-1504	
41373907	-336	16	15584	-20.496	0.976	950.624	-1504	
41413716	-368	-16	15536	-22.448	-0.976	947.696	-1584	
41453524	-336	-16	15552	-20.496	-0.976	948.672	-1600	
41493331	-352	0	15584	-21.472	0.000	950.624	-1584	
41533137	-336	-48	15520	-20.496	-2.928	946.720	-1536	
41572943	-352	-16	15600	-21.472	-0.976	951.600	-1568	
41612751	-336	32	15568	-20.496	1.952	949.648	-1536	
41652560	-320	-32	15600	-19.520	-1.952	951.600	-1536	
41692369	-272	-64	15584	-16.592	-3.904	950.624	-1520	
41732178	-336	-16	15584	-20.496	-0.976	950.624	-1536	
41771986	-336	16	15568	-20.496	0.976	949.648	-1520	
41811795	-336	-48	15568	-20.496	-2.928	949.648	-1520	
41851605	-320	-32	15568	-19.520	-1.952	949.648	-1552	
41891415	-336	-16	15552	-20.496	-0.976	948.672	-1520	
41931224	-352	32	15600	-21.472	1.952	951.600	-1552	
41971034	-320	0	15552	-19.520	0.000	948.672	-1552	
42010842	-304	0	15536	-18.544	0.000	947.696	-1536	
42050649	-336	0	15568	-20.496	0.000	949.648	-1520	
42090460	-368	-32	15472	-22.448	-1.952	943.792	-1552	
42130270	-352	16	15584	-21.472	0.976	950.624	-1504	
42170081	-336	-16	15600	-20.496	-0.976	951.600	-1552	
42209890	-352	0	15552	-21.472	0.000	948.672	-1568	
42249701	-336	-32	15584	-20.496	-1.952	950.624	-1520	
42289514	-304	32	15536	-18.544	1.952	947.696	-1568	
42329326	-368	0	15584	-22.448	0.000	950.624	-1584	
42369136	-320	16	15568	-19.520	0.976	949.648	-1600	
42408943	-336	-48	15584	-20.496	-2.928	950.624	-1552	
42448754	-304	-32	15568	-18.544	-1.952	949.648	-1536	
42488567	-320	0	15552	-19.520	0.000	948.672	-1584	
42528378	-368	0	15600	-22.448	0.000	951.600	-1536	
42568191	-304	-32	15632	-18.544	-1.952	953.552	-1552	
42608002	-336	-16	15536	-20.496	-0.976	947.696	-1504	
42647814	-352	-32	15584	-21.472	-1.952	950.624	-1536	
42687624	-352	-48	15600	-21.472	-2.928	951.600	-1552	
42727437	-368	-16	15584	-22.448	-0.976	950.624	-1536	
42767248	-336	0	15616	-20.496	0.000	952.576	-1552	
42807058	-368	-16	15568	-22.448	-0.976	949.648	-1568	
42846869	-368	-32	15536	-22.448	-1.952	947.696	-1552	
42886681	-320	-48	15552	-19.520	-2.928	948.672	-1536	
42926494	-320	-32	15584	-19.520	-1.952	950.624	-1504	
42966305	-320	16	15600	-19.520	0.976	951.600	-1552	
43006118	-336	0	15504	-20.496	0.000	945.744	-1552	
43045929	-320	0	15584	-19.520	0.000	950.624	-1552	
43085740	-352	-32	15552	-21.472	-1.952	948.672	-1520	
43125550	-320	-32	15552	-19.520	-1.952	948.672	-1600	
43165360	-320	32	15584	-19.520	1.952	950.624	-1632	
43205171	-336	0	15552	-20.496	0.000	948.672	-1552	
43244983	-320	-16	15536	-19.520	-0.976	947.696	-1536	
43284797	-352	-64	15600	-21.472	-3.904	951.600	-1568	
43324609	-352	-16	15616	-21.472	-0.976	952.576	-1568	
43364418	-320	-16	15584	-19.520	-0.976	950.624	-1552	
43404229	-336	-32	15600	-20.496	-1.952	951.600	-1552	
43444040	-336	-48	15600	-20.496	-2.928	951.600	-1552	
43483850	-352	-16	15568	-21.472	-0.976	949.648	-1520	
43523663	-336	0	15568	-20.496	0.000	949.648	-1552	
43563476	-320	-32	15536	-19.520	-1.952	947.696	-1536	
43603285	-352	-16	15616	-21.472	-0.976	952.576	-1536	
43643094	-368	-32	15584	-22.448	-1.952	950.624	-1536	
43682903	-368	32	15536	-22.448	1.952	947.696	-1488	
43722715	-352	0	15552	-21.472	0.000	948.672	-1520	
43762527	-336	-32	15568	-20.496	-1.952	949.648	-1536	
43802336	-368	-16	15600	-22.448	-0.976	951.600	-1536	
43842146	-304	-48	15584	-18.544	-2.928	950.624	-1568	
43881957	-320	16	15584	-19.520	0.976	950.624	-1584	
43921769	-336	16	15552	-20.496	0.976	948.672	-1584	
43961579	-336	-32	15552	-20.496	-1.952	948.672	-1584	
44001387	-352	-64	15584	-21.472	-3.904	950.624	-1552	
44041197	-320	-16	15600	-19.520	-0.976	951.600	-1536	
44081006	-320	-16	15520	-19.520	-0.976	946.720	-1520	
44120818	-352	0	15584	-21.472	0.000	950.624	-1520	
44160630	-352	-16	15648	-21.472	-0.976	954.528	-1536	
44200444	-304	0	15600	-18.544	0.000	951.600	-1536	
44240254	-320	-16	15552	-19.520	-0.976	948.672	-1536	
44280066	-304	-16	15584	-18.544	-0.976	950.624	-1536	
44319878	-368	16	15584	-22.448	0.976	950.624	-1536	
44359686	-320	0	15600	-19.520	0.000	951.600	-1520	
44399493	-304	-16	15600	-18.544	-0.976	951.600	-1568	
44439300	-368	-16	15584	-22.448	-0.976	950.624	-1552	
44479112	-352	-16	15584	-21.472	-0.976	950.624	-1520	
44518924	-336	-32	15600	-20.496	-1.952	951.600	-1536	
44558735	-352	-64	15584	-21.472	-3.904	950.624	-1568	
44598546	-336	0	15600	-20.496	0.000	951.600	-1504	
44638355	-352	0	15536	-21.472	0.000	947.696	-1584	
44678163	-336	-16	15616	-20.496	-0.976	952.576	-1584	
44717972	-304	-16	15600	-18.544	-0.976	951.600	-1536	
44757781	-352	-64	15568	-21.472	-3.904	949.648	-1584	
44797588	-336	-48	15584	-20.496	-2.928	950.624	-1488	
44837399	-336	-32	15536	-20.496	-1.952	947.696	-1584	
44877208	-368	-48	15584	-22.448	-2.928	950.624	-1552	
44917016	-336	-32	15584	-20.496	-1.952	950.624	-1584	
44956825	-336	0	15520	-20.496	0.000	946.720	-1536	
44996631	-352	-48	15616	-21.472	-2.928	952.576	-1520	
45036441	-368	0	15584	-22.448	0.000	950.624	-1552	
45076253	-320	-32	15536	-19.520	-1.952	947.696	-1536	
45116062	-304	-32	15616	-18.544	-1.952	952.576	-1520	
45155871	-400	-16	15584	-24.400	-0.976	950.624	-1520	
45195679	-320	-16	15584	-19.520	-0.976	950.624	-1584	
45235489	-304	-48	15584	-18.544	-2.928	950.624	-1536	
45275299	-336	-32	15600	-20.496	-1.952	951.600	-1536	
45315111	-320	-16	15584	-19.520	-0.976	950.624	-1552	
45354926	-352	-32	15584	-21.472	-1.952	950.624	-1536	
45394735	-368	-16	15552	-22.448	-0.976	948.672	-1520	
45434544	-336	32	15568	-20.496	1.952	949.648	-1568	
45474358	-304	-16	15552	-18.544	-0.976	948.672	-1584	
45514170	-336	-16	15616	-20.496	-0.976	952.576	-1584	
45553981	-352	-16	15584	-21.472	-0.976	950.624	-1616	
45593793	-336	0	15568	-20.496	0.000	949.648	-1600	
45633602	-352	-64	15552	-21.472	-3.904	948.672	-1536	
45673413	-352	0	15552	-21.472	0.000	948.672	-1520	
45713224	-352	-16	15584	-21.472	-0.976	950.624	-1536	
45753035	-352	-64	15568	-21.472	-3.904	949.648	-1552	
45792848	-304	-16	15600	-18.544	-0.976	951.600	-1504	
45832660	-336	-16	15584	-20.496	-0.976	950.624	-1568	
45872469	-320	-32	15552	-19.520	-1.952	948.672	-1552	
45912281	-304	-16	15584	-18.544	-0.976	950.624	-1552	
45952091	-320	-16	15568	-19.520	-0.976	949.648	-1520	
45991903	-400	-32	15584	-24.400	-1.952	950.624	-1552	
46031713	-320	0	15600	-19.520	0.000	951.600	-1520	
46071524	-368	-48	15600	-22.448	-2.928	951.600	-1568	
46111336	-320	48	15584	-19.520	2.928	950.624	-1536	
46151146	-368	0	15552	-22.448	0.000	948.672	-1568	
46190956	-352	16	15552	-21.472	0.976	948.672	-1536	
46230764	-352	-48	15584	-21.472	-2.928	950.624	-1552	
46270573	-368	-48	15520	-22.448	-2.928	946.720	-1520	
46310383	-320	-16	15552	-19.520	-0.976	948.672	-1520	
46350195	-352	-16	15584	-21.472	-0.976	950.624	-1568	
46390007	-352	-32	15536	-21.472	-1.952	947.696	-1552	
46429818	-320	-16	15584	-19.520	-0.976	950.624	-1552	
46469630	-304	-16	15552	-18.544	-0.976	948.672	-1584	
46509441	-320	32	15584	-19.520	1.952	950.624	-1568	
46549251	-304	-48	15584	-18.544	-2.928	950.624	-1568	
46589062	-336	-32	15536	-20.496	-1.952	947.696	-1520	
46628872	-352	0	15552	-21.472	0.000	948.672	-1552	
46668685	-336	16	15600	-20.496	0.976	951.600	-1536	
46708496	-304	-48	15552	-18.544	-2.928	948.672	-1536	
46748303	-320	-32	15568	-19.520	-1.952	949.648	-1520	
46788114	-352	-64	15568	-21.472	-3.904	949.648	-1504	
46827925	-336	-48	15568	-20.496	-2.928	949.648	-1536	
46867738	-320	-32	15520	-19.520	-1.952	946.720	-1552	
46907548	-320	16	15552	-19.520	0.976	948.672	-1536	
46947359	-288	0	15584	-17.568	0.000	950.624	-1520	
46987169	-320	-32	15536	-19.520	-1.952	947.696	-1520	
47026979	-336	0	15584	-20.496	0.000	950.624	-1488	
47066787	-336	0	15536	-20.496	0.000	947.696	-1536	
47106598	-320	0	15584	-19.520	0.000	950.624	-1568	
47146410	-336	32	15536	-20.496	1.952	947.696	-1536	
47186220	-336	-48	15584	-20.496	-2.928	950.624	-1568	
47226030	-368	-16	15568	-22.448	-0.976	949.648	-1552	
47265837	-352	0	15568	-21.472	0.000	949.648	-1600	
47305645	-368	-16	15584	-22.448	-0.976	950.624	-1584	
47345454	-320	-48	15584	-19.520	-2.928	950.624	-1552	
47385267	-320	-64	15648	-19.520	-3.904	954.528	-1536	
47425078	-352	16	15568	-21.472	0.976	949.648	-1552	
47464889	-368	-16	15536	-22.448	-0.976	947.696	-1536	
47504697	-320	0	15552	-19.520	0.000	948.672	-1536	
47544507	-336	32	15584	-20.496	1.952	950.624	-1568	
47584315	-352	-16	15632	-21.472	-0.976	953.552	-1536	
47624125	-336	-48	15584	-20.496	-2.928	950.624	-1536	
47663934	-352	-48	15584	-21.472	-2.928	950.624	-1520	
47703742	-320	16	15584	-19.520	0.976	950.624	-1520	
47743553	-352	-16	15552	-21.472	-0.976	948.672	-1520	
47783363	-368	32	15600	-22.448	1.952	951.600	-1536	
47823177	-304	0	15584	-18.544	0.000	950.624	-1536	
47862988	-336	-32	15568	-20.496	-1.952	949.648	-1552	
47902799	-352	-32	15552	-21.472	-1.952	948.672	-1520	
47942610	-336	-32	15600	-20.496	-1.952	951.600	-1568	
47982421	-336	0	15536	-20.496	0.000	947.696	-1520	
48022232	-288	-80	15584	-17.568	-4.880	950.624	-1584	
48062044	-288	-80	15584	-17.568	-4.880	950.624	-1600	
48101855	-304	-16	15584	-18.544	-0.976	950.624	-1568	
48141665	-400	0	15552	-24.400	0.000	948.672	-1552	
48181477	-304	16	15584	-18.544	0.976	950.624	-1536	
48221289	-304	-32	15568	-18.544	-1.952	949.648	-1552	
48261100	-336	16	15616	-20.496	0.976	952.576	-1520	
48300909	-336	32	15584	-20.496	1.952	950.624	-1568	
48340720	-320	-16	15536	-19.520	-0.976	947.696	-1520	
48380532	-368	0	15616	-22.448	0.000	952.576	-1584	
48420342	-320	-16	15568	-19.520	-0.976	949.648	-1536	
48460150	-336	0	15584	-20.496	0.000	950.624	-1552	
48499959	-336	32	15568	-20.496	1.952	949.648	-1520	
48539769	-336	-16	15584	-20.496	-0.976	950.624	-1536	
48579576	-336	-48	15568	-20.496	-2.928	949.648	-1536	
48619386	-320	0	15552	-19.520	0.000	948.672	-1568	
48659195	-320	16	15552	-19.520	0.976	948.672	-1568	
48699004	-320	32	15584	-19.520	1.952	950.624	-1504	
48738814	-352	-16	15584	-21.472	-0.976	950.624	-1536	
48778622	-336	-16	15584	-20.496	-0.976	950.624	-1568	
48818432	-336	48	15584	-20.496	2.928	950.624	-1568	
48858243	-352	-16	15616	-21.472	-0.976	952.576	-1568	
48898050	-320	-64	15584	-19.520	-3.904	950.624	-1552	
48937860	-336	-48	15568	-20.496	-2.928	949.648	-1568	
48977671	-336	-16	15584	-20.496	-0.976	950.624	-1568	
49017478	-336	0	15632	-20.496	0.000	953.552	-1536	
49057286	-320	0	15552	-19.520	0.000	948.672	-1536	
49097097	-336	-16	15584	-20.496	-0.976	950.624	-1520	
49136905	-368	-64	15584	-22.448	-3.904	950.624	-1536	
49176714	-352	-16	15584	-21.472	-0.976	950.624	-1520	
49216526	-336	16	15552	-20.496	0.976	948.672	-1536	
49256337	-352	-16	15552	-21.472	-0.976	948.672	-1568	
49296148	-336	-16	15584	-20.496	-0.976	950.624	-1504	
49335959	-336	0	15584	-20.496	0.000	950.624	-1536	
49375771	-352	-32	15552	-21.472	-1.952	948.672	-1520	
49415583	-304	0	15552	-18.544	0.000	948.672	-1568	
49455396	-304	-32	15600	-18.544	-1.952	951.600	-1520	
49495206	-352	-32	15568	-21.472	-1.952	949.648	-1568	
49535014	-336	32	15568	-20.496	1.952	949.648	-1552	
49574823	-320	-32	15568	-19.520	-1.952	949.648	-1552	
49614635	-368	-32	15584	-22.448	-1.952	950.624	-1552	
49654447	-336	-32	15552	-20.496	-1.952	948.672	-1584	
49694257	-256	-32	15584	-15.616	-1.952	950.624	-1552	
49734066	-320	0	15536	-19.520	0.000	947.696	-1568	
49773877	-400	32	15568	-24.400	1.952	949.648	-1600	
49813686	176	-176	15616	10.736	-10.736	952.576	-1632	
49853495	-352	16	15168	-21.472	0.976	925.248	-1552	
49893303	-544	80	15520	-33.184	4.880	946.720	-1536	
49933111	-240	-16	15680	-14.640	-0.976	956.480	-1536	
49972922	-320	-64	15536	-19.520	-3.904	947.696	-1536	
50012732	-384	16	15520	-23.424	0.976	946.720	-1568	
50052543	-272	-64	15648	-16.592	-3.904	954.528	-1552	
50092355	-320	-16	15584	-19.520	-0.976	950.624	-1568	
50132165	-400	-16	15552	-24.400	-0.976	948.672	-1584	
50171973	-288	-16	15584	-17.568	-0.976	950.624	-1536	
50211784	-336	-32	15568	-20.496	-1.952	949.648	-1552	
50251593	-400	-16	15584	-24.400	-0.976	950.624	-1552	
50291403	-368	32	15584	-22.448	1.952	950.624	-1568	
50331213	-288	-16	15568	-17.568	-0.976	949.648	-1584	
50371024	-352	-16	15552	-21.472	-0.976	948.672	-1536	
50410834	-336	16	15552	-20.496	0.976	948.672	-1536	
50450646	-352	-16	15552	-21.472	-0.976	948.672	-1536	
50490455	-320	-32	15520	-19.520	-1.952	946.720	-1552	
50530264	-320	-32	15584	-19.520	-1.952	950.624	-1552	
50570072	-336	0	15584	-20.496	0.000	950.624	-1536	
50609879	-352	-48	15552	-21.472	-2.928	948.672	-1552	
50649684	-368	-16	15584	-22.448	-0.976	950.624	-1552	
50689491	-320	-32	15552	-19.520	-1.952	948.672	-1536	
50729298	-352	0	15600	-21.472	0.000	951.600	-1600	
50769106	-336	-48	15552	-20.496	-2.928	948.672	-1552	
50808913	-336	0	15600	-20.496	0.000	951.600	-1568	
50848721	-304	-16	15584	-18.544	-0.976	950.624	-1536	
50888529	-320	-48	15600	-19.520	-2.928	951.600	-1568	
50928336	-336	32	15520	-20.496	1.952	946.720	-1584	
50968145	-304	-48	15584	-18.544	-2.928	950.624	-1552	
51007954	-352	0	15584	-21.472	0.000	950.624	-1552	
51047765	-336	-48	15536	-20.496	-2.928	947.696	-1520	
51087574	-352	-16	15536	-21.472	-0.976	947.696	-1552	
51127386	-384	-16	15568	-23.424	-0.976	949.648	-1520	
51167194	-320	-16	15584	-19.520	-0.976	950.624	-1552	
51207002	-336	0	15584	-20.496	0.000	950.624	-1536	
51246812	-320	-48	15568	-19.520	-2.928	949.648	-1552	
51286620	-336	-48	15600	-20.496	-2.928	951.600	-1552	
51326427	-336	0	15584	-20.496	0.000	950.624	-1552	
51366232	-352	16	15600	-21.472	0.976	951.600	-1552	
51406043	-352	-32	15536	-21.472	-1.952	947.696	-1568	
51445850	-288	-48	15584	-17.568	-2.928	950.624	-1536	
51485660	-336	-16	15536	-20.496	-0.976	947.696	-1552	
51525469	-384	0	15536	-23.424	0.000	947.696	-1568	
51565281	-288	0	15568	-17.568	0.000	949.648	-1568	
51605091	-320	-16	15600	-19.520	-0.976	951.600	-1584	
51644902	-320	-48	15552	-19.520	-2.928	948.672	-1568	
51684713	-336	48	15552	-20.496	2.928	948.672	-1568	
51724523	-320	-48	15520	-19.520	-2.928	946.720	-1552	
51764332	-336	16	15600	-20.496	0.976	951.600	-1536	
51804140	-368	-16	15584	-22.448	-0.976	950.624	-1536	
51843949	-352	-32	15536	-21.472	-1.952	947.696	-1536	
51883761	-368	-16	15552	-22.448	-0.976	948.672	-1536	
51923570	-320	-16	15584	-19.520	-0.976	950.624	-1568	
51963379	-368	0	15568	-22.448	0.000	949.648	-1536	
52003185	-352	0	15584	-21.472	0.000	950.624	-1568	
52042994	-352	-48	15552	-21.472	-2.928	948.672	-1568	
52082806	-336	-48	15616	-20.496	-2.928	952.576	-1504	
52122617	-400	-48	15584	-24.400	-2.928	950.624	-1536	
52162428	-336	-16	15552	-20.496	-0.976	948.672	-1584	
52202235	-320	-16	15536	-19.520	-0.976	947.696	-1568	
52242045	-320	-16	15584	-19.520	-0.976	950.624	-1504	
52281854	-352	0	15552	-21.472	0.000	948.672	-1552	
52321660	-352	-16	15552	-21.472	-0.976	948.672	-1568	
52361467	-400	0	15536	-24.400	0.000	947.696	-1600	
52401273	-352	-32	15584	-21.472	-1.952	950.624	-1600	
52441080	-320	32	15584	-19.520	1.952	950.624	-1616	
52480887	-400	-48	15600	-24.400	-2.928	951.600	-1536	
52520695	-336	0	15584	-20.496	0.000	950.624	-1536	
52560504	-352	0	15584	-21.472	0.000	950.624	-1504	
52600312	-384	-48	15632	-23.424	-2.928	953.552	-1552	
52640121	-336	-16	15584	-20.496	-0.976	950.624	-1568	
52679929	-336	-64	15584	-20.496	-3.904	950.624	-1536	
52719738	-400	0	15584	-24.400	0.000	950.624	-1552	
52759546	-304	0	15600	-18.544	0.000	951.600	-1552	
52799352	-352	-16	15584	-21.472	-0.976	950.624	-1536	
52839160	-304	-32	15520	-18.544	-1.952	946.720	-1552	
52878967	-272	16	15584	-16.592	0.976	950.624	-1536	
52918776	-304	-48	15584	-18.544	-2.928	950.624	-1552	
52958587	-352	-64	15584	-21.472	-3.904	950.624	-1600	
52998394	-336	16	15536	-20.496	0.976	947.696	-1520	
53038203	-352	-32	15600	-21.472	-1.952	951.600	-1552	
53078010	-320	-16	15584	-19.520	-0.976	950.624	-1568	
53117818	-336	-32	15584	-20.496	-1.952	950.624	-1520	
53157627	-336	16	15552	-20.496	0.976	948.672	-1552	
53197434	-336	16	15552	-20.496	0.976	948.672	-1584	
53237244	-320	-16	15552	-19.520	-0.976	948.672	-1600	
53277052	-336	-32	15584	-20.496	-1.952	950.624	-1520	
53316860	-336	0	15616	-20.496	0.000	952.576	-1536	
53356670	-304	16	15552	-18.544	0.976	948.672	-1536	
53396480	-336	0	15584	-20.496	0.000	950.624	-1552	
53436288	-336	0	15584	-20.496	0.000	950.624	-1568	
53476098	-352	-32	15584	-21.472	-1.952	950.624	-1568	
53515907	-320	0	15568	-19.520	0.000	949.648	-1504	
53555717	-320	16	15552	-19.520	0.976	948.672	-1552	
53595524	-368	-32	15568	-22.448	-1.952	949.648	-1552	
53635335	-320	-16	15584	-19.520	-0.976	950.624	-1520	
53675146	-352	-32	15552	-21.472	-1.952	948.672	-1568	
53714954	-320	-32	15584	-19.520	-1.952	950.624	-1520	
53754764	-352	-16	15584	-21.472	-0.976	950.624	-1552	
53794575	-304	-16	15552	-18.544	-0.976	948.672	-1584	
53834382	-400	-32	15600	-24.400	-1.952	951.600	-1536	
53874193	-320	32	15536	-19.520	1.952	947.696	-1536	
53914006	-320	0	15536	-19.520	0.000	947.696	-1520	
53953816	-304	0	15584	-18.544	0.000	950.624	-1568	
53993626	-320	48	15552	-19.520	2.928	948.672	-1584	
54033438	-352	-32	15568	-21.472	-1.952	949.648	-1552	
54073248	-320	-16	15584	-19.520	-0.976	950.624	-1536	
54113058	-336	0	15552	-20.496	0.000	948.672	-1568	
54152867	-320	0	15584	-19.520	0.000	950.624	-1536	
54192677	-368	-32	15584	-22.448	-1.952	950.624	-1536	
54232488	-352	-16	15568	-21.472	-0.976	949.648	-1536	
54272295	-400	-48	15584	-24.400	-2.928	950.624	-1568	
54312105	-320	-16	15552	-19.520	-0.976	948.672	-1552	
54351912	-320	0	15584	-19.520	0.000	950.624	-1520	
54391723	-352	16	15600	-21.472	0.976	951.600	-1536	
54431534	-352	0	15600	-21.472	0.000	951.600	-1536	
54471345	-352	-16	15616	-21.472	-0.976	952.576	-1552	
54511154	-336	0	15616	-20.496	0.000	952.576	-1552	
54550964	-272	32	15504	-16.592	1.952	945.744	-1552	
54590774	-416	0	15504	-25.376	0.000	945.744	-1520	
54630587	-304	16	15616	-18.544	0.976	952.576	-1552	
54670399	-288	-48	15536	-17.568	-2.928	947.696	-1552	
54710208	-352	-32	15552	-21.472	-1.952	948.672	-1536	
54750020	-336	-16	15568	-20.496	-0.976	949.648	-1552	
54789831	-352	-32	15600	-21.472	-1.952	951.600	-1552	
54829641	-352	0	15584	-21.472	0.000	950.624	-1584	
54869450	-336	16	15568	-20.496	0.976	949.648	-1568	
54909260	-352	0	15584	-21.472	0.000	950.624	-1584	
54949071	-368	16	15584	-22.448	0.976	950.624	-1552	
54988879	-352	16	15552	-21.472	0.976	948.672	-1536	
55028688	-320	0	15584	-19.520	0.000	950.624	-1552	
55068496	-416	-16	15536	-25.376	-0.976	947.696	-1568	
55108304	-384	32	15552	-23.424	1.952	948.672	-1584	
55148114	-336	-48	15520	-20.496	-2.928	946.720	-1536	
55187922	-288	-64	15552	-17.568	-3.904	948.672	-1584	
55227733	-336	-48	15552	-20.496	-2.928	948.672	-1520	
55267543	-336	-48	15536	-20.496	-2.928	947.696	-1536	
55307353	-400	0	15616	-24.400	0.000	952.576	-1584	
55347164	-352	16	15536	-21.472	0.976	947.696	-1536	
55386973	-336	16	15584	-20.496	0.976	950.624	-1520	
55426784	-336	-16	15568	-20.496	-0.976	949.648	-1536	
55466595	-352	0	15536	-21.472	0.000	947.696	-1504	
55506406	-336	-32	15552	-20.496	-1.952	948.672	-1536	
55546219	-304	-48	15536	-18.544	-2.928	947.696	-1552	
55586027	-352	-16	15600	-21.472	-0.976	951.600	-1552	
55625836	-368	0	15616	-22.448	0.000	952.576	-1584	
55665646	-384	16	15552	-23.424	0.976	948.672	-1568	
55705456	-352	-64	15520	-21.472	-3.904	946.720	-1584	
55745266	-304	-16	15552	-18.544	-0.976	948.672	-1552	
55785074	-368	0	15536	-22.448	0.000	947.696	-1520	
55824884	-320	16	15536	-19.520	0.976	947.696	-1536	
55864694	-320	-64	15536	-19.520	-3.904	947.696	-1536	
55904504	-352	-32	15584	-21.472	-1.952	950.624	-1552	
55944315	-304	0	15536	-18.544	0.000	947.696	-1520	
55984125	-256	-48	15552	-15.616	-2.928	948.672	-1552	
56023935	-304	-48	15552	-18.544	-2.928	948.672	-1536	
56063746	-336	0	15552	-20.496	0.000	948.672	-1504	
56103556	-352	0	15584	-21.472	0.000	950.624	-1520	
56143366	-320	-16	15584	-19.520	-0.976	950.624	-1536	
56183177	-304	-16	15648	-18.544	-0.976	954.528	-1584	
56222986	-336	-48	15584	-20.496	-2.928	950.624	-1536	
56262795	-352	-48	15568	-21.472	-2.928	949.648	-1584	
56302602	-384	16	15568	-23.424	0.976	949.648	-1552	
56342405	-336	0	15584	-20.496	0.000	950.624	-1568	
56382214	-304	-32	15584	-18.544	-1.952	950.624	-1584	
56422023	-320	0	15616	-19.520	0.000	952.576	-1600	
56461832	-352	0	15584	-21.472	0.000	950.624	-1568	
56501641	-352	-16	15616	-21.472	-0.976	952.576	-1552	
56541449	-336	-32	15584	-20.496	-1.952	950.624	-1568	
56581255	-352	-64	15552	-21.472	-3.904	948.672	-1552	
56621064	-384	0	15584	-23.424	0.000	950.624	-1568	
56660873	-336	-48	15568	-20.496	-2.928	949.648	-1520	
56700680	-336	-16	15584	-20.496	-0.976	950.624	-1552	
56740492	-336	-32	15552	-20.496	-1.952	948.672	-1520	
56780301	-352	-64	15552	-21.472	-3.904	948.672	-1552	
56820111	-352	-16	15584	-21.472	-0.976	950.624	-1520	
56859920	-336	64	15584	-20.496	3.904	950.624	-1488	
56899730	-320	-16	15600	-19.520	-0.976	951.600	-1568	
56939541	-336	-16	15568	-20.496	-0.976	949.648	-1520	
56979352	-352	16	15552	-21.472	0.976	948.672	-1552	
57019161	-352	-16	15536	-21.472	-0.976	947.696	-1552	
57058970	-336	-32	15584	-20.496	-1.952	950.624	-1584	
57098778	-320	-16	15584	-19.520	-0.976	950.624	-1568	
57138588	-336	32	15584	-20.496	1.952	950.624	-1552	
57178399	-368	-32	15584	-22.448	-1.952	950.624	-1600	
57218208	-336	16	15568	-20.496	0.976	949.648	-1536	
57258019	-384	0	15600	-23.424	0.000	951.600	-1584	
57297830	-336	16	15568	-20.496	0.976	949.648	-1552	
57337641	-336	-64	15584	-20.496	-3.904	950.624	-1584	
57377451	-336	16	15584	-20.496	0.976	950.624	-1536	
57417263	-368	-64	15632	-22.448	-3.904	953.552	-1584	
57457074	-304	16	15616	-18.544	0.976	952.576	-1552	
57496884	-352	-32	15568	-21.472	-1.952	949.648	-1568	
57536692	-320	-32	15584	-19.520	-1.952	950.624	-1568	
57576505	-336	-48	15568	-20.496	-2.928	949.648	-1552	
57616314	-336	-80	15552	-20.496	-4.880	948.672	-1568	
57656126	-336	16	15568	-20.496	0.976	949.648	-1536	
57695937	-336	16	15600	-20.496	0.976	951.600	-1536	
57735751	-320	-16	15568	-19.520	-0.976	949.648	-1488	
57775559	-288	16	15584	-17.568	0.976	950.624	-1552	
57815370	-352	16	15600	-21.472	0.976	951.600	-1536	
57855180	-400	0	15568	-24.400	0.000	949.648	-1568	
57894992	-304	0	15600	-18.544	0.000	951.600	-1552	
57934803	-336	-16	15648	-20.496	-0.976	954.528	-1568	
57974612	-304	0	15600	-18.544	0.000	951.600	-1568	
58014423	-352	16	15520	-21.472	0.976	946.720	-1520	
58054232	-384	16	15568	-23.424	0.976	949.648	-1552	
58094041	-352	-32	15536	-21.472	-1.952	947.696	-1520	
58133852	-320	-32	15568	-19.520	-1.952	949.648	-1536	
58173663	-336	-16	15568	-20.496	-0.976	949.648	-1552	
58213475	-336	0	15568	-20.496	0.000	949.648	-1568	
58253287	-304	-16	15536	-18.544	-0.976	947.696	-1536	
58293096	-368	0	15552	-22.448	0.000	948.672	-1568	
58332906	-320	-32	15552	-19.520	-1.952	948.672	-1520	
58372714	-336	-48	15584	-20.496	-2.928	950.624	-1536	
58412523	-320	-48	15552	-19.520	-2.928	948.672	-1536	
58452330	-304	-16	15552	-18.544	-0.976	948.672	-1520	
58492139	-368	48	15584	-22.448	2.928	950.624	-1488	
58531948	-368	0	15584	-22.448	0.000	950.624	-1488	
58571760	-320	-32	15536	-19.520	-1.952	947.696	-1568	
58611570	-352	16	15584	-21.472	0.976	950.624	-1568	
58651380	-336	0	15584	-20.496	0.000	950.624	-1568	
58691187	-320	-48	15584	-19.520	-2.928	950.624	-1584	
58730996	-368	-16	15616	-22.448	-0.976	952.576	-1568	
58770806	-352	16	15584	-21.472	0.976	950.624	-1568	
58810614	-352	-80	15536	-21.472	-4.880	947.696	-1552	
58850425	-336	0	15584	-20.496	0.000	950.624	-1536	
58890235	-336	16	15600	-20.496	0.976	951.600	-1536	
58930044	-320	-16	15584	-19.520	-0.976	950.624	-1520	
58969855	-304	-32	15520	-18.544	-1.952	946.720	-1552	
59009666	-944	272	15360	-57.584	16.592	936.960	-1520	
59049479	-272	32	15680	-16.592	1.952	956.480	-1568	
59089290	-400	-16	15568	-24.400	-0.976	949.648	-1552	
59129100	-240	112	15456	-14.640	6.832	942.816	-1552	
59168911	112	-240	15776	6.832	-14.640	962.336	-1568	
59208718	-448	80	15536	-27.328	4.880	947.696	-1552	
59248529	-448	64	15520	-27.328	3.904	946.720	-1520	
59288341	-320	-16	15616	-19.520	-0.976	952.576	-1536	
59328151	-288	-32	15584	-17.568	-1.952	950.624	-1600	
59367963	-272	0	15568	-16.592	0.000	949.648	-1472	
59407774	-304	48	15584	-18.544	2.928	950.624	-1552	
59447587	-288	-48	15584	-17.568	-2.928	950.624	-1568	
59487397	-208	-16	15568	-12.688	-0.976	949.648	-1552	
59527207	-192	-80	15584	-11.712	-4.880	950.624	-1568	
59567018	432	-464	15904	26.352	-28.304	970.144	-1584	
59606827	640	-416	15776	39.040	-25.376	962.336	-1584	
59646639	-480	96	15408	-29.280	5.856	939.888	-1552	
59686449	16	-64	15264	0.976	-3.904	931.104	-1568	
59726259	-336	-80	15568	-20.496	-4.880	949.648	-1552	
59766070	-176	-96	15520	-10.736	-5.856	946.720	-1552	
59805880	-400	32	15536	-24.400	1.952	947.696	-1520	
59845693	-368	0	15520	-22.448	0.000	946.720	-1536	
