Timestamp [us]	A_X [LSB]	A_Y [LSB]	A_Z [LSB]	A_X [mg]	A_Y [mg]	A_Z [mg]	QVAR [LSB]	
12786	128	256	15392	7.808	15.616	938.912	-1488	
52592	448	224	15456	27.328	13.664	942.816	-1488	
92398	432	192	15600	26.352	11.712	951.600	-1520	
132203	176	272	15536	10.736	16.592	947.696	-1520	
172009	144	304	15520	8.784	18.544	946.720	-1472	
211812	352	240	15536	21.472	14.640	947.696	-1424	
251618	368	224	15536	22.448	13.664	947.696	-1472	
291425	240	240	15584	14.640	14.640	950.624	-1472	
331229	192	272	15536	11.712	16.592	947.696	-1472	
371037	272	256	15520	16.592	15.616	946.720	-1504	
410845	400	288	15536	24.400	17.568	947.696	-1488	
450652	288	256	15584	17.568	15.616	950.624	-1472	
490457	176	256	15552	10.736	15.616	948.672	-1456	
530265	224	272	15584	13.664	16.592	950.624	-1504	
570074	320	240	15584	19.520	14.640	950.624	-1488	
609880	272	256	15488	16.592	15.616	944.768	-1440	
649686	208	272	15536	12.688	16.592	947.696	-1520	
689489	272	272	15584	16.592	16.592	950.624	-1456	
729296	288	272	15536	17.568	16.592	947.696	-1504	
769100	288	256	15504	17.568	15.616	945.744	-1456	
808903	256	256	15488	15.616	15.616	944.768	-1488	
848708	256	304	15568	15.616	18.544	949.648	-1520	
888516	272	320	15600	16.592	19.520	951.600	-1504	
928323	256	240	15536	15.616	14.640	947.696	-1504	
968132	304	224	15504	18.544	13.664	945.744	-1472	
1007943	336	288	15504	20.496	17.568	945.744	-1472	
1047751	256	288	15568	15.616	17.568	949.648	-1488	
1087560	272	272	15584	16.592	16.592	950.624	-1472	
1127365	256	240	15504	15.616	14.640	945.744	-1456	
1167174	240	208	15536	14.640	12.688	947.696	-1472	
1206980	320	304	15536	19.520	18.544	947.696	-1472	
1246789	288	272	15488	17.568	16.592	944.768	-1456	
1286596	272	224	15568	16.592	13.664	949.648	-1472	
1326404	288	224	15520	17.568	13.664	946.720	-1520	
1366209	224	192	15584	13.664	11.712	950.624	-1520	
1406014	272	240	15536	16.592	14.640	947.696	-1440	
1445820	256	272	15504	15.616	16.592	945.744	-1456	
1485629	320	224	15536	19.520	13.664	947.696	-1472	
1525436	304	240	15584	18.544	14.640	950.624	-1504	
1565245	256	272	15520	15.616	16.592	946.720	-1472	
1605052	208	272	15520	12.688	16.592	946.720	-1504	
1644857	304	304	15536	18.544	18.544	947.696	-1504	
1684663	288	224	15568	17.568	13.664	949.648	-1488	
1724470	256	240	15568	15.616	14.640	949.648	-1472	
1764278	240	272	15552	14.640	16.592	948.672	-1472	
1804084	272	256	15584	16.592	15.616	950.624	-1456	
1843891	288	288	15488	17.568	17.568	944.768	-1488	
1883698	288	224	15520	17.568	13.664	946.720	-1472	
1923506	272	224	15600	16.592	13.664	951.600	-1456	
1963315	288	224	15584	17.568	13.664	950.624	-1440	
2003123	256	272	15520	15.616	16.592	946.720	-1456	
2042931	288	272	15456	17.568	16.592	942.816	-1504	
2082738	272	208	15552	16.592	12.688	948.672	-1472	
2122545	288	320	15568	17.568	19.520	949.648	-1504	
2162352	272	240	15552	16.592	14.640	948.672	-1456	
2202161	272	208	15584	16.592	12.688	950.624	-1472	
2241971	304	288	15520	18.544	17.568	946.720	-1488	
2281782	304	272	15536	18.544	16.592	947.696	-1488	
2321589	288	224	15552	17.568	13.664	948.672	-1504	
2361397	240	176	15536	14.640	10.736	947.696	-1504	
2401205	304	240	15584	18.544	14.640	950.624	-1504	
2441012	256	288	15536	15.616	17.568	947.696	-1472	
2480820	272	240	15520	16.592	14.640	946.720	-1504	
2520628	272	224	15536	16.592	13.664	947.696	-1456	
2560437	256	192	15552	15.616	11.712	948.672	-1472	
2600246	256	256	15568	15.616	15.616	949.648	-1488	
2640054	256	240	15536	15.616	14.640	947.696	-1504	
2679863	272	256	15552	16.592	15.616	948.672	-1488	
2719673	288	272	15520	17.568	16.592	946.720	-1440	
2759483	256	240	15536	15.616	14.640	947.696	-1440	
2799293	224	288	15584	13.664	17.568	950.624	-1440	
2839102	288	240	15568	17.568	14.640	949.648	-1472	
2878912	320	240	15552	19.520	14.640	948.672	-1488	
2918721	304	256	15456	18.544	15.616	942.816	-1472	
2958529	240	288	15520	14.640	17.568	946.720	-1488	
2998339	240	272	15600	14.640	16.592	951.600	-1440	
3038147	304	256	15520	18.544	15.616	946.720	-1488	
3077955	336	176	15520	20.496	10.736	946.720	-1488	
3117763	272	304	15520	16.592	18.544	946.720	-1472	
3157574	256	304	15600	15.616	18.544	951.600	-1456	
3197380	240	240	15568	14.640	14.640	949.648	-1504	
3237187	240	192	15584	14.640	11.712	950.624	-1504	
3276995	336	208	15584	20.496	12.688	950.624	-1472	
3316804	256	272	15552	15.616	16.592	948.672	-1456	
3356612	256	240	15520	15.616	14.640	946.720	-1504	
3396421	288	256	15584	17.568	15.616	950.624	-1456	
3436228	288	208	15552	17.568	12.688	948.672	-1472	
3476036	288	272	15536	17.568	16.592	947.696	-1488	
3515845	272	288	15568	16.592	17.568	949.648	-1456	
3555655	240	288	15520	14.640	17.568	946.720	-1472	
3595462	256	208	15584	15.616	12.688	950.624	-1472	
3635270	336	208	15552	20.496	12.688	948.672	-1440	
3675078	256	304	15536	15.616	18.544	947.696	-1456	
3714884	240	240	15536	14.640	14.640	947.696	-1504	
3754693	240	304	15520	14.640	18.544	946.720	-1472	
3794501	272	224	15584	16.592	13.664	950.624	-1456	
3834310	288	256	15536	17.568	15.616	947.696	-1440	
3874118	256	224	15552	15.616	13.664	948.672	-1504	
3913926	288	272	15552	17.568	16.592	948.672	-1456	
3953737	288	224	15520	17.568	13.664	946.720	-1472	
3993546	256	256	15568	15.616	15.616	949.648	-1504	
4033353	240	224	15584	14.640	13.664	950.624	-1488	
4073160	288	256	15552	17.568	15.616	948.672	-1504	
4112969	256	272	15536	15.616	16.592	947.696	-1472	
4152778	272	272	15552	16.592	16.592	948.672	-1456	
4192586	288	224	15520	17.568	13.664	946.720	-1488	
4232396	272	272	15536	16.592	16.592	947.696	-1488	
4272204	256	208	15536	15.616	12.688	947.696	-1440	
4312015	288	192	15504	17.568	11.712	945.744	-1456	
4351823	272	240	15536	16.592	14.640	947.696	-1456	
4391633	256	288	15520	15.616	17.568	946.720	-1472	
4431443	256	224	15568	15.616	13.664	949.648	-1488	
4471247	256	288	15568	15.616	17.568	949.648	-1424	
4511059	304	240	15568	18.544	14.640	949.648	-1488	
4550867	304	240	15520	18.544	14.640	946.720	-1488	
4590673	288	272	15552	17.568	16.592	948.672	-1440	
4630476	256	304	15488	15.616	18.544	944.768	-1472	
4670283	240	240	15536	14.640	14.640	947.696	-1424	
4710089	304	224	15584	18.544	13.664	950.624	-1440	
4749897	352	224	15488	21.472	13.664	944.768	-1440	
4789705	192	240	15648	11.712	14.640	954.528	-1472	
4829513	320	288	15520	19.520	17.568	946.720	-1504	
4869321	304	208	15584	18.544	12.688	950.624	-1488	
4909129	240	208	15536	14.640	12.688	947.696	-1536	
4948937	240	224	15568	14.640	13.664	949.648	-1488	
4988748	256	288	15568	15.616	17.568	949.648	-1440	
5028559	256	256	15568	15.616	15.616	949.648	-1440	
5068369	304	240	15536	18.544	14.640	947.696	-1488	
5108176	304	224	15536	18.544	13.664	947.696	-1456	
5147982	256	256	15584	15.616	15.616	950.624	-1472	
5187787	304	272	15552	18.544	16.592	948.672	-1504	
5227593	272	272	15520	16.592	16.592	946.720	-1472	
5267401	288	208	15584	17.568	12.688	950.624	-1472	
5307207	272	288	15552	16.592	17.568	948.672	-1440	
5347014	240	240	15520	14.640	14.640	946.720	-1472	
5386823	224	256	15568	13.664	15.616	949.648	-1408	
5426633	256	224	15568	15.616	13.664	949.648	-1472	
5466442	256	256	15536	15.616	15.616	947.696	-1472	
5506251	272	304	15568	16.592	18.544	949.648	-1504	
5546058	240	320	15568	14.640	19.520	949.648	-1456	
5585868	304	256	15584	18.544	15.616	950.624	-1504	
5625677	288	256	15568	17.568	15.616	949.648	-1472	
5665488	256	256	15568	15.616	15.616	949.648	-1520	
5705300	224	352	15520	13.664	21.472	946.720	-1472	
5745110	224	288	15552	13.664	17.568	948.672	-1472	
5784918	288	208	15648	17.568	12.688	954.528	-1472	
5824726	272	208	15584	16.592	12.688	950.624	-1488	
5864533	208	256	15536	12.688	15.616	947.696	-1424	
5904343	272	272	15520	16.592	16.592	946.720	-1456	
5944152	256	224	15552	15.616	13.664	948.672	-1472	
5983959	256	224	15568	15.616	13.664	949.648	-1472	
6023766	272	256	15520	16.592	15.616	946.720	-1456	
6063574	256	288	15552	15.616	17.568	948.672	-1472	
6103382	256	304	15568	15.616	18.544	949.648	-1472	
6143191	288	240	15520	17.568	14.640	946.720	-1456	
6182999	304	240	15536	18.544	14.640	947.696	-1456	
6222807	288	224	15552	17.568	13.664	948.672	-1472	
6262613	272	304	15520	16.592	18.544	946.720	-1472	
6302420	272	256	15536	16.592	15.616	947.696	-1488	
6342229	288	208	15536	17.568	12.688	947.696	-1488	
6382036	304	208	15584	18.544	12.688	950.624	-1504	
6421844	272	224	15568	16.592	13.664	949.648	-1520	
6461653	240	320	15552	14.640	19.520	948.672	-1488	
6501459	320	304	15536	19.520	18.544	947.696	-1456	
6541265	288	208	15520	17.568	12.688	946.720	-1504	
6581071	272	240	15520	16.592	14.640	946.720	-1440	
6620877	256	240	15552	15.616	14.640	948.672	-1472	
6660686	304	256	15584	18.544	15.616	950.624	-1488	
6700494	256	240	15552	15.616	14.640	948.672	-1440	
6740301	336	208	15520	20.496	12.688	946.720	-1472	
6780108	272	240	15552	16.592	14.640	948.672	-1488	
6819917	224	240	15568	13.664	14.640	949.648	-1456	
6859725	320	208	15536	19.520	12.688	947.696	-1488	
6899530	288	192	15520	17.568	11.712	946.720	-1488	
6939337	272	240	15488	16.592	14.640	944.768	-1504	
6979146	256	288	15568	15.616	17.568	949.648	-1424	
7018952	272	240	15584	16.592	14.640	950.624	-1488	
7058759	288	224	15584	17.568	13.664	950.624	-1472	
7098568	272	256	15504	16.592	15.616	945.744	-1504	
7138377	288	256	15504	17.568	15.616	945.744	-1504	
7178185	272	304	15536	16.592	18.544	947.696	-1520	
7217993	288	240	15552	17.568	14.640	948.672	-1504	
7257801	272	272	15552	16.592	16.592	948.672	-1488	
7297609	272	224	15536	16.592	13.664	947.696	-1456	
7337415	272	272	15520	16.592	16.592	946.720	-1472	
7377222	288	288	15504	17.568	17.568	945.744	-1488	
7417030	288	240	15552	17.568	14.640	948.672	-1456	
7456836	288	256	15536	17.568	15.616	947.696	-1472	
7496643	288	256	15584	17.568	15.616	950.624	-1472	
7536450	240	288	15536	14.640	17.568	947.696	-1488	
7576257	288	272	15536	17.568	16.592	947.696	-1456	
7616065	272	320	15568	16.592	19.520	949.648	-1488	
7655874	288	288	15584	17.568	17.568	950.624	-1472	
7695683	256	256	15552	15.616	15.616	948.672	-1520	
7735495	256	256	15536	15.616	15.616	947.696	-1536	
7775304	272	256	15472	16.592	15.616	943.792	-1440	
7815113	304	240	15552	18.544	14.640	948.672	-1488	
7854922	272	288	15552	16.592	17.568	948.672	-1472	
7894728	240	208	15616	14.640	12.688	952.576	-1520	
7934539	320	272	15552	19.520	16.592	948.672	-1536	
7974346	272	240	15520	16.592	14.640	946.720	-1504	
8014154	288	272	15520	17.568	16.592	946.720	-1520	
8053964	240	240	15584	14.640	14.640	950.624	-1424	
8093772	240	256	15568	14.640	15.616	949.648	-1456	
8133579	320	256	15552	19.520	15.616	948.672	-1472	
8173390	304	320	15472	18.544	19.520	943.792	-1472	
8213201	256	272	15472	15.616	16.592	943.792	-1488	
8253010	320	240	15584	19.520	14.640	950.624	-1472	
8292819	288	224	15584	17.568	13.664	950.624	-1488	
8332629	288	272	15536	17.568	16.592	947.696	-1488	
8372438	320	288	15520	19.520	17.568	946.720	-1456	
8412247	272	304	15520	16.592	18.544	946.720	-1488	
8452057	288	256	15584	17.568	15.616	950.624	-1488	
8491865	272	256	15584	16.592	15.616	950.624	-1456	
8531677	288	192	15552	17.568	11.712	948.672	-1504	
8571486	272	272	15520	16.592	16.592	946.720	-1440	
8611296	304	256	15536	18.544	15.616	947.696	-1472	
8651109	256	256	15536	15.616	15.616	947.696	-1504	
8690918	288	208	15536	17.568	12.688	947.696	-1488	
8730727	240	288	15520	14.640	17.568	946.720	-1456	
8770536	272	272	15536	16.592	16.592	947.696	-1472	
8810347	304	272	15520	18.544	16.592	946.720	-1504	
8850157	272	240	15536	16.592	14.640	947.696	-1472	
8889968	256	240	15552	15.616	14.640	948.672	-1504	
8929776	256	256	15568	15.616	15.616	949.648	-1488	
8969588	304	224	15552	18.544	13.664	948.672	-1472	
9009398	240	272	15552	14.640	16.592	948.672	-1456	
9049207	256	224	15536	15.616	13.664	947.696	-1456	
9089016	272	256	15520	16.592	15.616	946.720	-1472	
9128826	256	224	15520	15.616	13.664	946.720	-1472	
9168637	240	256	15552	14.640	15.616	948.672	-1488	
9208444	256	240	15520	15.616	14.640	946.720	-1456	
9248252	288	224	15536	17.568	13.664	947.696	-1472	
9288060	304	240	15536	18.544	14.640	947.696	-1472	
9327868	272	240	15568	16.592	14.640	949.648	-1488	
9367678	272	240	15520	16.592	14.640	946.720	-1440	
9407485	304	224	15520	18.544	13.664	946.720	-1456	
9447297	224	272	15520	13.664	16.592	946.720	-1472	
9487105	304	240	15520	18.544	14.640	946.720	-1456	
9526914	224	240	15552	13.664	14.640	948.672	-1488	
9566724	256	208	15536	15.616	12.688	947.696	-1472	
9606535	288	272	15536	17.568	16.592	947.696	-1504	
9646344	288	224	15552	17.568	13.664	948.672	-1488	
9686155	304	256	15520	18.544	15.616	946.720	-1488	
9725966	256	256	15568	15.616	15.616	949.648	-1488	
9765773	256	240	15584	15.616	14.640	950.624	-1504	
9805579	272	256	15520	16.592	15.616	946.720	-1488	
9845389	288	272	15536	17.568	16.592	947.696	-1440	
9885197	272	256	15536	16.592	15.616	947.696	-1472	
9925005	272	256	15568	16.592	15.616	949.648	-1472	
9964812	288	224	15520	17.568	13.664	946.720	-1488	
10004616	256	224	15584	15.616	13.664	950.624	-1440	
10044423	272	256	15520	16.592	15.616	946.720	-1520	
10084231	288	320	15536	17.568	19.520	947.696	-1472	
10124037	256	272	15536	15.616	16.592	947.696	-1424	
10163840	240	256	15552	14.640	15.616	948.672	-1504	
10203650	272	272	15536	16.592	16.592	947.696	-1504	
10243461	288	272	15584	17.568	16.592	950.624	-1472	
10283268	288	240	15600	17.568	14.640	951.600	-1520	
10323076	224	320	15472	13.664	19.520	943.792	-1504	
10362886	256	256	15600	15.616	15.616	951.600	-1504	
10402696	256	192	15584	15.616	11.712	950.624	-1440	
10442506	240	208	15552	14.640	12.688	948.672	-1504	
10482313	288	304	15472	17.568	18.544	943.792	-1488	
10522124	160	336	15536	9.760	20.496	947.696	-1472	
10561934	272	256	15552	16.592	15.616	948.672	-1472	
10601744	240	176	15536	14.640	10.736	947.696	-1520	
10641551	272	192	15600	16.592	11.712	951.600	-1472	
10681363	240	272	15568	14.640	16.592	949.648	-1472	
10721172	208	336	15536	12.688	20.496	947.696	-1440	
10760982	272	224	15536	16.592	13.664	947.696	-1456	
10800790	288	192	15536	17.568	11.712	947.696	-1488	
10840596	256	256	15536	15.616	15.616	947.696	-1488	
10880401	256	288	15552	15.616	17.568	948.672	-1488	
10920209	256	256	15520	15.616	15.616	946.720	-1424	
10960016	288	256	15584	17.568	15.616	950.624	-1472	
10999826	256	224	15584	15.616	13.664	950.624	-1488	
11039631	272	240	15552	16.592	14.640	948.672	-1440	
11079441	272	272	15568	16.592	16.592	949.648	-1504	
11119247	256	256	15536	15.616	15.616	947.696	-1504	
11159057	304	240	15552	18.544	14.640	948.672	-1488	
11198866	272	224	15536	16.592	13.664	947.696	-1488	
11238674	288	240	15568	17.568	14.640	949.648	-1472	
11278486	256	240	15520	15.616	14.640	946.720	-1488	
11318295	256	256	15568	15.616	15.616	949.648	-1472	
11358104	256	224	15520	15.616	13.664	946.720	-1504	
11397914	256	256	15520	15.616	15.616	946.720	-1504	
11437721	272	256	15536	16.592	15.616	947.696	-1472	
11477530	288	256	15616	17.568	15.616	952.576	-1472	
11517340	304	240	15520	18.544	14.640	946.720	-1488	
11557149	288	304	15472	17.568	18.544	943.792	-1472	
11596959	240	272	15488	14.640	16.592	944.768	-1472	
11636767	320	224	15584	19.520	13.664	950.624	-1456	
11676574	288	224	15616	17.568	13.664	952.576	-1456	
11716382	256	304	15568	15.616	18.544	949.648	-1456	
11756192	240	208	15520	14.640	12.688	946.720	-1456	
11796000	272	288	15520	16.592	17.568	946.720	-1488	
11835811	320	272	15568	19.520	16.592	949.648	-1472	
11875620	224	288	15584	13.664	17.568	950.624	-1488	
11915430	272	288	15536	16.592	17.568	947.696	-1488	
11955241	304	272	15552	18.544	16.592	948.672	-1488	
11995048	304	256	15520	18.544	15.616	946.720	-1520	
12034858	272	256	15520	16.592	15.616	946.720	-1504	
12074667	208	224	15552	12.688	13.664	948.672	-1456	
12114477	304	256	15568	18.544	15.616	949.648	-1456	
12154288	272	256	15536	16.592	15.616	947.696	-1472	
12194096	240	256	15552	14.640	15.616	948.672	-1456	
12233903	304	272	15488	18.544	16.592	944.768	-1472	
12273709	288	208	15536	17.568	12.688	947.696	-1440	
12313520	272	224	15584	16.592	13.664	950.624	-1456	
12353328	288	224	15488	17.568	13.664	944.768	-1472	
12393138	256	240	15488	15.616	14.640	944.768	-1488	
12432946	224	192	15648	13.664	11.712	954.528	-1488	
12472758	176	240	15616	10.736	14.640	952.576	-1440	
12512568	256	256	15504	15.616	15.616	945.744	-1488	
12552376	288	224	15584	17.568	13.664	950.624	-1456	
12592187	272	240	15536	16.592	14.640	947.696	-1472	
12631996	256	272	15520	15.616	16.592	946.720	-1456	
12671802	272	256	15520	16.592	15.616	946.720	-1504	
12711611	304	208	15520	18.544	12.688	946.720	-1488	
12751418	288	224	15568	17.568	13.664	949.648	-1488	
12791225	304	272	15536	18.544	16.592	947.696	-1488	
12831037	272	272	15552	16.592	16.592	948.672	-1504	
12870842	240	272	15552	14.640	16.592	948.672	-1488	
12910650	272	208	15568	16.592	12.688	949.648	-1488	
12950460	304	240	15552	18.544	14.640	948.672	-1488	
12990268	272	288	15536	16.592	17.568	947.696	-1488	
13030078	288	272	15536	17.568	16.592	947.696	-1488	
13069887	240	256	15520	14.640	15.616	946.720	-1488	
13109692	256	208	15552	15.616	12.688	948.672	-1504	
13149499	320	208	15584	19.520	12.688	950.624	-1456	
13189307	240	240	15568	14.640	14.640	949.648	-1440	
13229114	304	272	15552	18.544	16.592	948.672	-1440	
13268921	272	272	15552	16.592	16.592	948.672	-1472	
13308727	272	256	15520	16.592	15.616	946.720	-1488	
13348532	240	224	15536	14.640	13.664	947.696	-1440	
13388339	288	272	15552	17.568	16.592	948.672	-1440	
13428147	272	256	15584	16.592	15.616	950.624	-1456	
13467956	272	240	15488	16.592	14.640	944.768	-1456	
13507766	288	240	15520	17.568	14.640	946.720	-1456	
13547573	240	208	15568	14.640	12.688	949.648	-1456	
13587379	256	240	15600	15.616	14.640	951.600	-1472	
13627185	288	208	15584	17.568	12.688	950.624	-1472	
13666990	288	304	15488	17.568	18.544	944.768	-1440	
13706797	288	256	15552	17.568	15.616	948.672	-1488	
13746605	272	224	15568	16.592	13.664	949.648	-1472	
13786415	240	160	15584	14.640	9.760	950.624	-1488	
13826225	288	240	15536	17.568	14.640	947.696	-1504	
13866035	272	272	15552	16.592	16.592	948.672	-1504	
13905843	272	240	15568	16.592	14.640	949.648	-1440	
13945650	288	240	15536	17.568	14.640	947.696	-1472	
13985456	272	224	15536	16.592	13.664	947.696	-1472	
14025264	240	224	15584	14.640	13.664	950.624	-1456	
14065073	272	256	15520	16.592	15.616	946.720	-1424	
14104883	304	272	15568	18.544	16.592	949.648	-1456	
14144692	272	240	15584	16.592	14.640	950.624	-1472	
14184499	240	240	15568	14.640	14.640	949.648	-1472	
14224306	288	240	15552	17.568	14.640	948.672	-1504	
14264112	288	256	15520	17.568	15.616	946.720	-1536	
14303921	272	256	15536	16.592	15.616	947.696	-1504	
14343728	288	256	15552	17.568	15.616	948.672	-1456	
14383535	288	256	15616	17.568	15.616	952.576	-1488	
14423340	288	224	15584	17.568	13.664	950.624	-1472	
14463148	288	224	15536	17.568	13.664	947.696	-1472	
14502953	224	240	15520	13.664	14.640	946.720	-1456	
14542762	288	256	15568	17.568	15.616	949.648	-1472	
14582567	272	224	15552	16.592	13.664	948.672	-1472	
14622371	256	240	15552	15.616	14.640	948.672	-1456	
14662179	224	240	15568	13.664	14.640	949.648	-1456	
14701985	208	256	15504	12.688	15.616	945.744	-1472	
14741792	288	288	15520	17.568	17.568	946.720	-1456	
14781600	256	272	15536	15.616	16.592	947.696	-1472	
14821407	256	240	15552	15.616	14.640	948.672	-1488	
14861215	240	224	15552	14.640	13.664	948.672	-1456	
14901024	272	256	15584	16.592	15.616	950.624	-1472	
14940833	256	272	15536	15.616	16.592	947.696	-1472	
14980641	288	224	15552	17.568	13.664	948.672	-1488	
15020449	288	256	15552	17.568	15.616	948.672	-1488	
15060254	272	192	15536	16.592	11.712	947.696	-1504	
15100060	256	288	15520	15.616	17.568	946.720	-1504	
15139866	272	272	15520	16.592	16.592	946.720	-1472	
15179675	272	256	15552	16.592	15.616	948.672	-1472	
15219484	272	240	15552	16.592	14.640	948.672	-1472	
15259289	304	272	15584	18.544	16.592	950.624	-1488	
15299094	272	240	15536	16.592	14.640	947.696	-1472	
15338898	304	288	15552	18.544	17.568	948.672	-1488	
15378705	256	272	15504	15.616	16.592	945.744	-1440	
15418512	272	224	15552	16.592	13.664	948.672	-1456	
15458321	288	224	15584	17.568	13.664	950.624	-1456	
15498130	288	256	15568	17.568	15.616	949.648	-1504	
15537940	272	256	15504	16.592	15.616	945.744	-1472	
15577749	304	304	15488	18.544	18.544	944.768	-1504	
15617562	288	272	15536	17.568	16.592	947.696	-1472	
15657372	288	256	15536	17.568	15.616	947.696	-1392	
15697184	272	240	15568	16.592	14.640	949.648	-1472	
15736993	304	224	15520	18.544	13.664	946.720	-1472	
15776803	224	240	15536	13.664	14.640	947.696	-1440	
15816613	288	288	15536	17.568	17.568	947.696	-1488	
15856422	256	256	15600	15.616	15.616	951.600	-1472	
15896234	240	240	15584	14.640	14.640	950.624	-1472	
15936047	272	224	15488	16.592	13.664	944.768	-1440	
15975856	272	304	15520	16.592	18.544	946.720	-1488	
16015667	272	272	15520	16.592	16.592	946.720	-1456	
16055476	288	256	15584	17.568	15.616	950.624	-1472	
16095284	272	240	15520	16.592	14.640	946.720	-1472	
16135090	304	256	15552	18.544	15.616	948.672	-1472	
16174901	288	272	15520	17.568	16.592	946.720	-1456	
16214711	240	224	15520	14.640	13.664	946.720	-1488	
16254521	288	224	15568	17.568	13.664	949.648	-1488	
16294333	256	240	15536	15.616	14.640	947.696	-1456	
16334142	256	256	15536	15.616	15.616	947.696	-1488	
16373954	304	288	15520	18.544	17.568	946.720	-1456	
16413764	304	224	15488	18.544	13.664	944.768	-1472	
16453575	272	240	15552	16.592	14.640	948.672	-1472	
16493386	288	224	15552	17.568	13.664	948.672	-1488	
16533197	304	304	15536	18.544	18.544	947.696	-1488	
16573007	256	272	15568	15.616	16.592	949.648	-1440	
16612818	240	240	15552	14.640	14.640	948.672	-1440	
16652629	288	272	15552	17.568	16.592	948.672	-1440	
16692440	288	224	15536	17.568	13.664	947.696	-1504	
16732252	256	208	15536	15.616	12.688	947.696	-1504	
16772063	304	288	15488	18.544	17.568	944.768	-1472	
16811873	240	256	15520	14.640	15.616	946.720	-1488	
16851682	272	256	15584	16.592	15.616	950.624	-1488	
16891492	288	224	15568	17.568	13.664	949.648	-1456	
16931302	256	288	15552	15.616	17.568	948.672	-1472	
16971110	272	256	15520	16.592	15.616	946.720	-1456	
17010919	272	256	15552	16.592	15.616	948.672	-1440	
17050727	256	272	15568	15.616	16.592	949.648	-1472	
17090536	288	224	15504	17.568	13.664	945.744	-1488	
17130343	256	272	15552	15.616	16.592	948.672	-1440	
17170152	288	256	15552	17.568	15.616	948.672	-1456	
17209963	240	256	15536	14.640	15.616	947.696	-1504	
17249773	288	256	15536	17.568	15.616	947.696	-1488	
17289582	288	224	15536	17.568	13.664	947.696	-1488	
17329393	272	240	15536	16.592	14.640	947.696	-1472	
17369199	320	256	15584	19.520	15.616	950.624	-1488	
17409008	256	240	15552	15.616	14.640	948.672	-1408	
17448818	288	272	15504	17.568	16.592	945.744	-1456	
17488625	240	272	15520	14.640	16.592	946.720	-1472	
17528435	224	256	15552	13.664	15.616	948.672	-1504	
17568246	272	240	15520	16.592	14.640	946.720	-1504	
17608057	272	272	15520	16.592	16.592	946.720	-1536	
17647867	288	240	15520	17.568	14.640	946.720	-1520	
17687676	256	272	15552	15.616	16.592	948.672	-1488	
17727482	272	256	15536	16.592	15.616	947.696	-1472	
17767290	256	272	15536	15.616	16.592	947.696	-1488	
17807098	272	256	15552	16.592	15.616	948.672	-1456	
17846907	256	240	15552	15.616	14.640	948.672	-1472	
17886716	256	240	15520	15.616	14.640	946.720	-1488	
17926523	256	240	15536	15.616	14.640	947.696	-1456	
17966333	304	272	15520	18.544	16.592	946.720	-1456	
18006141	288	240	15552	17.568	14.640	948.672	-1456	
18045949	272	256	15472	16.592	15.616	943.792	-1440	
18085756	272	288	15552	16.592	17.568	948.672	-1472	
18125562	272	224	15600	16.592	13.664	951.600	-1456	
18165371	256	288	15552	15.616	17.568	948.672	-1504	
18205177	272	288	15536	16.592	17.568	947.696	-1440	
18244983	304	256	15536	18.544	15.616	947.696	-1456	
18284789	304	272	15552	18.544	16.592	948.672	-1472	
18324597	272	240	15584	16.592	14.640	950.624	-1472	
18364407	288	272	15520	17.568	16.592	946.720	-1472	
18404216	272	256	15584	16.592	15.616	950.624	-1488	
18444025	272	272	15584	16.592	16.592	950.624	-1504	
18483834	272	240	15536	16.592	14.640	947.696	-1456	
18523644	288	288	15520	17.568	17.568	946.720	-1472	
18563452	240	288	15520	14.640	17.568	946.720	-1472	
18603263	256	176	15520	15.616	10.736	946.720	-1472	
18643072	224	272	15600	13.664	16.592	951.600	-1472	
18682881	256	224	15504	15.616	13.664	945.744	-1472	
18722690	288	208	15536	17.568	12.688	947.696	-1472	
18762498	240	272	15536	14.640	16.592	947.696	-1472	
18802308	256	224	15520	15.616	13.664	946.720	-1504	
18842118	272	224	15568	16.592	13.664	949.648	-1472	
18881926	272	208	15552	16.592	12.688	948.672	-1456	
18921737	272	256	15536	16.592	15.616	947.696	-1440	
18961545	256	240	15536	15.616	14.640	947.696	-1472	
19001356	288	272	15584	17.568	16.592	950.624	-1472	
19041164	272	240	15536	16.592	14.640	947.696	-1440	
19080974	272	288	15552	16.592	17.568	948.672	-1504	
19120783	240	240	15488	14.640	14.640	944.768	-1488	
19160595	288	240	15536	17.568	14.640	947.696	-1488	
19200404	272	224	15568	16.592	13.664	949.648	-1504	
19240211	288	208	15536	17.568	12.688	947.696	-1520	
19280018	256	208	15552	15.616	12.688	948.672	-1488	
19319828	272	240	15472	16.592	14.640	943.792	-1472	
19359639	224	304	15488	13.664	18.544	944.768	-1440	
19399448	272	240	15552	16.592	14.640	948.672	-1488	
19439258	288	224	15552	17.568	13.664	948.672	-1472	
19479067	240	288	15552	14.640	17.568	948.672	-1440	
19518877	272	240	15552	16.592	14.640	948.672	-1456	
19558686	272	240	15520	16.592	14.640	946.720	-1472	
19598498	272	288	15552	16.592	17.568	948.672	-1488	
19638307	288	256	15584	17.568	15.616	950.624	-1472	
19678115	272	256	15536	16.592	15.616	947.696	-1488	
19717923	304	240	15536	18.544	14.640	947.696	-1472	
19757726	272	256	15536	16.592	15.616	947.696	-1440	
19797532	272	272	15584	16.592	16.592	950.624	-1440	
19837338	288	240	15536	17.568	14.640	947.696	-1456	
19877143	272	256	15536	16.592	15.616	947.696	-1440	
19916952	272	240	15520	16.592	14.640	946.720	-1488	
19956762	288	272	15536	17.568	16.592	947.696	-1488	
19996569	304	224	15520	18.544	13.664	946.720	-1488	
20036376	256	240	15584	15.616	14.640	950.624	-1472	
20076181	288	256	15536	17.568	15.616	947.696	-1504	
20115989	304	224	15552	18.544	13.664	948.672	-1504	
20155798	288	224	15552	17.568	13.664	948.672	-1488	
20195605	272	272	15552	16.592	16.592	948.672	-1472	
20235413	256	256	15536	15.616	15.616	947.696	-1440	
20275223	272	224	15536	16.592	13.664	947.696	-1472	
20315032	272	208	15536	16.592	12.688	947.696	-1488	
20354840	256	256	15520	15.616	15.616	946.720	-1472	
20394646	256	320	15520	15.616	19.520	946.720	-1472	
20434455	256	224	15568	15.616	13.664	949.648	-1456	
20474264	288	272	15520	17.568	16.592	946.720	-1488	
20514073	256	192	15552	15.616	11.712	948.672	-1488	
20553883	256	272	15552	15.616	16.592	948.672	-1456	
20593690	288	240	15488	17.568	14.640	944.768	-1504	
20633498	320	272	15520	19.520	16.592	946.720	-1520	
20673304	272	288	15520	16.592	17.568	946.720	-1456	
20713109	288	208	15520	17.568	12.688	946.720	-1472	
20752916	240	224	15520	14.640	13.664	946.720	-1408	
20792723	272	304	15520	16.592	18.544	946.720	-1424	
20832533	288	240	15520	17.568	14.640	946.720	-1488	
20872341	256	272	15552	15.616	16.592	948.672	-1504	
20912149	240	256	15552	14.640	15.616	948.672	-1504	
20951956	288	224	15552	17.568	13.664	948.672	-1504	
20991765	256	208	15552	15.616	12.688	948.672	-1504	
21031574	320	240	15520	19.520	14.640	946.720	-1456	
21071386	304	256	15536	18.544	15.616	947.696	-1488	
21111197	288	224	15552	17.568	13.664	948.672	-1456	
21151007	288	208	15568	17.568	12.688	949.648	-1456	
21190815	272	240	15536	16.592	14.640	947.696	-1472	
21230627	288	256	15552	17.568	15.616	948.672	-1456	
21270436	288	224	15424	17.568	13.664	940.864	-1440	
21310247	160	208	15776	9.760	12.688	962.336	-1440	
21350056	352	192	15536	21.472	11.712	947.696	-1456	
21389864	272	224	15520	16.592	13.664	946.720	-1472	
21429676	272	288	15504	16.592	17.568	945.744	-1456	
21469485	224	304	15504	13.664	18.544	945.744	-1472	
21509295	320	320	15536	19.520	19.520	947.696	-1472	
21549104	272	192	15536	16.592	11.712	947.696	-1488	
21588916	272	192	15520	16.592	11.712	946.720	-1456	
21628727	240	272	15568	14.640	16.592	949.648	-1472	
21668537	240	320	15520	14.640	19.520	946.720	-1456	
21708344	256	288	15520	15.616	17.568	946.720	-1488	
21748154	304	176	15584	18.544	10.736	950.624	-1504	
21787963	240	224	15552	14.640	13.664	948.672	-1488	
21827772	256	304	15568	15.616	18.544	949.648	-1504	
21867584	256	304	15536	15.616	18.544	947.696	-1488	
21907394	304	208	15520	18.544	12.688	946.720	-1504	
21947202	288	224	15520	17.568	13.664	946.720	-1472	
21987013	256	240	15584	15.616	14.640	950.624	-1472	
22026824	272	256	15504	16.592	15.616	945.744	-1488	
22066632	288	240	15536	17.568	14.640	947.696	-1472	
22106443	256	272	15520	15.616	16.592	946.720	-1488	
22146254	272	272	15520	16.592	16.592	946.720	-1440	
22186066	224	272	15536	13.664	16.592	947.696	-1440	
22225878	240	240	15552	14.640	14.640	948.672	-1456	
22265686	272	240	15520	16.592	14.640	946.720	-1456	
22305494	288	272	15536	17.568	16.592	947.696	-1472	
22345307	336	224	15584	20.496	13.664	950.624	-1456	
22385116	256	368	15440	15.616	22.448	941.840	-1472	
22424927	240	192	15696	14.640	11.712	957.456	-1488	
22464738	272	208	15584	16.592	12.688	950.624	-1456	
22504547	320	256	15456	19.520	15.616	942.816	-1456	
22544355	272	240	15520	16.592	14.640	946.720	-1504	
22584167	272	336	15568	16.592	20.496	949.648	-1456	
22623976	256	240	15600	15.616	14.640	951.600	-1488	
22663787	336	208	15584	20.496	12.688	950.624	-1488	
22703598	304	240	15536	18.544	14.640	947.696	-1504	
22743408	256	272	15584	15.616	16.592	950.624	-1472	
22783219	224	256	15520	13.664	15.616	946.720	-1488	
22823027	288	208	15584	17.568	12.688	950.624	-1472	
22862839	256	256	15568	15.616	15.616	949.648	-1456	
22902650	256	288	15536	15.616	17.568	947.696	-1456	
22942458	224	272	15552	13.664	16.592	948.672	-1472	
22982269	288	256	15552	17.568	15.616	948.672	-1440	
23022076	272	176	15552	16.592	10.736	948.672	-1472	
23061882	320	240	15536	19.520	14.640	947.696	-1472	
23101690	256	240	15520	15.616	14.640	946.720	-1456	
23141500	272	304	15488	16.592	18.544	944.768	-1440	
23181308	272	256	15536	16.592	15.616	947.696	-1456	
23221118	272	224	15552	16.592	13.664	948.672	-1456	
23260926	304	288	15520	18.544	17.568	946.720	-1472	
23300737	288	272	15536	17.568	16.592	947.696	-1472	
23340545	288	240	15520	17.568	14.640	946.720	-1488	
23380353	304	272	15488	18.544	16.592	944.768	-1488	
23420160	272	192	15536	16.592	11.712	947.696	-1504	
23459970	240	224	15616	14.640	13.664	952.576	-1504	
23499781	272	304	15552	16.592	18.544	948.672	-1488	
23539590	240	272	15520	14.640	16.592	946.720	-1488	
23579400	272	224	15536	16.592	13.664	947.696	-1456	
23619209	224	256	15584	13.664	15.616	950.624	-1488	
23659021	256	288	15504	15.616	17.568	945.744	-1488	
23698828	224	256	15568	13.664	15.616	949.648	-1440	
23738638	288	240	15504	17.568	14.640	945.744	-1472	
23778447	304	224	15552	18.544	13.664	948.672	-1472	
23818257	288	256	15552	17.568	15.616	948.672	-1488	
23858067	208	208	15584	12.688	12.688	950.624	-1456	
23897879	272	208	15584	16.592	12.688	950.624	-1440	
23937689	304	272	15504	18.544	16.592	945.744	-1456	
23977499	272	272	15520	16.592	16.592	946.720	-1488	
24017309	208	288	15536	12.688	17.568	947.696	-1456	
24057121	224	224	15520	13.664	13.664	946.720	-1472	
24096929	272	224	15520	16.592	13.664	946.720	-1424	
24136740	320	272	15520	19.520	16.592	946.720	-1488	
24176548	272	288	15520	16.592	17.568	946.720	-1456	
24216354	256	272	15488	15.616	16.592	944.768	-1488	
24256162	320	256	15584	19.520	15.616	950.624	-1504	
24295971	304	224	15648	18.544	13.664	954.528	-1504	
24335780	256	240	15536	15.616	14.640	947.696	-1504	
24375588	224	224	15520	13.664	13.664	946.720	-1472	
24415397	240	288	15552	14.640	17.568	948.672	-1504	
24455205	272	272	15552	16.592	16.592	948.672	-1424	
24495013	288	240	15600	17.568	14.640	951.600	-1488	
24534819	304	256	15536	18.544	15.616	947.696	-1488	
24574624	272	288	15536	16.592	17.568	947.696	-1456	
24614432	256	240	15536	15.616	14.640	947.696	-1440	
24654240	304	240	15552	18.544	14.640	948.672	-1440	
24694051	240	224	15552	14.640	13.664	948.672	-1440	
24733862	288	256	15600	17.568	15.616	951.600	-1472	
24773671	288	256	15536	17.568	15.616	947.696	-1472	
24813483	288	272	15520	17.568	16.592	946.720	-1456	
24853293	240	224	15520	14.640	13.664	946.720	-1456	
24893103	272	256	15552	16.592	15.616	948.672	-1488	
24932911	240	208	15584	14.640	12.688	950.624	-1472	
24972719	208	240	15568	12.688	14.640	949.648	-1504	
25012528	256	256	15536	15.616	15.616	947.696	-1536	
25052337	176	784	14528	10.736	47.824	886.208	-1440	
25092146	768	352	15488	46.848	21.472	944.768	-1472	
25131955	272	144	15664	16.592	8.784	955.504	-1472	
25171763	256	224	15584	15.616	13.664	950.624	-1520	
25211570	288	160	15520	17.568	9.760	946.720	-1504	
25251379	240	288	15584	14.640	17.568	950.624	-1472	
25291186	208	288	15552	12.688	17.568	948.672	-1488	
25330994	272	256	15504	16.592	15.616	945.744	-1472	
25370801	272	192	15552	16.592	11.712	948.672	-1472	
25410609	256	256	15520	15.616	15.616	946.720	-1488	
25450418	224	304	15520	13.664	18.544	946.720	-1456	
25490223	256	256	15520	15.616	15.616	946.720	-1456	
25530032	272	224	15472	16.592	13.664	943.792	-1488	
25569842	304	224	15552	18.544	13.664	948.672	-1472	
25609649	240	272	15520	14.640	16.592	946.720	-1472	
25649459	224	240	15584	13.664	14.640	950.624	-1440	
25689269	272	240	15552	16.592	14.640	948.672	-1488	
25729076	304	192	15520	18.544	11.712	946.720	-1456	
25768886	240	240	15520	14.640	14.640	946.720	-1440	
25808693	256	240	15568	15.616	14.640	949.648	-1472	
25848499	272	256	15520	16.592	15.616	946.720	-1424	
25888305	256	256	15520	15.616	15.616	946.720	-1504	
25928112	256	224	15472	15.616	13.664	943.792	-1424	
25967919	272	240	15520	16.592	14.640	946.720	-1472	
26007730	240	224	15584	14.640	13.664	950.624	-1472	
26047539	288	208	15536	17.568	12.688	947.696	-1488	
26087350	256	240	15520	15.616	14.640	946.720	-1488	
26127159	304	256	15536	18.544	15.616	947.696	-1472	
26166967	304	288	15584	18.544	17.568	950.624	-1504	
26206776	256	256	15552	15.616	15.616	948.672	-1488	
26246586	288	240	15504	17.568	14.640	945.744	-1456	
26286395	288	208	15536	17.568	12.688	947.696	-1472	
26326205	256	272	15536	15.616	16.592	947.696	-1456	
26366015	256	224	15552	15.616	13.664	948.672	-1440	
26405821	304	224	15552	18.544	13.664	948.672	-1456	
26445630	288	240	15600	17.568	14.640	951.600	-1488	
26485437	304	224	15520	18.544	13.664	946.720	-1472	
26525245	224	224	15552	13.664	13.664	948.672	-1488	
26565052	240	208	15584	14.640	12.688	950.624	-1440	
26604859	272	240	15552	16.592	14.640	948.672	-1440	
26644667	288	240	15552	17.568	14.640	948.672	-1472	
26684474	272	256	15488	16.592	15.616	944.768	-1456	
26724282	256	224	15520	15.616	13.664	946.720	-1456	
26764089	288	256	15520	17.568	15.616	946.720	-1472	
26803895	288	272	15520	17.568	16.592	946.720	-1424	
26843701	272	240	15536	16.592	14.640	947.696	-1456	
26883507	288	272	15504	17.568	16.592	945.744	-1472	
26923317	304	272	15520	18.544	16.592	946.720	-1472	
26963124	240	224	15488	14.640	13.664	944.768	-1488	
27002931	288	208	15520	17.568	12.688	946.720	-1504	
27042737	256	240	15552	15.616	14.640	948.672	-1472	
27082544	272	272	15552	16.592	16.592	948.672	-1440	
27122351	304	272	15552	18.544	16.592	948.672	-1472	
27162159	288	240	15520	17.568	14.640	946.720	-1440	
27201969	272	224	15552	16.592	13.664	948.672	-1456	
27241779	304	288	15568	18.544	17.568	949.648	-1424	
27281591	256	208	15552	15.616	12.688	948.672	-1472	
27321400	288	272	15568	17.568	16.592	949.648	-1488	
27361208	256	240	15552	15.616	14.640	948.672	-1440	
27401018	256	272	15520	15.616	16.592	946.720	-1456	
27440827	288	240	15504	17.568	14.640	945.744	-1472	
27480634	288	224	15584	17.568	13.664	950.624	-1472	
27520443	256	272	15584	15.616	16.592	950.624	-1456	
27560249	288	336	15488	17.568	20.496	944.768	-1472	
27600057	240	256	15552	14.640	15.616	948.672	-1424	
27639867	288	224	15536	17.568	13.664	947.696	-1456	
27679675	272	288	15552	16.592	17.568	948.672	-1472	
27719483	240	256	15568	14.640	15.616	949.648	-1488	
27759288	256	256	15568	15.616	15.616	949.648	-1472	
27799096	288	240	15568	17.568	14.640	949.648	-1520	
27838907	288	240	15552	17.568	14.640	948.672	-1488	
27878719	272	272	15552	16.592	16.592	948.672	-1472	
27918530	272	272	15552	16.592	16.592	948.672	-1424	
27958340	256	256	15520	15.616	15.616	946.720	-1472	
27998148	240	272	15536	14.640	16.592	947.696	-1472	
28037959	288	256	15520	17.568	15.616	946.720	-1440	
28077768	304	240	15552	18.544	14.640	948.672	-1456	
28117576	272	240	15568	16.592	14.640	949.648	-1440	
28157383	224	272	15536	13.664	16.592	947.696	-1456	
28197188	272	240	15520	16.592	14.640	946.720	-1456	
28236995	288	320	15584	17.568	19.520	950.624	-1472	
28276802	208	272	15520	12.688	16.592	946.720	-1456	
28316609	256	272	15568	15.616	16.592	949.648	-1504	
28356416	272	224	15536	16.592	13.664	947.696	-1408	
28396225	304	272	15520	18.544	16.592	946.720	-1472	
28436033	272	240	15520	16.592	14.640	946.720	-1456	
28475842	304	240	15552	18.544	14.640	948.672	-1456	
28515648	256	208	15552	15.616	12.688	948.672	-1472	
28555456	272	224	15504	16.592	13.664	945.744	-1504	
28595264	304	304	15552	18.544	18.544	948.672	-1488	
28635072	304	256	15520	18.544	15.616	946.720	-1456	
28674881	256	272	15552	15.616	16.592	948.672	-1424	
28714689	352	256	15520	21.472	15.616	946.720	-1440	
28754497	272	272	15552	16.592	16.592	948.672	-1456	
28794308	272	240	15504	16.592	14.640	945.744	-1440	
28834115	272	288	15552	16.592	17.568	948.672	-1456	
28873926	272	240	15520	16.592	14.640	946.720	-1424	
28913734	256	240	15584	15.616	14.640	950.624	-1408	
28953545	256	176	15584	15.616	10.736	950.624	-1440	
28993353	256	256	15552	15.616	15.616	948.672	-1424	
29033162	304	240	15552	18.544	14.640	948.672	-1424	
29072970	288	240	15552	17.568	14.640	948.672	-1440	
29112777	256	256	15536	15.616	15.616	947.696	-1424	
29152585	256	192	15584	15.616	11.712	950.624	-1472	
29192394	256	224	15568	15.616	13.664	949.648	-1392	
29232203	272	224	15504	16.592	13.664	945.744	-1424	
29272010	224	272	15520	13.664	16.592	946.720	-1424	
29311817	320	240	15552	19.520	14.640	948.672	-1424	
29351622	288	288	15584	17.568	17.568	950.624	-1440	
29391432	240	256	15552	14.640	15.616	948.672	-1488	
29431240	272	288	15568	16.592	17.568	949.648	-1456	
29471047	240	272	15488	14.640	16.592	944.768	-1456	
29510855	256	240	15536	15.616	14.640	947.696	-1440	
29550663	288	208	15552	17.568	12.688	948.672	-1408	
29590472	288	272	15552	17.568	16.592	948.672	-1440	
29630281	256	256	15520	15.616	15.616	946.720	-1424	
29670091	304	240	15520	18.544	14.640	946.720	-1424	
29709901	288	240	15504	17.568	14.640	945.744	-1472	
29749709	240	256	15520	14.640	15.616	946.720	-1440	
29789516	256	208	15568	15.616	12.688	949.648	-1440	
29829324	256	192	15520	15.616	11.712	946.720	-1424	
29869134	304	224	15536	18.544	13.664	947.696	-1408	
29908943	272	240	15584	16.592	14.640	950.624	-1456	
29948751	240	256	15520	14.640	15.616	946.720	-1424	
29988559	256	240	15584	15.616	14.640	950.624	-1472	
30028367	256	272	15552	15.616	16.592	948.672	-1408	
30068175	256	272	15536	15.616	16.592	947.696	-1440	
30107984	288	304	15488	17.568	18.544	944.768	-1424	
30147791	272	208	15600	16.592	12.688	951.600	-1440	
30187601	304	240	15568	18.544	14.640	949.648	-1424	
30227410	224	224	15552	13.664	13.664	948.672	-1440	
30267218	272	272	15520	16.592	16.592	946.720	-1488	
30307031	224	256	15504	13.664	15.616	945.744	-1440	
30346840	304	240	15568	18.544	14.640	949.648	-1456	
30386650	272	240	15552	16.592	14.640	948.672	-1408	
30426457	272	256	15600	16.592	15.616	951.600	-1440	
30466264	288	272	15520	17.568	16.592	946.720	-1424	
30506072	272	288	15552	16.592	17.568	948.672	-1456	
30545879	256	272	15520	15.616	16.592	946.720	-1440	
30585691	272	240	15520	16.592	14.640	946.720	-1440	
30625499	272	240	15520	16.592	14.640	946.720	-1456	
30665306	272	256	15552	16.592	15.616	948.672	-1456	
30705117	240	256	15552	14.640	15.616	948.672	-1456	
30744929	288	256	15536	17.568	15.616	947.696	-1376	
30784740	272	224	15536	16.592	13.664	947.696	-1440	
30824548	304	224	15520	18.544	13.664	946.720	-1424	
30864358	256	256	15568	15.616	15.616	949.648	-1456	
30904167	320	224	15584	19.520	13.664	950.624	-1408	
30943976	272	304	15520	16.592	18.544	946.720	-1408	
30983787	256	240	15552	15.616	14.640	948.672	-1472	
31023596	272	240	15536	16.592	14.640	947.696	-1440	
31063406	288	256	15536	17.568	15.616	947.696	-1456	
31103217	224	256	15536	13.664	15.616	947.696	-1456	
31143025	256	304	15520	15.616	18.544	946.720	-1504	
31182833	272	304	15552	16.592	18.544	948.672	-1440	
31222639	272	256	15616	16.592	15.616	952.576	-1424	
31262449	288	224	15536	17.568	13.664	947.696	-1456	
31302258	256	256	15504	15.616	15.616	945.744	-1456	
31342067	272	256	15472	16.592	15.616	943.792	-1440	
31381875	272	240	15520	16.592	14.640	946.720	-1424	
31421683	288	272	15552	17.568	16.592	948.672	-1440	
31461489	288	208	15536	17.568	12.688	947.696	-1440	
31501299	240	224	15552	14.640	13.664	948.672	-1440	
31541106	288	240	15536	17.568	14.640	947.696	-1456	
31580915	288	208	15504	17.568	12.688	945.744	-1424	
31620727	240	256	15520	14.640	15.616	946.720	-1440	
31660536	256	256	15552	15.616	15.616	948.672	-1408	
31700344	288	240	15600	17.568	14.640	951.600	-1472	
31740150	224	208	15536	13.664	12.688	947.696	-1424	
31779955	272	256	15488	16.592	15.616	944.768	-1440	
31819763	256	304	15536	15.616	18.544	947.696	-1488	
31859569	272	256	15488	16.592	15.616	944.768	-1472	
31899381	240	224	15600	14.640	13.664	951.600	-1472	
31939191	304	272	15472	18.544	16.592	943.792	-1488	
31978999	272	256	15520	16.592	15.616	946.720	-1488	
32018807	288	208	15552	17.568	12.688	948.672	-1456	
32058617	272	256	15552	16.592	15.616	948.672	-1488	
32098426	256	288	15552	15.616	17.568	948.672	-1472	
32138236	240	256	15520	14.640	15.616	946.720	-1456	
32178046	320	208	15520	19.520	12.688	946.720	-1472	
32217857	256	240	15520	15.616	14.640	946.720	-1440	
32257664	256	256	15520	15.616	15.616	946.720	-1456	
32297474	272	272	15520	16.592	16.592	946.720	-1472	
32337284	272	272	15504	16.592	16.592	945.744	-1456	
32377094	288	208	15616	17.568	12.688	952.576	-1456	
32416905	288	256	15456	17.568	15.616	942.816	-1456	
32456711	240	240	15552	14.640	14.640	948.672	-1408	
32496519	288	224	15584	17.568	13.664	950.624	-1472	
32536329	224	240	15584	13.664	14.640	950.624	-1456	
32576138	256	240	15584	15.616	14.640	950.624	-1472	
32615948	288	256	15520	17.568	15.616	946.720	-1456	
32655758	240	208	15488	14.640	12.688	944.768	-1456	
32695568	256	240	15536	15.616	14.640	947.696	-1488	
32735378	256	240	15552	15.616	14.640	948.672	-1472	
32775188	256	192	15552	15.616	11.712	948.672	-1472	
32814995	272	240	15536	16.592	14.640	947.696	-1456	
32854804	288	272	15488	17.568	16.592	944.768	-1488	
32894616	256	240	15552	15.616	14.640	948.672	-1440	
32934427	288	240	15552	17.568	14.640	948.672	-1440	
32974237	288	192	15520	17.568	11.712	946.720	-1456	
33014047	256	256	15520	15.616	15.616	946.720	-1504	
33053856	272	256	15536	16.592	15.616	947.696	-1440	
33093665	288	272	15472	17.568	16.592	943.792	-1424	
33133471	272	224	15520	16.592	13.664	946.720	-1424	
33173281	288	224	15584	17.568	13.664	950.624	-1488	
33213093	272	224	15552	16.592	13.664	948.672	-1440	
33252901	288	288	15552	17.568	17.568	948.672	-1472	
33292712	256	224	15520	15.616	13.664	946.720	-1424	
33332520	272	256	15536	16.592	15.616	947.696	-1456	
33372333	272	224	15536	16.592	13.664	947.696	-1440	
33412143	288	208	15552	17.568	12.688	948.672	-1456	
33451954	272	288	15600	16.592	17.568	951.600	-1440	
33491763	256	240	15552	15.616	14.640	948.672	-1456	
33531575	256	272	15536	15.616	16.592	947.696	-1488	
33571385	256	240	15552	15.616	14.640	948.672	-1504	
33611192	256	272	15584	15.616	16.592	950.624	-1488	
33650997	288	240	15520	17.568	14.640	946.720	-1472	
33690806	304	192	15552	18.544	11.712	948.672	-1440	
33730614	288	224	15520	17.568	13.664	946.720	-1456	
33770423	272	208	15552	16.592	12.688	948.672	-1456	
33810234	288	272	15552	17.568	16.592	948.672	-1440	
33850041	272	256	15584	16.592	15.616	950.624	-1456	
33889851	288	224	15536	17.568	13.664	947.696	-1456	
33929658	288	256	15536	17.568	15.616	947.696	-1472	
33969467	272	256	15552	16.592	15.616	948.672	-1456	
34009275	240	240	15568	14.640	14.640	949.648	-1424	
34049082	288	272	15520	17.568	16.592	946.720	-1456	
34088889	272	240	15536	16.592	14.640	947.696	-1440	
34128698	256	272	15520	15.616	16.592	946.720	-1424	
34168507	256	304	15440	15.616	18.544	941.840	-1440	
34208315	288	272	15520	17.568	16.592	946.720	-1440	
34248124	272	240	15568	16.592	14.640	949.648	-1440	
34287932	256	224	15536	15.616	13.664	947.696	-1440	
34327740	272	256	15488	16.592	15.616	944.768	-1472	
34367547	256	304	15536	15.616	18.544	947.696	-1488	
34407356	272	208	15584	16.592	12.688	950.624	-1472	
34447166	304	256	15600	18.544	15.616	951.600	-1456	
34486973	256	224	15536	15.616	13.664	947.696	-1456	
34526779	272	272	15552	16.592	16.592	948.672	-1472	
34566587	256	256	15536	15.616	15.616	947.696	-1472	
34606396	304	224	15584	18.544	13.664	950.624	-1440	
34646205	304	256	15584	18.544	15.616	950.624	-1456	
34686011	272	256	15520	16.592	15.616	946.720	-1440	
34725821	272	304	15488	16.592	18.544	944.768	-1456	
34765632	304	224	15504	18.544	13.664	945.744	-1472	
34805443	288	208	15520	17.568	12.688	946.720	-1456	
34845251	224	272	15536	13.664	16.592	947.696	-1424	
34885057	288	240	15536	17.568	14.640	947.696	-1456	
34924865	208	208	15520	12.688	12.688	946.720	-1456	
34964674	352	224	15536	21.472	13.664	947.696	-1456	
35004482	336	256	15568	20.496	15.616	949.648	-1456	
35044291	240	224	15536	14.640	13.664	947.696	-1456	
35084098	272	288	15520	16.592	17.568	946.720	-1472	
35123906	240	256	15488	14.640	15.616	944.768	-1472	
35163717	272	224	15552	16.592	13.664	948.672	-1440	
35203525	240	272	15488	14.640	16.592	944.768	-1424	
35243334	288	256	15584	17.568	15.616	950.624	-1472	
35283144	288	192	15536	17.568	11.712	947.696	-1488	
35322954	256	272	15504	15.616	16.592	945.744	-1504	
35362765	320	256	15584	19.520	15.616	950.624	-1504	
35402572	224	256	15552	13.664	15.616	948.672	-1472	
35442382	256	240	15552	15.616	14.640	948.672	-1472	
35482193	304	224	15536	18.544	13.664	947.696	-1440	
35522003	272	224	15552	16.592	13.664	948.672	-1472	
35561812	256	256	15520	15.616	15.616	946.720	-1456	
35601623	272	288	15552	16.592	17.568	948.672	-1440	
35641430	304	240	15520	18.544	14.640	946.720	-1456	
35681240	256	160	15568	15.616	9.760	949.648	-1472	
35721052	256	256	15520	15.616	15.616	946.720	-1440	
35760862	240	272	15568	14.640	16.592	949.648	-1440	
35800674	256	256	15472	15.616	15.616	943.792	-1440	
35840480	256	256	15536	15.616	15.616	947.696	-1456	
35880288	240	240	15584	14.640	14.640	950.624	-1456	
35920097	288	256	15520	17.568	15.616	946.720	-1504	
35959906	288	304	15536	17.568	18.544	947.696	-1456	
35999709	288	272	15552	17.568	16.592	948.672	-1408	
36039517	272	256	15584	16.592	15.616	950.624	-1440	
36079324	288	256	15600	17.568	15.616	951.600	-1440	
36119133	288	240	15536	17.568	14.640	947.696	-1456	
36158939	240	256	15520	14.640	15.616	946.720	-1440	
36198746	288	240	15520	17.568	14.640	946.720	-1504	
36238556	288	256	15520	17.568	15.616	946.720	-1456	
36278365	256	240	15568	15.616	14.640	949.648	-1472	
36318174	256	208	15616	15.616	12.688	952.576	-1424	
36357983	272	272	15520	16.592	16.592	946.720	-1440	
36397793	288	240	15552	17.568	14.640	948.672	-1440	
36437601	288	256	15520	17.568	15.616	946.720	-1456	
36477409	288	224	15584	17.568	13.664	950.624	-1456	
36517220	288	224	15584	17.568	13.664	950.624	-1424	
36557030	304	240	15520	18.544	14.640	946.720	-1472	
36596836	288	192	15520	17.568	11.712	946.720	-1488	
36636648	256	256	15568	15.616	15.616	949.648	-1456	
36676457	288	256	15504	17.568	15.616	945.744	-1440	
36716264	240	224	15552	14.640	13.664	948.672	-1440	
36756072	256	208	15584	15.616	12.688	950.624	-1488	
36795880	272	240	15552	16.592	14.640	948.672	-1456	
36835689	304	272	15520	18.544	16.592	946.720	-1472	
36875499	288	256	15520	17.568	15.616	946.720	-1440	
36915308	256	272	15536	15.616	16.592	947.696	-1456	
36955117	272	208	15568	16.592	12.688	949.648	-1472	
36994926	240	272	15552	14.640	16.592	948.672	-1488	
37034733	304	304	15488	18.544	18.544	944.768	-1488	
37074542	288	256	15504	17.568	15.616	945.744	-1488	
37114349	272	272	15552	16.592	16.592	948.672	-1520	
37154155	256	224	15584	15.616	13.664	950.624	-1456	
37193961	288	272	15552	17.568	16.592	948.672	-1456	
37233770	272	304	15552	16.592	18.544	948.672	-1472	
37273579	240	240	15536	14.640	14.640	947.696	-1440	
37313388	256	240	15520	15.616	14.640	946.720	-1440	
37353197	288	288	15536	17.568	17.568	947.696	-1456	
37393008	288	240	15600	17.568	14.640	951.600	-1488	
37432817	272	288	15520	16.592	17.568	946.720	-1440	
37472627	304	272	15520	18.544	16.592	946.720	-1408	
37512436	272	256	15520	16.592	15.616	946.720	-1488	
37552244	240	256	15536	14.640	15.616	947.696	-1424	
37592051	256	240	15552	15.616	14.640	948.672	-1440	
37631859	272	240	15568	16.592	14.640	949.648	-1456	
37671669	272	272	15520	16.592	16.592	946.720	-1488	
37711481	288	256	15552	17.568	15.616	948.672	-1488	
37751292	256	256	15536	15.616	15.616	947.696	-1488	
37791100	272	192	15568	16.592	11.712	949.648	-1472	
37830907	256	288	15536	15.616	17.568	947.696	-1488	
37870715	240	240	15568	14.640	14.640	949.648	-1488	
37910523	256	272	15568	15.616	16.592	949.648	-1456	
37950331	256	256	15536	15.616	15.616	947.696	-1456	
37990138	304	240	15568	18.544	14.640	949.648	-1440	
38029947	256	240	15552	15.616	14.640	948.672	-1488	
38069755	288	224	15504	17.568	13.664	945.744	-1472	
38109567	240	224	15536	14.640	13.664	947.696	-1472	
38149374	240	256	15552	14.640	15.616	948.672	-1424	
38189185	240	288	15568	14.640	17.568	949.648	-1472	
38228996	256	272	15520	15.616	16.592	946.720	-1456	
38268806	288	272	15584	17.568	16.592	950.624	-1424	
38308614	272	256	15520	16.592	15.616	946.720	-1520	
38348422	240	288	15552	14.640	17.568	948.672	-1440	
38388231	304	256	15584	18.544	15.616	950.624	-1472	
38428039	272	240	15600	16.592	14.640	951.600	-1456	
38467845	240	304	15552	14.640	18.544	948.672	-1472	
38507652	304	224	15520	18.544	13.664	946.720	-1504	
38547462	240	256	15520	14.640	15.616	946.720	-1472	
38587273	288	288	15552	17.568	17.568	948.672	-1504	
38627080	240	256	15504	14.640	15.616	945.744	-1472	
38666889	240	240	15536	14.640	14.640	947.696	-1456	
38706698	288	288	15488	17.568	17.568	944.768	-1472	
38746503	320	256	15552	19.520	15.616	948.672	-1472	
38786310	272	224	15552	16.592	13.664	948.672	-1440	
38826119	272	272	15584	16.592	16.592	950.624	-1440	
38865926	272	240	15584	16.592	14.640	950.624	-1472	
38905732	256	272	15584	15.616	16.592	950.624	-1472	
38945537	256	256	15568	15.616	15.616	949.648	-1472	
38985345	288	240	15568	17.568	14.640	949.648	-1456	
39025151	256	272	15568	15.616	16.592	949.648	-1472	
39064959	288	208	15520	17.568	12.688	946.720	-1472	
39104766	256	256	15584	15.616	15.616	950.624	-1472	
39144574	272	240	15520	16.592	14.640	946.720	-1408	
39184379	288	256	15520	17.568	15.616	946.720	-1456	
39224184	224	208	15536	13.664	12.688	947.696	-1472	
39263988	224	208	15584	13.664	12.688	950.624	-1440	
39303792	256	192	15536	15.616	11.712	947.696	-1504	
39343597	272	256	15520	16.592	15.616	946.720	-1504	
39383403	304	240	15536	18.544	14.640	947.696	-1504	
39423207	320	256	15520	19.520	15.616	946.720	-1472	
39463014	256	288	15536	15.616	17.568	947.696	-1472	
39502822	288	256	15520	17.568	15.616	946.720	-1456	
39542630	288	272	15536	17.568	16.592	947.696	-1472	
39582438	272	224	15472	16.592	13.664	943.792	-1472	
39622243	272	208	15520	16.592	12.688	946.720	-1504	
39662052	240	256	15520	14.640	15.616	946.720	-1472	
39701859	256	240	15568	15.616	14.640	949.648	-1488	
39741666	272	288	15552	16.592	17.568	948.672	-1440	
39781473	256	240	15520	15.616	14.640	946.720	-1456	
39821280	288	272	15472	17.568	16.592	943.792	-1472	
39861087	256	208	15504	15.616	12.688	945.744	-1456	
39900893	256	240	15584	15.616	14.640	950.624	-1440	
39940700	304	256	15520	18.544	15.616	946.720	-1488	
39980507	304	256	15568	18.544	15.616	949.648	-1424	
40020315	272	256	15520	16.592	15.616	946.720	-1456	
40060123	288	208	15584	17.568	12.688	950.624	-1456	
40099930	288	256	15520	17.568	15.616	946.720	-1472	
40139738	288	256	15584	17.568	15.616	950.624	-1440	
40179546	256	256	15584	15.616	15.616	950.624	-1488	
40219355	256	304	15552	15.616	18.544	948.672	-1472	
40259166	288	256	15520	17.568	15.616	946.720	-1456	
40298976	272	224	15552	16.592	13.664	948.672	-1472	
40338785	288	208	15552	17.568	12.688	948.672	-1472	
40378594	272	224	15520	16.592	13.664	946.720	-1424	
40418402	320	288	15504	19.520	17.568	945.744	-1504	
40458209	304	224	15568	18.544	13.664	949.648	-1440	
40498016	256	256	15536	15.616	15.616	947.696	-1456	
40537825	256	272	15552	15.616	16.592	948.672	-1456	
40577631	256	224	15584	15.616	13.664	950.624	-1472	
40617442	288	272	15536	17.568	16.592	947.696	-1472	
40657252	272	240	15536	16.592	14.640	947.696	-1456	
40697062	256	224	15536	15.616	13.664	947.696	-1440	
40736869	240	256	15584	14.640	15.616	950.624	-1456	
40776679	272	208	15584	16.592	12.688	950.624	-1376	
40816488	272	240	15536	16.592	14.640	947.696	-1408	
40856297	256	256	15456	15.616	15.616	942.816	-1440	
40896104	304	256	15568	18.544	15.616	949.648	-1456	
40935914	240	208	15568	14.640	12.688	949.648	-1504	
40975722	272	288	15584	16.592	17.568	950.624	-1488	
41015530	224	224	15584	13.664	13.664	950.624	-1488	
41055340	288	224	15536	17.568	13.664	947.696	-1472	
41095148	288	288	15520	17.568	17.568	946.720	-1456	
41134954	272	256	15568	16.592	15.616	949.648	-1472	
41174762	288	240	15552	17.568	14.640	948.672	-1488	
41214570	288	224	15536	17.568	13.664	947.696	-1440	
41254376	288	272	15552	17.568	16.592	948.672	-1456	
41294187	272	256	15504	16.592	15.616	945.744	-1488	
41333995	272	256	15520	16.592	15.616	946.720	-1472	
41373805	272	240	15584	16.592	14.640	950.624	-1440	
41413612	272	256	15552	16.592	15.616	948.672	-1456	
41453419	304	256	15536	18.544	15.616	947.696	-1440	
41493228	256	272	15536	15.616	16.592	947.696	-1440	
41533036	272	192	15488	16.592	11.712	944.768	-1440	
41572845	256	240	15552	15.616	14.640	948.672	-1472	
41612653	272	240	15504	16.592	14.640	945.744	-1488	
41652460	288	272	15536	17.568	16.592	947.696	-1456	
41692265	272	272	15520	16.592	16.592	946.720	-1488	
41732075	272	272	15536	16.592	16.592	947.696	-1488	
41771882	272	256	15552	16.592	15.616	948.672	-1488	
41811689	256	240	15536	15.616	14.640	947.696	-1456	
41851498	272	272	15536	16.592	16.592	947.696	-1456	
41891307	240	256	15584	14.640	15.616	950.624	-1472	
41931115	272	256	15536	16.592	15.616	947.696	-1456	
41970924	288	224	15536	17.568	13.664	947.696	-1440	
42010733	288	240	15568	17.568	14.640	949.648	-1456	
42050543	304	208	15584	18.544	12.688	950.624	-1440	
42090352	304	272	15552	18.544	16.592	948.672	-1472	
42130162	288	224	15504	17.568	13.664	945.744	-1488	
42169970	288	240	15520	17.568	14.640	946.720	-1488	
42209778	288	224	15552	17.568	13.664	948.672	-1456	
42249585	272	256	15536	16.592	15.616	947.696	-1424	
42289393	304	256	15520	18.544	15.616	946.720	-1440	
42329203	224	240	15552	13.664	14.640	948.672	-1440	
42369012	304	272	15584	18.544	16.592	950.624	-1440	
42408819	288	224	15520	17.568	13.664	946.720	-1472	
42448628	256	192	15552	15.616	11.712	948.672	-1472	
42488434	320	256	15520	19.520	15.616	946.720	-1488	
42528244	288	224	15584	17.568	13.664	950.624	-1488	
42568052	304	304	15552	18.544	18.544	948.672	-1488	
42607861	272	240	15536	16.592	14.640	947.696	-1440	
42647671	304	240	15536	18.544	14.640	947.696	-1424	
42687479	304	272	15552	18.544	16.592	948.672	-1472	
42727290	256	256	15520	15.616	15.616	946.720	-1472	
42767100	304	240	15536	18.544	14.640	947.696	-1440	
42806911	256	224	15584	15.616	13.664	950.624	-1456	
42846721	240	256	15552	14.640	15.616	948.672	-1456	
42886530	288	240	15552	17.568	14.640	948.672	-1456	
42926340	272	256	15520	16.592	15.616	946.720	-1472	
42966149	256	240	15504	15.616	14.640	945.744	-1472	
43005958	256	256	15536	15.616	15.616	947.696	-1472	
43045767	272	192	15552	16.592	11.712	948.672	-1472	
43085578	288	256	15584	17.568	15.616	950.624	-1424	
43125386	240	288	15520	14.640	17.568	946.720	-1488	
43165195	304	256	15472	18.544	15.616	943.792	-1408	
43205004	256	192	15520	15.616	11.712	946.720	-1504	
43244813	288	256	15568	17.568	15.616	949.648	-1472	
43284625	288	240	15520	17.568	14.640	946.720	-1440	
43324436	240	208	15584	14.640	12.688	950.624	-1488	
43364245	256	272	15520	15.616	16.592	946.720	-1504	
43404053	288	272	15536	17.568	16.592	947.696	-1488	
43443861	288	240	15552	17.568	14.640	948.672	-1456	
43483670	288	240	15600	17.568	14.640	951.600	-1456	
43523481	256	256	15584	15.616	15.616	950.624	-1488	
43563289	288	288	15536	17.568	17.568	947.696	-1488	
43603100	272	256	15504	16.592	15.616	945.744	-1488	
43642910	304	240	15520	18.544	14.640	946.720	-1472	
43682720	240	240	15504	14.640	14.640	945.744	-1456	
43722528	304	224	15568	18.544	13.664	949.648	-1424	
43762338	240	224	15504	14.640	13.664	945.744	-1424	
43802148	272	272	15520	16.592	16.592	946.720	-1456	
43841958	288	256	15520	17.568	15.616	946.720	-1472	
43881764	288	256	15536	17.568	15.616	947.696	-1456	
43921575	240	224	15552	14.640	13.664	948.672	-1440	
43961385	256	224	15520	15.616	13.664	946.720	-1440	
44001196	288	288	15520	17.568	17.568	946.720	-1424	
44041005	240	272	15504	14.640	16.592	945.744	-1456	
44080813	224	176	15552	13.664	10.736	948.672	-1488	
44120622	288	224	15584	17.568	13.664	950.624	-1488	
44160433	272	192	15536	16.592	11.712	947.696	-1472	
44200243	272	240	15552	16.592	14.640	948.672	-1520	
44240052	288	288	15536	17.568	17.568	947.696	-1472	
44279860	272	240	15552	16.592	14.640	948.672	-1440	
44319670	256	208	15584	15.616	12.688	950.624	-1456	
44359480	224	256	15552	13.664	15.616	948.672	-1472	
44399289	256	288	15552	15.616	17.568	948.672	-1472	
44439095	272	240	15536	16.592	14.640	947.696	-1456	
44478903	272	240	15536	16.592	14.640	947.696	-1472	
44518713	272	208	15520	16.592	12.688	946.720	-1440	
44558522	256	320	15536	15.616	19.520	947.696	-1424	
44598330	224	240	15520	13.664	14.640	946.720	-1472	
44638140	256	240	15520	15.616	14.640	946.720	-1472	
44677950	304	240	15536	18.544	14.640	947.696	-1472	
44717761	256	224	15536	15.616	13.664	947.696	-1408	
44757571	224	256	15552	13.664	15.616	948.672	-1440	
44797383	304	256	15520	18.544	15.616	946.720	-1440	
44837196	272	224	15504	16.592	13.664	945.744	-1424	
44877005	288	240	15536	17.568	14.640	947.696	-1440	
44916814	288	288	15520	17.568	17.568	946.720	-1440	
44956622	272	240	15568	16.592	14.640	949.648	-1456	
44996429	224	224	15520	13.664	13.664	946.720	-1472	
45036240	320	224	15568	19.520	13.664	949.648	-1472	
45076052	320	272	15520	19.520	16.592	946.720	-1520	
45115863	304	256	15584	18.544	15.616	950.624	-1456	
45155675	304	208	15584	18.544	12.688	950.624	-1440	
45195485	240	256	15536	14.640	15.616	947.696	-1472	
45235298	304	208	15568	18.544	12.688	949.648	-1488	
45275110	256	256	15520	15.616	15.616	946.720	-1456	
45314920	256	256	15552	15.616	15.616	948.672	-1424	
45354731	288	192	15552	17.568	11.712	948.672	-1456	
45394540	304	240	15536	18.544	14.640	947.696	-1440	
45434348	256	272	15520	15.616	16.592	946.720	-1472	
45474156	272	240	15552	16.592	14.640	948.672	-1488	
45513960	240	256	15552	14.640	15.616	948.672	-1456	
45553768	272	272	15536	16.592	16.592	947.696	-1472	
45593575	240	256	15584	14.640	15.616	950.624	-1488	
45633386	288	256	15520	17.568	15.616	946.720	-1392	
45673196	272	256	15520	16.592	15.616	946.720	-1440	
45713006	304	240	15552	18.544	14.640	948.672	-1488	
45752817	288	224	15552	17.568	13.664	948.672	-1472	
45792628	256	256	15520	15.616	15.616	946.720	-1472	
45832438	272	256	15520	16.592	15.616	946.720	-1536	
45872248	256	272	15520	15.616	16.592	946.720	-1504	
45912058	256	240	15552	15.616	14.640	948.672	-1472	
45951869	304	256	15584	18.544	15.616	950.624	-1440	
45991678	288	208	15520	17.568	12.688	946.720	-1424	
46031486	256	288	15520	15.616	17.568	946.720	-1456	
46071294	288	224	15584	17.568	13.664	950.624	-1456	
46111103	272	256	15552	16.592	15.616	948.672	-1456	
46150909	288	256	15568	17.568	15.616	949.648	-1472	
46190718	272	272	15584	16.592	16.592	950.624	-1456	
46230526	256	256	15584	15.616	15.616	950.624	-1504	
46270336	256	256	15520	15.616	15.616	946.720	-1472	
46310145	256	240	15536	15.616	14.640	947.696	-1424	
46349951	272	272	15568	16.592	16.592	949.648	-1488	
46389760	256	256	15552	15.616	15.616	948.672	-1456	
46429568	288	240	15536	17.568	14.640	947.696	-1440	
46469375	272	256	15552	16.592	15.616	948.672	-1456	
46509183	240	256	15504	14.640	15.616	945.744	-1488	
46548990	288	256	15552	17.568	15.616	948.672	-1520	
46588799	272	256	15584	16.592	15.616	950.624	-1520	
46628611	240	224	15584	14.640	13.664	950.624	-1440	
46668419	272	240	15536	16.592	14.640	947.696	-1472	
46708227	304	256	15568	18.544	15.616	949.648	-1472	
46748034	272	304	15552	16.592	18.544	948.672	-1472	
46787841	272	224	15520	16.592	13.664	946.720	-1456	
46827649	240	208	15520	14.640	12.688	946.720	-1440	
46867456	272	240	15520	16.592	14.640	946.720	-1472	
46907265	256	272	15552	15.616	16.592	948.672	-1456	
46947073	256	272	15536	15.616	16.592	947.696	-1472	
46986882	240	256	15552	14.640	15.616	948.672	-1456	
47026693	288	256	15504	17.568	15.616	945.744	-1456	
47066503	256	224	15552	15.616	13.664	948.672	-1488	
47106312	256	256	15584	15.616	15.616	950.624	-1456	
47146121	224	256	15520	13.664	15.616	946.720	-1488	
47185929	272	272	15520	16.592	16.592	946.720	-1456	
47225737	240	208	15552	14.640	12.688	948.672	-1456	
47265545	256	256	15568	15.616	15.616	949.648	-1440	
47305354	288	240	15552	17.568	14.640	948.672	-1488	
47345164	288	240	15568	17.568	14.640	949.648	-1488	
47384973	272	288	15536	16.592	17.568	947.696	-1520	
47424784	288	208	15568	17.568	12.688	949.648	-1472	
47464593	272	256	15568	16.592	15.616	949.648	-1472	
47504401	272	256	15552	16.592	15.616	948.672	-1472	
47544208	256	224	15488	15.616	13.664	944.768	-1456	
47584017	304	256	15552	18.544	15.616	948.672	-1456	
47623828	272	256	15520	16.592	15.616	946.720	-1440	
47663637	256	256	15584	15.616	15.616	950.624	-1472	
47703446	272	208	15600	16.592	12.688	951.600	-1440	
47743252	272	288	15520	16.592	17.568	946.720	-1504	
47783060	240	256	15520	14.640	15.616	946.720	-1472	
47822868	272	256	15504	16.592	15.616	945.744	-1456	
47862676	256	240	15520	15.616	14.640	946.720	-1472	
47902485	288	240	15520	17.568	14.640	946.720	-1456	
47942291	288	240	15536	17.568	14.640	947.696	-1456	
47982095	240	224	15520	14.640	13.664	946.720	-1408	
48021901	272	256	15552	16.592	15.616	948.672	-1472	
48061704	256	240	15536	15.616	14.640	947.696	-1488	
48101511	272	256	15552	16.592	15.616	948.672	-1472	
48141319	256	272	15584	15.616	16.592	950.624	-1456	
48181125	272	288	15584	16.592	17.568	950.624	-1488	
48220930	304	272	15536	18.544	16.592	947.696	-1472	
48260740	304	240	15536	18.544	14.640	947.696	-1456	
48300549	288	256	15536	17.568	15.616	947.696	-1456	
48340356	240	240	15552	14.640	14.640	948.672	-1472	
48380164	288	256	15536	17.568	15.616	947.696	-1488	
48419972	288	256	15520	17.568	15.616	946.720	-1440	
48459778	304	272	15520	18.544	16.592	946.720	-1424	
48499586	240	240	15584	14.640	14.640	950.624	-1456	
48539393	304	224	15600	18.544	13.664	951.600	-1456	
48579201	240	240	15520	14.640	14.640	946.720	-1472	
48619006	240	256	15568	14.640	15.616	949.648	-1440	
48658812	272	352	15392	16.592	21.472	938.912	-1488	
48698621	272	192	15616	16.592	11.712	952.576	-1488	
48738428	320	272	15536	19.520	16.592	947.696	-1456	
48778236	256	176	15616	15.616	10.736	952.576	-1488	
48818040	304	224	15536	18.544	13.664	947.696	-1456	
48857848	256	256	15520	15.616	15.616	946.720	-1472	
48897653	224	256	15552	13.664	15.616	948.672	-1472	
48937460	256	240	15552	15.616	14.640	948.672	-1488	
48977265	272	256	15552	16.592	15.616	948.672	-1472	
49017073	272	288	15536	16.592	17.568	947.696	-1488	
49056881	272	256	15520	16.592	15.616	946.720	-1472	
49096686	272	208	15520	16.592	12.688	946.720	-1440	
49136491	272	288	15584	16.592	17.568	950.624	-1440	
49176297	288	272	15568	17.568	16.592	949.648	-1456	
49216103	208	208	15536	12.688	12.688	947.696	-1424	
49255909	256	208	15552	15.616	12.688	948.672	-1456	
49295717	320	272	15568	19.520	16.592	949.648	-1456	
49335523	256	272	15536	15.616	16.592	947.696	-1440	
49375330	240	240	15600	14.640	14.640	951.600	-1456	
49415136	288	240	15584	17.568	14.640	950.624	-1488	
49454943	304	256	15536	18.544	15.616	947.696	-1456	
49494749	272	288	15488	16.592	17.568	944.768	-1424	
49534557	240	240	15504	14.640	14.640	945.744	-1472	
49574363	272	240	15568	16.592	14.640	949.648	-1504	
49614172	256	224	15568	15.616	13.664	949.648	-1440	
49653980	288	224	15552	17.568	13.664	948.672	-1472	
49693785	240	304	15504	14.640	18.544	945.744	-1456	
49733590	240	240	15536	14.640	14.640	947.696	-1472	
49773394	256	224	15552	15.616	13.664	948.672	-1424	
49813201	288	224	15584	17.568	13.664	950.624	-1488	
49853007	272	256	15536	16.592	15.616	947.696	-1472	
49892815	288	272	15520	17.568	16.592	946.720	-1440	
49932620	272	304	15536	16.592	18.544	947.696	-1488	
49972430	272	224	15568	16.592	13.664	949.648	-1456	
50012238	272	208	15600	16.592	12.688	951.600	-1456	
50052048	256	256	15568	15.616	15.616	949.648	-1456	
50091855	240	272	15520	14.640	16.592	946.720	-1440	
50131663	320	224	15520	19.520	13.664	946.720	-1472	
50171468	304	224	15536	18.544	13.664	947.696	-1456	
50211274	304	240	15552	18.544	14.640	948.672	-1456	
50251084	240	256	15552	14.640	15.616	948.672	-1456	
50290895	256	240	15552	15.616	14.640	948.672	-1488	
50330703	304	224	15520	18.544	13.664	946.720	-1504	
50370514	288	224	15520	17.568	13.664	946.720	-1456	
50410321	224	288	15584	13.664	17.568	950.624	-1456	
50450128	256	256	15584	15.616	15.616	950.624	-1456	
50489937	288	208	15520	17.568	12.688	946.720	-1488	
50529746	304	272	15504	18.544	16.592	945.744	-1504	
50569557	272	256	15552	16.592	15.616	948.672	-1520	
50609361	240	256	15584	14.640	15.616	950.624	-1488	
50649168	288	240	15568	17.568	14.640	949.648	-1520	
50688975	272	240	15536	16.592	14.640	947.696	-1456	
50728782	272	272	15520	16.592	16.592	946.720	-1440	
50768589	256	304	15520	15.616	18.544	946.720	-1504	
50808395	272	256	15520	16.592	15.616	946.720	-1456	
50848203	288	208	15584	17.568	12.688	950.624	-1456	
50888011	240	208	15568	14.640	12.688	949.648	-1488	
50927818	272	304	15488	16.592	18.544	944.768	-1472	
50967626	304	272	15520	18.544	16.592	946.720	-1456	
51007435	272	256	15536	16.592	15.616	947.696	-1456	
51047243	272	192	15632	16.592	11.712	953.552	-1440	
51087054	272	208	15552	16.592	12.688	948.672	-1472	
51126863	256	288	15552	15.616	17.568	948.672	-1472	
51166672	256	256	15520	15.616	15.616	946.720	-1472	
51206481	304	192	15536	18.544	11.712	947.696	-1504	
51246290	304	240	15552	18.544	14.640	948.672	-1504	
51286099	240	256	15536	14.640	15.616	947.696	-1488	
51325908	304	240	15552	18.544	14.640	948.672	-1504	
51365719	256	304	15488	15.616	18.544	944.768	-1488	
51405526	288	256	15520	17.568	15.616	946.720	-1456	
51445334	320	240	15488	19.520	14.640	944.768	-1456	
51485142	272	240	15520	16.592	14.640	946.720	-1472	
51524951	272	288	15552	16.592	17.568	948.672	-1456	
51564759	304	272	15520	18.544	16.592	946.720	-1472	
51604565	288	240	15520	17.568	14.640	946.720	-1456	
51644376	288	272	15536	17.568	16.592	947.696	-1456	
51684186	256	256	15568	15.616	15.616	949.648	-1440	
51723996	224	256	15536	13.664	15.616	947.696	-1488	
51763807	288	224	15520	17.568	13.664	946.720	-1456	
51803614	288	272	15536	17.568	16.592	947.696	-1456	
51843423	272	272	15520	16.592	16.592	946.720	-1456	
51883232	224	256	15584	13.664	15.616	950.624	-1472	
51923043	256	240	15584	15.616	14.640	950.624	-1456	
51962853	304	208	15488	18.544	12.688	944.768	-1440	
52002662	240	240	15520	14.640	14.640	946.720	-1488	
52042471	288	272	15536	17.568	16.592	947.696	-1488	
52082281	256	272	15568	15.616	16.592	949.648	-1520	
52122091	288	256	15552	17.568	15.616	948.672	-1488	
52161901	304	256	15520	18.544	15.616	946.720	-1456	
52201711	256	256	15520	15.616	15.616	946.720	-1472	
52241519	288	256	15552	17.568	15.616	948.672	-1440	
52281330	272	208	15568	16.592	12.688	949.648	-1456	
52321138	304	240	15536	18.544	14.640	947.696	-1472	
52360945	256	240	15552	15.616	14.640	948.672	-1424	
52400754	288	208	15488	17.568	12.688	944.768	-1472	
52440563	240	256	15552	14.640	15.616	948.672	-1456	
52480373	304	224	15536	18.544	13.664	947.696	-1456	
52520182	288	240	15520	17.568	14.640	946.720	-1440	
52559990	256	240	15504	15.616	14.640	945.744	-1472	
52599795	288	288	15520	17.568	17.568	946.720	-1472	
52639603	304	240	15568	18.544	14.640	949.648	-1472	
52679412	272	288	15552	16.592	17.568	948.672	-1536	
52719219	288	240	15584	17.568	14.640	950.624	-1392	
52759023	256	240	15600	15.616	14.640	951.600	-1440	
52798832	304	304	15584	18.544	18.544	950.624	-1424	
52838638	288	240	15536	17.568	14.640	947.696	-1504	
52878447	256	272	15584	15.616	16.592	950.624	-1504	
52918251	272	256	15584	16.592	15.616	950.624	-1472	
52958059	256	256	15568	15.616	15.616	949.648	-1456	
52997868	304	256	15584	18.544	15.616	950.624	-1472	
53037676	304	256	15552	18.544	15.616	948.672	-1488	
53077484	240	256	15536	14.640	15.616	947.696	-1456	
53117294	288	240	15552	17.568	14.640	948.672	-1472	
53157102	240	224	15504	14.640	13.664	945.744	-1472	
53196910	272	272	15552	16.592	16.592	948.672	-1440	
53236718	256	240	15520	15.616	14.640	946.720	-1456	
53276525	288	256	15488	17.568	15.616	944.768	-1472	
53316334	240	256	15584	14.640	15.616	950.624	-1472	
53356143	288	240	15520	17.568	14.640	946.720	-1456	
53395950	272	288	15536	16.592	17.568	947.696	-1472	
53435759	288	272	15536	17.568	16.592	947.696	-1472	
53475567	240	256	15520	14.640	15.616	946.720	-1440	
53515373	288	224	15568	17.568	13.664	949.648	-1520	
53555180	240	208	15552	14.640	12.688	948.672	-1440	
53594987	336	272	15536	20.496	16.592	947.696	-1488	
53634794	320	256	15536	19.520	15.616	947.696	-1456	
53674600	288	256	15520	17.568	15.616	946.720	-1472	
53714404	272	256	15552	16.592	15.616	948.672	-1504	
53754211	288	256	15536	17.568	15.616	947.696	-1488	
53794018	256	288	15520	15.616	17.568	946.720	-1520	
53833826	304	256	15520	18.544	15.616	946.720	-1488	
53873633	288	256	15536	17.568	15.616	947.696	-1440	
53913441	272	224	15520	16.592	13.664	946.720	-1424	
53953252	304	208	15552	18.544	12.688	948.672	-1456	
53993059	288	208	15536	17.568	12.688	947.696	-1456	
54032866	288	256	15520	17.568	15.616	946.720	-1456	
54072673	240	240	15584	14.640	14.640	950.624	-1440	
54112479	304	224	15552	18.544	13.664	948.672	-1472	
54152288	272	288	15552	16.592	17.568	948.672	-1472	
54192095	272	224	15552	16.592	13.664	948.672	-1504	
54231903	304	240	15536	18.544	14.640	947.696	-1456	
54271711	272	240	15584	16.592	14.640	950.624	-1472	
54311519	272	288	15552	16.592	17.568	948.672	-1424	
54351328	288	240	15536	17.568	14.640	947.696	-1456	
54391136	272	240	15520	16.592	14.640	946.720	-1456	
54430942	240	192	15536	14.640	11.712	947.696	-1488	
54470749	304	224	15552	18.544	13.664	948.672	-1488	
54510558	256	224	15584	15.616	13.664	950.624	-1472	
54550367	256	272	15536	15.616	16.592	947.696	-1520	
54590175	256	240	15536	15.616	14.640	947.696	-1488	
54629981	272	240	15552	16.592	14.640	948.672	-1456	
54669790	272	272	15552	16.592	16.592	948.672	-1456	
54709598	288	240	15536	17.568	14.640	947.696	-1488	
54749407	288	256	15552	17.568	15.616	948.672	-1456	
54789215	256	240	15536	15.616	14.640	947.696	-1456	
54829022	240	256	15520	14.640	15.616	946.720	-1440	
54868831	304	224	15584	18.544	13.664	950.624	-1472	
54908638	304	256	15488	18.544	15.616	944.768	-1424	
54948446	256	224	15536	15.616	13.664	947.696	-1440	
54988253	288	256	15488	17.568	15.616	944.768	-1472	
55028061	256	288	15536	15.616	17.568	947.696	-1504	
55067868	240	240	15584	14.640	14.640	950.624	-1440	
55107673	272	208	15584	16.592	12.688	950.624	-1440	
55147481	224	256	15520	13.664	15.616	946.720	-1456	
55187290	304	272	15536	18.544	16.592	947.696	-1472	
55227099	256	288	15552	15.616	17.568	948.672	-1488	
55266904	272	256	15568	16.592	15.616	949.648	-1472	
55306711	288	208	15584	17.568	12.688	950.624	-1504	
55346518	256	272	15536	15.616	16.592	947.696	-1472	
55386328	288	240	15536	17.568	14.640	947.696	-1472	
55426138	272	256	15552	16.592	15.616	948.672	-1472	
55465949	240	256	15584	14.640	15.616	950.624	-1488	
55505758	256	256	15552	15.616	15.616	948.672	-1440	
55545567	288	240	15552	17.568	14.640	948.672	-1472	
55585377	288	288	15536	17.568	17.568	947.696	-1504	
55625185	272	240	15552	16.592	14.640	948.672	-1440	
55664988	240	240	15552	14.640	14.640	948.672	-1456	
55704796	288	256	15552	17.568	15.616	948.672	-1456	
55744603	272	240	15600	16.592	14.640	951.600	-1488	
55784413	256	288	15552	15.616	17.568	948.672	-1488	
55824221	256	224	15552	15.616	13.664	948.672	-1440	
55864029	256	224	15520	15.616	13.664	946.720	-1456	
55903836	304	224	15552	18.544	13.664	948.672	-1472	
55943641	272	240	15536	16.592	14.640	947.696	-1488	
55983448	240	272	15520	14.640	16.592	946.720	-1456	
56023257	224	256	15520	13.664	15.616	946.720	-1536	
56063068	208	256	15520	12.688	15.616	946.720	-1472	
56102875	288	256	15536	17.568	15.616	947.696	-1488	
56142685	288	208	15552	17.568	12.688	948.672	-1456	
56182492	256	256	15568	15.616	15.616	949.648	-1456	
56222298	240	288	15536	14.640	17.568	947.696	-1488	
56262105	304	256	15520	18.544	15.616	946.720	-1504	
56301913	272	272	15536	16.592	16.592	947.696	-1472	
56341720	288	256	15584	17.568	15.616	950.624	-1472	
56381530	288	224	15552	17.568	13.664	948.672	-1488	
56421337	304	240	15504	18.544	14.640	945.744	-1456	
56461145	240	288	15536	14.640	17.568	947.696	-1440	
56500952	288	240	15600	17.568	14.640	951.600	-1440	
56540760	272	208	15520	16.592	12.688	946.720	-1440	
56580569	256	240	15600	15.616	14.640	951.600	-1504	
56620377	288	256	15504	17.568	15.616	945.744	-1456	
56660186	208	304	15472	12.688	18.544	943.792	-1488	
56699995	272	320	15520	16.592	19.520	946.720	-1488	
56739802	272	240	15568	16.592	14.640	949.648	-1504	
56779609	256	192	15584	15.616	11.712	950.624	-1488	
56819414	320	240	15520	19.520	14.640	946.720	-1488	
56859220	240	272	15536	14.640	16.592	947.696	-1456	
56899028	272	240	15584	16.592	14.640	950.624	-1472	
56938834	240	256	15568	14.640	15.616	949.648	-1472	
56978641	288	240	15584	17.568	14.640	950.624	-1440	
57018448	240	304	15536	14.640	18.544	947.696	-1488	
57058257	256	288	15520	15.616	17.568	946.720	-1472	
57098065	256	256	15568	15.616	15.616	949.648	-1472	
57137872	288	256	15552	17.568	15.616	948.672	-1472	
57177678	240	224	15600	14.640	13.664	951.600	-1456	
57217486	208	240	15536	12.688	14.640	947.696	-1472	
57257292	272	256	15552	16.592	15.616	948.672	-1456	
57297100	288	240	15536	17.568	14.640	947.696	-1488	
57336904	272	256	15536	16.592	15.616	947.696	-1456	
57376713	256	208	15552	15.616	12.688	948.672	-1488	
57416520	272	272	15536	16.592	16.592	947.696	-1424	
57456325	224	240	15520	13.664	14.640	946.720	-1488	
57496130	288	272	15520	17.568	16.592	946.720	-1504	
57535938	288	224	15536	17.568	13.664	947.696	-1472	
57575747	320	240	15584	19.520	14.640	950.624	-1472	
57615554	304	208	15536	18.544	12.688	947.696	-1456	
57655362	256	272	15536	15.616	16.592	947.696	-1488	
57695171	272	288	15520	16.592	17.568	946.720	-1488	
57734975	272	240	15536	16.592	14.640	947.696	-1456	
57774786	256	256	15536	15.616	15.616	947.696	-1456	
57814594	288	208	15616	17.568	12.688	952.576	-1456	
57854404	288	240	15520	17.568	14.640	946.720	-1472	
57894218	288	256	15504	17.568	15.616	945.744	-1488	
57934024	256	240	15520	15.616	14.640	946.720	-1504	
57973834	272	224	15584	16.592	13.664	950.624	-1472	
58013645	240	224	15552	14.640	13.664	948.672	-1488	
58053453	272	240	15520	16.592	14.640	946.720	-1488	
58093261	304	288	15552	18.544	17.568	948.672	-1504	
58133072	256	288	15520	15.616	17.568	946.720	-1472	
58172881	272	256	15552	16.592	15.616	948.672	-1488	
58212687	256	224	15552	15.616	13.664	948.672	-1440	
58252497	272	256	15600	16.592	15.616	951.600	-1440	
58292302	272	288	15536	16.592	17.568	947.696	-1424	
58332108	288	240	15536	17.568	14.640	947.696	-1488	
58371918	256	240	15568	15.616	14.640	949.648	-1472	
58411726	272	240	15536	16.592	14.640	947.696	-1520	
58451533	272	224	15552	16.592	13.664	948.672	-1504	
58491340	304	272	15520	18.544	16.592	946.720	-1456	
58531145	272	304	15536	16.592	18.544	947.696	-1488	
58570953	288	272	15568	17.568	16.592	949.648	-1456	
58610762	240	224	15536	14.640	13.664	947.696	-1456	
58650573	240	272	15520	14.640	16.592	946.720	-1456	
58690380	304	256	15520	18.544	15.616	946.720	-1440	
58730189	320	256	15536	19.520	15.616	947.696	-1424	
58769999	240	224	15488	14.640	13.664	944.768	-1472	
58809808	256	208	15616	15.616	12.688	952.576	-1472	
58849614	288	256	15536	17.568	15.616	947.696	-1440	
58889425	256	224	15584	15.616	13.664	950.624	-1456	
58929235	272	272	15568	16.592	16.592	949.648	-1456	
58969044	272	288	15520	16.592	17.568	946.720	-1424	
59008855	288	256	15568	17.568	15.616	949.648	-1472	
59048662	256	256	15568	15.616	15.616	949.648	-1440	
59088472	320	208	15520	19.520	12.688	946.720	-1520	
59128279	224	224	15552	13.664	13.664	948.672	-1504	
59168088	272	256	15520	16.592	15.616	946.720	-1488	
59207895	304	240	15536	18.544	14.640	947.696	-1520	
59247702	240	288	15536	14.640	17.568	947.696	-1472	
59287512	240	272	15584	14.640	16.592	950.624	-1472	
59327319	272	288	15520	16.592	17.568	946.720	-1472	
59367127	256	288	15520	15.616	17.568	946.720	-1424	
59406934	256	272	15584	15.616	16.592	950.624	-1456	
59446741	272	256	15584	16.592	15.616	950.624	-1488	
59486550	256	208	15584	15.616	12.688	950.624	-1424	
59526358	288	208	15552	17.568	12.688	948.672	-1456	
59566166	288	352	15424	17.568	21.472	940.864	-1472	
59605974	288	304	15552	17.568	18.544	948.672	-1456	
59645783	256	256	15584	15.616	15.616	950.624	-1472	
59685592	272	240	15584	16.592	14.640	950.624	-1472	
59725401	304	288	15568	18.544	17.568	949.648	-1456	
59765210	288	256	15552	17.568	15.616	948.672	-1440	
59805023	256	288	15520	15.616	17.568	946.720	-1472	
59844833	256	256	15536	15.616	15.616	947.696	-1472	
59884641	304	240	15568	18.544	14.640	949.648	-1504	
59924449	240	240	15584	14.640	14.640	950.624	-1520	
59964258	272	224	15568	16.592	13.664	949.648	-1504	
60004065	208	256	15520	12.688	15.616	946.720	-1456	
60043875	240	240	15648	14.640	14.640	954.528	-1472	
60083683	240	288	15536	14.640	17.568	947.696	-1472	
60123489	240	272	15520	14.640	16.592	946.720	-1472	
60163295	304	240	15584	18.544	14.640	950.624	-1440	
60203103	256	224	15520	15.616	13.664	946.720	-1472	
60242911	288	240	15568	17.568	14.640	949.648	-1472	
60282721	240	256	15552	14.640	15.616	948.672	-1472	
60322529	256	256	15536	15.616	15.616	947.696	-1472	
60362340	272	256	15584	16.592	15.616	950.624	-1456	
60402149	288	256	15536	17.568	15.616	947.696	-1472	
60441958	304	304	15488	18.544	18.544	944.768	-1440	
60481766	304	272	15536	18.544	16.592	947.696	-1472	
60521577	336	208	15520	20.496	12.688	946.720	-1456	
60561386	288	176	15552	17.568	10.736	948.672	-1472	
60601194	240	256	15520	14.640	15.616	946.720	-1456	
60641001	384	208	15456	23.424	12.688	942.816	-1472	
60680809	352	256	15488	21.472	15.616	944.768	-1504	
60720616	272	192	15536	16.592	11.712	947.696	-1488	
60760424	256	192	15584	15.616	11.712	950.624	-1488	
60800234	272	240	15520	16.592	14.640	946.720	-1456	
60840041	288	272	15504	17.568	16.592	945.744	-1472	
60879850	272	224	15536	16.592	13.664	947.696	-1456	
60919658	272	208	15600	16.592	12.688	951.600	-1472	
60959465	272	208	15536	16.592	12.688	947.696	-1472	
60999271	288	304	15488	17.568	18.544	944.768	-1472	
61039078	256	256	15520	15.616	15.616	946.720	-1456	
61078888	288	224	15520	17.568	13.664	946.720	-1488	
61118698	240	256	15584	14.640	15.616	950.624	-1472	
61158505	288	160	15648	17.568	9.760	954.528	-1456	
61198316	256	288	15536	15.616	17.568	947.696	-1456	
61238123	288	272	15568	17.568	16.592	949.648	-1456	
61277931	304	224	15520	18.544	13.664	946.720	-1472	
61317735	256	240	15568	15.616	14.640	949.648	-1440	
61357540	320	240	15568	19.520	14.640	949.648	-1424	
61397349	320	256	15584	19.520	15.616	950.624	-1488	
61437158	288	272	15520	17.568	16.592	946.720	-1472	
61476966	272	288	15536	16.592	17.568	947.696	-1504	
61516775	256	224	15536	15.616	13.664	947.696	-1504	
61556580	272	256	15536	16.592	15.616	947.696	-1472	
61596385	288	208	15552	17.568	12.688	948.672	-1488	
61636190	304	240	15520	18.544	14.640	946.720	-1456	
61675998	304	240	15536	18.544	14.640	947.696	-1472	
61715806	272	272	15536	16.592	16.592	947.696	-1472	
61755612	288	224	15552	17.568	13.664	948.672	-1456	
61795418	272	240	15552	16.592	14.640	948.672	-1504	
61835224	656	368	15328	40.016	22.448	935.008	-1424	
61875031	288	448	15520	17.568	27.328	946.720	-1456	
61914839	224	144	15520	13.664	8.784	946.720	-1472	
