Timestamp [us]	A_X [LSB]	A_Y [LSB]	A_Z [LSB]	A_X [mg]	A_Y [mg]	A_Z [mg]	QVAR [LSB]	
12787	16	144	15488	0.976	8.784	944.768	-1200	
52590	352	160	15600	21.472	9.760	951.600	-576	
92399	560	192	15600	34.160	11.712	951.600	-704	
132207	288	192	15424	17.568	11.712	940.864	-928	
172013	64	128	15600	3.904	7.808	951.600	-1104	
211816	384	144	15568	23.424	8.784	949.648	-1360	
251623	544	160	15584	33.184	9.760	950.624	-736	
291431	304	112	15568	18.544	6.832	949.648	-832	
331237	160	160	15456	9.760	9.760	942.816	-624	
371045	352	112	15568	21.472	6.832	949.648	-720	
410852	352	160	15616	21.472	9.760	952.576	-1280	
450661	288	176	15536	17.568	10.736	947.696	-1280	
490467	224	80	15520	13.664	4.880	946.720	-928	
530272	288	144	15616	17.568	8.784	952.576	-1168	
570080	384	144	15648	23.424	8.784	954.528	-656	
609884	320	144	15536	19.520	8.784	947.696	-1296	
649691	224	144	15488	13.664	8.784	944.768	-608	
689498	320	128	15536	19.520	7.808	947.696	-800	
729303	336	128	15568	20.496	7.808	949.648	-1232	
769106	320	160	15536	19.520	9.760	947.696	-560	
808910	256	160	15488	15.616	9.760	944.768	-784	
848716	336	192	15520	20.496	11.712	946.720	-944	
888522	352	128	15568	21.472	7.808	949.648	-1104	
928329	304	144	15504	18.544	8.784	945.744	-1376	
968132	272	160	15536	16.592	9.760	947.696	-720	
1007938	288	128	15584	17.568	7.808	950.624	-816	
1047742	304	160	15568	18.544	9.760	949.648	-592	
1087548	352	112	15584	21.472	6.832	950.624	-704	
1127354	272	144	15552	16.592	8.784	948.672	-1280	
1167162	256	160	15552	15.616	9.760	948.672	-1328	
1206969	320	112	15552	19.520	6.832	948.672	-1168	
1246777	320	176	15520	19.520	10.736	946.720	-1152	
1286585	272	160	15584	16.592	9.760	950.624	-640	
1326393	336	112	15584	20.496	6.832	950.624	-1312	
1366202	320	144	15568	19.520	8.784	949.648	-688	
1406012	320	144	15552	19.520	8.784	948.672	-800	
1445821	304	208	15520	18.544	12.688	946.720	-1200	
1485631	320	128	15520	19.520	7.808	946.720	-624	
1525438	272	144	15536	16.592	8.784	947.696	-816	
1565245	288	144	15536	17.568	8.784	947.696	-944	
1605053	304	128	15520	18.544	7.808	946.720	-1040	
1644862	288	208	15504	17.568	12.688	945.744	-1328	
1684669	256	176	15584	15.616	10.736	950.624	-736	
1724478	304	112	15600	18.544	6.832	951.600	-848	
1764286	320	160	15584	19.520	9.760	950.624	-512	
1804094	320	128	15568	19.520	7.808	949.648	-688	
1843900	272	144	15568	16.592	8.784	949.648	-1296	
1883710	352	112	15568	21.472	6.832	949.648	-1344	
1923518	304	144	15536	18.544	8.784	947.696	-1232	
1963325	256	160	15552	15.616	9.760	948.672	-1184	
2003131	304	144	15584	18.544	8.784	950.624	-608	
2042937	304	160	15552	18.544	9.760	948.672	-1280	
2082745	304	144	15616	18.544	8.784	952.576	-704	
2122553	320	112	15552	19.520	6.832	948.672	-784	
2162359	288	144	15536	17.568	8.784	947.696	-1168	
2202168	256	176	15584	15.616	10.736	950.624	-592	
2241977	304	176	15584	18.544	10.736	950.624	-896	
2281788	320	128	15536	19.520	7.808	947.696	-944	
2321595	304	176	15536	18.544	10.736	947.696	-1008	
2361401	288	144	15552	17.568	8.784	948.672	-1328	
2401206	272	128	15536	16.592	7.808	947.696	-704	
2441017	272	192	15536	16.592	11.712	947.696	-832	
2480828	288	208	15488	17.568	12.688	944.768	-544	
2520636	272	32	15616	16.592	1.952	952.576	-752	
2560446	320	144	15648	19.520	8.784	954.528	-1312	
2600253	368	192	15584	22.448	11.712	950.624	-1264	
2640060	320	144	15520	19.520	8.784	946.720	-1104	
2679867	288	64	15584	17.568	3.904	950.624	-1120	
2719674	320	128	15552	19.520	7.808	948.672	-656	
2759479	320	160	15552	19.520	9.760	948.672	-1296	
2799284	240	208	15584	14.640	12.688	950.624	-736	
2839090	240	128	15536	14.640	7.808	947.696	-784	
2878896	320	160	15552	19.520	9.760	948.672	-1168	
2918701	336	176	15584	20.496	10.736	950.624	-592	
2958509	272	128	15600	16.592	7.808	951.600	-928	
2998312	288	176	15520	17.568	10.736	946.720	-912	
3038117	320	112	15568	19.520	6.832	949.648	-1008	
3077924	304	112	15552	18.544	6.832	948.672	-1360	
3117734	288	192	15584	17.568	11.712	950.624	-688	
3157544	240	224	15520	14.640	13.664	946.720	-864	
3197351	272	208	15536	16.592	12.688	947.696	-608	
3237158	304	80	15616	18.544	4.880	952.576	-720	
3276967	304	128	15552	18.544	7.808	948.672	-1312	
3316773	304	192	15584	18.544	11.712	950.624	-1264	
3356579	272	160	15600	16.592	9.760	951.600	-1088	
3396388	288	176	15536	17.568	10.736	947.696	-1136	
3436196	288	64	15648	17.568	3.904	954.528	-624	
3476007	288	160	15552	17.568	9.760	948.672	-1296	
3515814	288	176	15488	17.568	10.736	944.768	-736	
3555618	352	192	15600	21.472	11.712	951.600	-800	
3595424	352	96	15552	21.472	5.856	948.672	-1168	
3635232	320	112	15584	19.520	6.832	950.624	-624	
3675038	256	176	15536	15.616	10.736	947.696	-944	
3714844	336	160	15552	20.496	9.760	948.672	-912	
3754649	304	112	15584	18.544	6.832	950.624	-992	
3794455	272	128	15536	16.592	7.808	947.696	-1344	
3834262	304	96	15648	18.544	5.856	954.528	-672	
3874068	368	112	15552	22.448	6.832	948.672	-880	
3913877	352	192	15504	21.472	11.712	945.744	-592	
3953684	272	160	15584	16.592	9.760	950.624	-768	
3993493	320	160	15520	19.520	9.760	946.720	-1344	
4033301	304	112	15648	18.544	6.832	954.528	-1248	
4073106	304	144	15648	18.544	8.784	954.528	-1008	
4112913	288	208	15568	17.568	12.688	949.648	-1168	
4152721	304	160	15552	18.544	9.760	948.672	-592	
4192529	336	144	15520	20.496	8.784	946.720	-1312	
4232339	320	128	15488	19.520	7.808	944.768	-752	
4272148	320	160	15584	19.520	9.760	950.624	-784	
4311957	320	144	15520	19.520	8.784	946.720	-1184	
4351765	256	176	15584	15.616	10.736	950.624	-592	
4391574	304	144	15536	18.544	8.784	947.696	-992	
4431382	304	128	15536	18.544	7.808	947.696	-896	
4471189	288	128	15552	17.568	7.808	948.672	-960	
4510996	336	144	15600	20.496	8.784	951.600	-1296	
4550802	320	128	15568	19.520	7.808	949.648	-672	
4590610	304	144	15600	18.544	8.784	951.600	-864	
4630416	272	208	15520	16.592	12.688	946.720	-624	
4670219	272	160	15616	16.592	9.760	952.576	-784	
4710025	304	112	15552	18.544	6.832	948.672	-1312	
4749832	272	144	15536	16.592	8.784	947.696	-1232	
4789638	256	144	15520	15.616	8.784	946.720	-1008	
4829446	272	176	15520	16.592	10.736	946.720	-1152	
4869252	272	112	15600	16.592	6.832	951.600	-624	
4909055	336	96	15584	20.496	5.856	950.624	-1328	
4948860	304	144	15568	18.544	8.784	949.648	-816	
4988665	288	208	15552	17.568	12.688	948.672	-768	
5028472	288	160	15600	17.568	9.760	951.600	-1168	
5068277	288	144	15584	17.568	8.784	950.624	-576	
5108084	336	48	15520	20.496	2.928	946.720	-960	
5147890	288	160	15584	17.568	9.760	950.624	-928	
5187694	304	160	15616	18.544	9.760	952.576	-944	
5227497	320	160	15568	19.520	9.760	949.648	-1296	
5267303	320	96	15536	19.520	5.856	947.696	-672	
5307108	320	144	15584	19.520	8.784	950.624	-864	
5346912	352	176	15520	21.472	10.736	946.720	-592	
5386716	272	160	15536	16.592	9.760	947.696	-800	
5426521	272	128	15600	16.592	7.808	951.600	-1296	
5466327	304	192	15520	18.544	11.712	946.720	-1184	
5506133	256	112	15568	15.616	6.832	949.648	-976	
5545939	320	144	15568	19.520	8.784	949.648	-1136	
5585742	320	144	15520	19.520	8.784	946.720	-640	
5625546	336	144	15536	20.496	8.784	947.696	-1296	
5665353	288	144	15600	17.568	8.784	951.600	-768	
5705158	352	128	15552	21.472	7.808	948.672	-800	
5744965	320	160	15520	19.520	9.760	946.720	-1216	
5784772	320	128	15552	19.520	7.808	948.672	-576	
5824579	320	128	15552	19.520	7.808	948.672	-928	
5864383	288	176	15584	17.568	10.736	950.624	-912	
5904189	304	192	15600	18.544	11.712	951.600	-992	
5943996	288	192	15552	17.568	11.712	948.672	-1344	
5983804	288	112	15536	17.568	6.832	947.696	-672	
6023613	272	112	15488	16.592	6.832	944.768	-864	
6063418	272	160	15536	16.592	9.760	947.696	-592	
6103224	272	96	15568	16.592	5.856	949.648	-768	
6143030	304	160	15536	18.544	9.760	947.696	-1312	
6182836	352	112	15600	21.472	6.832	951.600	-1200	
6222644	288	112	15648	17.568	6.832	954.528	-1072	
6262451	272	224	15520	16.592	13.664	946.720	-1152	
6302258	304	176	15568	18.544	10.736	949.648	-624	
6342064	320	160	15584	19.520	9.760	950.624	-1264	
6381871	256	128	15536	15.616	7.808	947.696	-816	
6421677	304	160	15520	18.544	9.760	946.720	-784	
6461486	320	160	15536	19.520	9.760	947.696	-1200	
6501291	304	144	15584	18.544	8.784	950.624	-592	
6541097	320	144	15504	19.520	8.784	945.744	-992	
6580904	304	160	15536	18.544	9.760	947.696	-928	
6620710	288	96	15552	17.568	5.856	948.672	-976	
6660520	288	128	15536	17.568	7.808	947.696	-1328	
6700329	272	176	15520	16.592	10.736	946.720	-640	
6740139	256	176	15584	15.616	10.736	950.624	-848	
6779945	304	160	15568	18.544	9.760	949.648	-592	
6819752	272	128	15536	16.592	7.808	947.696	-784	
6859560	288	160	15520	17.568	9.760	946.720	-1312	
6899368	288	160	15584	17.568	9.760	950.624	-1264	
6939175	288	128	15536	17.568	7.808	947.696	-1072	
6978981	320	160	15536	19.520	9.760	947.696	-1168	
7018787	336	128	15584	20.496	7.808	950.624	-624	
7058594	272	176	15616	16.592	10.736	952.576	-1312	
7098400	288	144	15536	17.568	8.784	947.696	-768	
7138207	288	128	15584	17.568	7.808	950.624	-800	
7178016	336	144	15584	20.496	8.784	950.624	-1184	
7217820	320	128	15536	19.520	7.808	947.696	-608	
7257629	272	176	15536	16.592	10.736	947.696	-976	
7297440	288	208	15600	17.568	12.688	951.600	-912	
7337248	320	192	15520	19.520	11.712	946.720	-1008	
7377059	352	176	15568	21.472	10.736	949.648	-1360	
7416867	304	128	15568	18.544	7.808	949.648	-704	
7456677	304	144	15584	18.544	8.784	950.624	-896	
7496484	288	192	15520	17.568	11.712	946.720	-576	
7536293	304	144	15552	18.544	8.784	948.672	-768	
7576099	304	192	15552	18.544	11.712	948.672	-1312	
7615907	272	128	15536	16.592	7.808	947.696	-1280	
7655716	304	96	15616	18.544	5.856	952.576	-1088	
7695525	288	160	15568	17.568	9.760	949.648	-1152	
7735332	272	128	15536	16.592	7.808	947.696	-640	
7775138	272	160	15536	16.592	9.760	947.696	-1280	
7814945	272	160	15584	16.592	9.760	950.624	-768	
7854752	304	192	15552	18.544	11.712	948.672	-720	
7894562	336	128	15584	20.496	7.808	950.624	-1200	
7934371	272	112	15536	16.592	6.832	947.696	-576	
7974179	288	192	15520	17.568	11.712	946.720	-928	
8013985	352	160	15504	21.472	9.760	945.744	-928	
8053789	288	128	15568	17.568	7.808	949.648	-992	
8093595	288	96	15552	17.568	5.856	948.672	-1344	
8133401	304	144	15584	18.544	8.784	950.624	-704	
8173207	256	160	15584	15.616	9.760	950.624	-848	
8213016	304	176	15552	18.544	10.736	948.672	-544	
8252823	288	160	15520	17.568	9.760	946.720	-752	
8292630	288	112	15568	17.568	6.832	949.648	-1344	
8332439	304	160	15632	18.544	9.760	953.552	-1280	
8372247	288	144	15568	17.568	8.784	949.648	-1104	
8412054	320	176	15536	19.520	10.736	947.696	-1136	
8451863	288	144	15616	17.568	8.784	952.576	-608	
8491671	368	176	15536	22.448	10.736	947.696	-1280	
8531478	272	208	15584	16.592	12.688	950.624	-736	
8571286	288	144	15616	17.568	8.784	952.576	-768	
8611095	304	144	15568	18.544	8.784	949.648	-1200	
8650902	304	224	15520	18.544	13.664	946.720	-608	
8690709	336	160	15552	20.496	9.760	948.672	-896	
8730515	304	160	15568	18.544	9.760	949.648	-944	
8770325	336	176	15600	20.496	10.736	951.600	-1040	
8810132	304	176	15488	18.544	10.736	944.768	-1312	
8849936	272	144	15552	16.592	8.784	948.672	-704	
8889744	304	208	15552	18.544	12.688	948.672	-848	
8929553	256	144	15536	15.616	8.784	947.696	-544	
8969360	320	112	15536	19.520	6.832	947.696	-672	
9009167	320	144	15536	19.520	8.784	947.696	-1280	
9048974	288	176	15632	17.568	10.736	953.552	-1312	
9088782	256	176	15600	15.616	10.736	951.600	-1184	
9128591	288	144	15536	17.568	8.784	947.696	-1152	
9168398	352	96	15536	21.472	5.856	947.696	-592	
9208206	336	192	15584	20.496	11.712	950.624	-1264	
9248014	256	160	15520	15.616	9.760	946.720	-688	
9287825	288	192	15584	17.568	11.712	950.624	-800	
9327634	288	176	15552	17.568	10.736	948.672	-1184	
9367445	288	176	15600	17.568	10.736	951.600	-592	
9407255	336	176	15504	20.496	10.736	945.744	-832	
9447066	336	176	15536	20.496	10.736	947.696	-896	
9486873	288	144	15536	17.568	8.784	947.696	-1008	
9526679	304	160	15536	18.544	9.760	947.696	-1312	
9566488	288	160	15520	17.568	9.760	946.720	-672	
9606296	336	176	15584	20.496	10.736	950.624	-800	
9646101	320	144	15552	19.520	8.784	948.672	-528	
9685909	352	160	15584	21.472	9.760	950.624	-704	
9725714	320	176	15552	19.520	10.736	948.672	-1280	
9765520	320	128	15536	19.520	7.808	947.696	-1296	
9805326	320	160	15584	19.520	9.760	950.624	-1216	
9845132	320	192	15600	19.520	11.712	951.600	-1152	
9884936	320	160	15552	19.520	9.760	948.672	-592	
9924742	304	144	15552	18.544	8.784	948.672	-1280	
9964548	320	128	15536	19.520	7.808	947.696	-736	
10004354	320	144	15536	19.520	8.784	947.696	-800	
10044160	240	160	15600	14.640	9.760	951.600	-1168	
10083966	336	144	15568	20.496	8.784	949.648	-576	
10123862	288	144	15536	17.568	8.784	947.696	-752	
10163581	288	176	15552	17.568	10.736	948.672	-912	
10203390	320	128	15520	19.520	7.808	946.720	-1088	
10243198	288	144	15584	17.568	8.784	950.624	-1328	
10283004	288	176	15552	17.568	10.736	948.672	-720	
10322809	288	128	15552	17.568	7.808	948.672	-816	
10362613	352	176	15584	21.472	10.736	950.624	-592	
10402419	336	96	15584	20.496	5.856	950.624	-672	
10442225	288	128	15600	17.568	7.808	951.600	-1280	
10482030	272	160	15520	16.592	9.760	946.720	-1424	
10521840	320	176	15536	19.520	10.736	947.696	-928	
10561646	272	144	15584	16.592	8.784	950.624	-1120	
10601453	288	128	15520	17.568	7.808	946.720	-592	
10641262	320	144	15552	19.520	8.784	948.672	-1264	
10681072	320	128	15520	19.520	7.808	946.720	-576	
10720881	336	96	15552	20.496	5.856	948.672	-800	
10760688	288	192	15552	17.568	11.712	948.672	-1184	
10800496	320	160	15584	19.520	9.760	950.624	-544	
10840303	320	112	15536	19.520	6.832	947.696	-688	
10880115	288	160	15584	17.568	9.760	950.624	-912	
10919923	304	208	15584	18.544	12.688	950.624	-1088	
10959729	288	176	15584	17.568	10.736	950.624	-1360	
10999538	272	176	15584	16.592	10.736	950.624	-736	
11039346	320	128	15584	19.520	7.808	950.624	-832	
11079155	320	208	15536	19.520	12.688	947.696	-720	
11118964	288	144	15568	17.568	8.784	949.648	-656	
11158772	336	208	15568	20.496	12.688	949.648	-1280	
11198579	288	176	15600	17.568	10.736	951.600	-1328	
11238386	304	144	15536	18.544	8.784	947.696	-640	
11278194	304	128	15568	18.544	7.808	949.648	-1152	
11318003	320	112	15520	19.520	6.832	946.720	-608	
11357811	304	144	15520	18.544	8.784	946.720	-1280	
11397617	352	112	15552	21.472	6.832	948.672	-560	
11437425	304	96	15584	18.544	5.856	950.624	-800	
11477235	352	144	15568	21.472	8.784	949.648	-1216	
11517042	256	128	15552	15.616	7.808	948.672	-560	
11556848	304	144	15552	18.544	8.784	948.672	-592	
11596657	288	144	15520	17.568	8.784	946.720	-864	
11636464	256	96	15584	15.616	5.856	950.624	-1136	
11676269	272	128	15600	16.592	7.808	951.600	-1376	
11716077	288	128	15568	17.568	7.808	949.648	-768	
11755884	352	128	15552	21.472	7.808	948.672	-800	
11795692	304	192	15520	18.544	11.712	946.720	-816	
11835500	320	176	15584	19.520	10.736	950.624	-656	
11875307	144	336	15440	8.784	20.496	941.840	-1296	
11915111	96	144	15712	5.856	8.784	958.432	-1024	
11954920	272	160	15568	16.592	9.760	949.648	-544	
11994726	336	192	15488	20.496	11.712	944.768	-1168	
12034531	272	176	15584	16.592	10.736	950.624	-608	
12074338	320	176	15568	19.520	10.736	949.648	-1232	
12114143	256	176	15520	15.616	10.736	946.720	-384	
12153950	320	96	15584	19.520	5.856	950.624	-800	
12193757	304	160	15552	18.544	9.760	948.672	-1216	
12233562	320	160	15584	19.520	9.760	950.624	-624	
12273367	320	160	15520	19.520	9.760	946.720	-496	
12313173	304	160	15552	18.544	9.760	948.672	-816	
12352977	304	96	15552	18.544	5.856	948.672	-1104	
12392784	288	160	15504	17.568	9.760	945.744	-1360	
12432592	288	192	15536	17.568	11.712	947.696	-896	
12472402	272	144	15536	16.592	8.784	947.696	-800	
12512210	304	128	15536	18.544	7.808	947.696	-992	
12552015	272	96	15552	16.592	5.856	948.672	-608	
12591822	272	224	15536	16.592	13.664	947.696	-1280	
12631631	288	208	15584	17.568	12.688	950.624	-976	
12671436	288	144	15584	17.568	8.784	950.624	-432	
12711244	320	128	15568	19.520	7.808	949.648	-1152	
12751049	320	144	15584	19.520	8.784	950.624	-608	
12790853	304	176	15552	18.544	10.736	948.672	-1184	
12830660	320	176	15536	19.520	10.736	947.696	-224	
12870468	336	112	15600	20.496	6.832	951.600	-832	
12910273	304	112	15568	18.544	6.832	949.648	-1248	
12950080	288	112	15520	17.568	6.832	946.720	-560	
12989885	272	144	15520	16.592	8.784	946.720	-976	
13029693	272	176	15568	16.592	10.736	949.648	-784	
13069501	304	80	15568	18.544	4.880	949.648	-1024	
13109307	288	176	15552	17.568	10.736	948.672	-1376	
13149114	320	144	15552	19.520	8.784	948.672	-928	
13188922	256	144	15568	15.616	8.784	949.648	-800	
13228730	288	96	15504	17.568	5.856	945.744	-1104	
13268537	336	128	15568	20.496	7.808	949.648	-624	
13308343	304	144	15552	18.544	8.784	948.672	-1280	
13348149	288	160	15568	17.568	9.760	949.648	-960	
13387956	352	128	15616	21.472	7.808	952.576	-448	
13427760	304	144	15536	18.544	8.784	947.696	-1136	
13467565	288	160	15568	17.568	9.760	949.648	-576	
13507370	304	160	15584	18.544	9.760	950.624	-1168	
13547176	320	144	15520	19.520	8.784	946.720	0	
13586981	304	144	15552	18.544	8.784	948.672	-864	
13626788	304	144	15520	18.544	8.784	946.720	-1264	
13666597	256	144	15552	15.616	8.784	948.672	-624	
13706404	304	128	15584	18.544	7.808	950.624	-912	
13746211	288	192	15552	17.568	11.712	948.672	-800	
13786017	320	176	15600	19.520	10.736	951.600	-944	
13825827	288	160	15584	17.568	9.760	950.624	-1360	
13865636	272	160	15584	16.592	9.760	950.624	-1024	
13905442	272	176	15600	16.592	10.736	951.600	-832	
13945249	304	192	15536	18.544	11.712	947.696	-1152	
13985054	288	160	15536	17.568	9.760	947.696	-624	
14024862	320	192	15552	19.520	11.712	948.672	-1280	
14064669	304	160	15584	18.544	9.760	950.624	-896	
14104477	320	144	15552	19.520	8.784	948.672	-672	
14144284	320	176	15568	19.520	10.736	949.648	-1152	
14184091	272	112	15584	16.592	6.832	950.624	-576	
14223899	320	112	15520	19.520	6.832	946.720	-1104	
14263705	272	208	15568	16.592	12.688	949.648	-160	
14303513	288	144	15552	17.568	8.784	948.672	-912	
14343320	336	128	15552	20.496	7.808	948.672	-1280	
14383130	288	144	15568	17.568	8.784	949.648	-608	
14422937	304	176	15552	18.544	10.736	948.672	-896	
14462745	304	144	15536	18.544	8.784	947.696	-704	
14502552	288	144	15600	17.568	8.784	951.600	-880	
14542360	336	208	15520	20.496	12.688	946.720	-1344	
14582167	288	160	15584	17.568	9.760	950.624	-1168	
14621973	304	112	15584	18.544	6.832	950.624	-880	
14661781	320	160	15520	19.520	9.760	946.720	-1136	
14701586	320	144	15568	19.520	8.784	949.648	-624	
14741393	320	176	15520	19.520	10.736	946.720	-1280	
14781200	320	112	15584	19.520	6.832	950.624	-864	
14821006	288	192	15552	17.568	11.712	948.672	-720	
14860810	272	192	15552	16.592	11.712	948.672	-1152	
14900617	272	128	15568	16.592	7.808	949.648	-592	
14940425	288	144	15536	17.568	8.784	947.696	-1040	
14980232	288	144	15536	17.568	8.784	947.696	-800	
15020040	272	96	15568	16.592	5.856	949.648	-912	
15059849	288	160	15584	17.568	9.760	950.624	-1296	
15099657	288	176	15584	17.568	10.736	950.624	-640	
15139466	304	176	15552	18.544	10.736	948.672	-880	
15179275	304	160	15552	18.544	9.760	948.672	-624	
15219083	352	112	15600	21.472	6.832	951.600	-784	
15258892	336	160	15536	20.496	9.760	947.696	-1328	
15298701	304	112	15616	18.544	6.832	952.576	-1248	
15338507	288	112	15600	17.568	6.832	951.600	-992	
15378315	320	160	15568	19.520	9.760	949.648	-1152	
15418123	336	112	15584	20.496	6.832	950.624	-624	
15457933	288	160	15520	17.568	9.760	946.720	-1296	
15497742	304	144	15584	18.544	8.784	950.624	-768	
15537550	304	176	15536	18.544	10.736	947.696	-768	
15577358	256	208	15536	15.616	12.688	947.696	-1184	
15617169	288	176	15584	17.568	10.736	950.624	-576	
15656976	336	144	15552	20.496	8.784	948.672	-944	
15696785	336	144	15536	20.496	8.784	947.696	-896	
15736592	304	160	15536	18.544	9.760	947.696	-976	
15776400	288	224	15568	17.568	13.664	949.648	-1328	
15816208	288	192	15520	17.568	11.712	946.720	-704	
15856015	304	144	15520	18.544	8.784	946.720	-848	
15895821	272	176	15568	16.592	10.736	949.648	-576	
15935630	304	112	15568	18.544	6.832	949.648	-720	
15975434	288	144	15552	17.568	8.784	948.672	-1296	
16015243	368	224	15600	22.448	13.664	951.600	-1312	
16055050	256	128	15584	15.616	7.808	950.624	-1200	
16094860	320	144	15520	19.520	8.784	946.720	-1168	
16134670	304	96	15616	18.544	5.856	952.576	-608	
16174477	304	160	15552	18.544	9.760	948.672	-1264	
16214285	304	192	15536	18.544	11.712	947.696	-720	
16254096	320	144	15584	19.520	8.784	950.624	-768	
16293905	320	176	15536	19.520	10.736	947.696	-1200	
16333714	320	160	15584	19.520	9.760	950.624	-608	
16373524	320	176	15536	19.520	10.736	947.696	-768	
16413331	320	176	15584	19.520	10.736	950.624	-912	
16453138	288	64	15584	17.568	3.904	950.624	-1072	
16492945	320	160	15520	19.520	9.760	946.720	-1344	
16532752	336	112	15584	20.496	6.832	950.624	-736	
16572560	304	192	15584	18.544	11.712	950.624	-848	
16612370	304	128	15552	18.544	7.808	948.672	-672	
16652176	256	208	15584	15.616	12.688	950.624	-672	
16691984	304	160	15520	18.544	9.760	946.720	-1296	
16731792	256	224	15616	15.616	13.664	952.576	-1424	
16771599	288	112	15584	17.568	6.832	950.624	-688	
16811407	304	144	15552	18.544	8.784	948.672	-1152	
16851216	352	128	15536	21.472	7.808	947.696	-608	
16891022	272	176	15536	16.592	10.736	947.696	-1248	
16930827	272	192	15600	16.592	11.712	951.600	-592	
16970634	272	160	15584	16.592	9.760	950.624	-800	
17010440	288	144	15552	17.568	8.784	948.672	-1184	
17050246	352	128	15552	21.472	7.808	948.672	-608	
17090052	304	176	15552	18.544	10.736	948.672	-560	
17129861	288	176	15600	17.568	10.736	951.600	-896	
17169669	320	64	15616	19.520	3.904	952.576	-1168	
17209480	336	96	15616	20.496	5.856	952.576	-1376	
17249288	336	160	15584	20.496	9.760	950.624	-800	
17289097	256	192	15568	15.616	11.712	949.648	-800	
17328903	288	208	15536	17.568	12.688	947.696	-896	
17368708	336	80	15536	20.496	4.880	947.696	-640	
17408515	304	144	15568	18.544	8.784	949.648	-1296	
17448321	256	192	15584	15.616	11.712	950.624	-1056	
17488127	288	176	15568	17.568	10.736	949.648	-464	
17527934	336	208	15520	20.496	12.688	946.720	-1136	
17567740	288	128	15616	17.568	7.808	952.576	-592	
17607544	304	128	15552	18.544	7.808	948.672	-1216	
17647350	240	192	15520	14.640	11.712	946.720	-336	
17687157	256	192	15552	15.616	11.712	948.672	-800	
17726964	288	160	15488	17.568	9.760	944.768	-1248	
17766767	288	112	15584	17.568	6.832	950.624	-608	
17806571	288	128	15552	17.568	7.808	948.672	-992	
17846374	320	144	15536	19.520	8.784	947.696	-832	
17886181	304	144	15536	18.544	8.784	947.696	-1056	
17925988	288	128	15552	17.568	7.808	948.672	-1360	
17965793	272	128	15552	16.592	7.808	948.672	-912	
18005600	304	144	15536	18.544	8.784	947.696	-816	
18045407	336	160	15536	20.496	9.760	947.696	-1088	
18085212	352	128	15536	21.472	7.808	947.696	-656	
18125020	304	160	15584	18.544	9.760	950.624	-1280	
18164827	320	192	15536	19.520	11.712	947.696	-976	
18204635	288	192	15552	17.568	11.712	948.672	-448	
18244444	336	176	15584	20.496	10.736	950.624	-1152	
18284253	288	144	15552	17.568	8.784	948.672	-576	
18324061	272	144	15520	16.592	8.784	946.720	-1152	
18363869	288	176	15552	17.568	10.736	948.672	-48	
18403678	320	96	15568	19.520	5.856	949.648	-848	
18443485	304	160	15552	18.544	9.760	948.672	-1248	
18483293	320	176	15552	19.520	10.736	948.672	-608	
18523099	288	224	15584	17.568	13.664	950.624	-944	
18562908	352	160	15520	21.472	9.760	946.720	-784	
18602718	352	112	15648	21.472	6.832	954.528	-928	
18642526	288	160	15568	17.568	9.760	949.648	-1344	
18682334	304	176	15552	18.544	10.736	948.672	-1024	
18722139	272	112	15584	16.592	6.832	950.624	-816	
18761945	304	160	15536	18.544	9.760	947.696	-1152	
18801752	272	160	15600	16.592	9.760	951.600	-624	
18841562	272	208	15568	16.592	12.688	949.648	-1296	
18881368	288	144	15552	17.568	8.784	948.672	-864	
18921177	336	160	15536	20.496	9.760	947.696	-640	
18960985	256	224	15552	15.616	13.664	948.672	-1152	
19000790	272	64	15536	16.592	3.904	947.696	-560	
19040597	256	64	15600	15.616	3.904	951.600	-1104	
19080403	304	176	15584	18.544	10.736	950.624	-64	
19120214	304	192	15584	18.544	11.712	950.624	-896	
19160023	272	128	15520	16.592	7.808	946.720	-1264	
19199832	304	176	15584	18.544	10.736	950.624	-640	
19239640	304	160	15600	18.544	9.760	951.600	-928	
19279452	336	128	15632	20.496	7.808	953.552	-720	
19319259	288	128	15552	17.568	7.808	948.672	-880	
19359068	272	176	15552	16.592	10.736	948.672	-1296	
19398876	336	160	15584	20.496	9.760	950.624	-1136	
19438684	288	160	15584	17.568	9.760	950.624	-880	
19478493	320	176	15504	19.520	10.736	945.744	-1136	
19518299	320	112	15584	19.520	6.832	950.624	-608	
19558109	288	224	15568	17.568	13.664	949.648	-1264	
19597915	320	176	15504	19.520	10.736	945.744	-848	
19637723	288	176	15536	17.568	10.736	947.696	-752	
19677531	288	160	15536	17.568	9.760	947.696	-1168	
19717338	352	160	15568	21.472	9.760	949.648	-576	
19757145	288	144	15584	17.568	8.784	950.624	-1008	
19796950	304	144	15584	18.544	8.784	950.624	-608	
19836758	320	144	15536	19.520	8.784	947.696	-896	
19876565	320	192	15584	19.520	11.712	950.624	-1312	
19916373	336	128	15584	20.496	7.808	950.624	-672	
19956180	336	160	15600	20.496	9.760	951.600	-880	
19995991	288	112	15552	17.568	6.832	948.672	-624	
20035797	320	144	15536	19.520	8.784	947.696	-800	
20075603	288	128	15600	17.568	7.808	951.600	-1296	
20115409	304	144	15584	18.544	8.784	950.624	-1248	
20155218	304	128	15616	18.544	7.808	952.576	-944	
20195029	320	176	15552	19.520	10.736	948.672	-1136	
20234837	272	160	15520	16.592	9.760	946.720	-592	
20274644	224	112	15600	13.664	6.832	951.600	-1312	
20314451	256	192	15536	15.616	11.712	947.696	-816	
20354260	304	144	15568	18.544	8.784	949.648	-784	
20394066	304	176	15584	18.544	10.736	950.624	-1168	
20433871	304	144	15584	18.544	8.784	950.624	-528	
20473675	320	144	15536	19.520	8.784	947.696	-912	
20513480	288	192	15536	17.568	11.712	947.696	-864	
20553292	304	144	15584	18.544	8.784	950.624	-960	
20593098	256	144	15520	15.616	8.784	946.720	-1328	
20632906	304	144	15584	18.544	8.784	950.624	-672	
20672714	272	144	15584	16.592	8.784	950.624	-896	
20712523	304	160	15520	18.544	9.760	946.720	-544	
20752331	304	96	15600	18.544	5.856	951.600	-736	
20792139	304	144	15568	18.544	8.784	949.648	-1312	
20831945	304	128	15584	18.544	7.808	950.624	-1328	
20871754	272	176	15600	16.592	10.736	951.600	-1088	
20911563	272	176	15536	16.592	10.736	947.696	-1152	
20951369	272	176	15568	16.592	10.736	949.648	-576	
20991176	320	160	15536	19.520	9.760	947.696	-1280	
21030983	352	144	15520	21.472	8.784	946.720	-736	
21070789	336	112	15584	20.496	6.832	950.624	-800	
21110594	272	192	15552	16.592	11.712	948.672	-1200	
21150401	256	144	15584	15.616	8.784	950.624	-624	
21190208	320	160	15552	19.520	9.760	948.672	-784	
21230016	272	224	15520	16.592	13.664	946.720	-912	
21269825	304	112	15552	18.544	6.832	948.672	-1040	
21309633	304	128	15552	18.544	7.808	948.672	-1376	
21349438	320	160	15584	19.520	9.760	950.624	-688	
21389246	304	160	15584	18.544	9.760	950.624	-848	
21429050	272	160	15520	16.592	9.760	946.720	-544	
21468859	320	144	15552	19.520	8.784	948.672	-688	
21508667	336	208	15584	20.496	12.688	950.624	-1280	
21548474	304	160	15600	18.544	9.760	951.600	-1360	
21588279	336	128	15568	20.496	7.808	949.648	-1888	
21628088	336	112	15584	20.496	6.832	950.624	-1136	
21667898	304	128	15600	18.544	7.808	951.600	-624	
21707703	288	192	15568	17.568	11.712	949.648	-1264	
21747513	272	144	15536	16.592	8.784	947.696	-656	
21787321	304	112	15568	18.544	6.832	949.648	-768	
21827127	288	112	15584	17.568	6.832	950.624	-1184	
21866937	320	144	15568	19.520	8.784	949.648	-592	
21906747	320	144	15520	19.520	8.784	946.720	-704	
21946556	288	144	15584	17.568	8.784	950.624	-912	
21986363	304	160	15600	18.544	9.760	951.600	-1088	
22026171	272	144	15552	16.592	8.784	948.672	-1392	
22065980	272	160	15600	16.592	9.760	951.600	-768	
22105787	288	160	15568	17.568	9.760	949.648	-848	
22145590	288	192	15584	17.568	11.712	950.624	-624	
22185399	288	144	15552	17.568	8.784	948.672	-640	
22225207	304	128	15520	18.544	7.808	946.720	-1296	
22265015	272	144	15584	16.592	8.784	950.624	-1376	
22304825	288	128	15536	17.568	7.808	947.696	-832	
22344632	288	192	15584	17.568	11.712	950.624	-1168	
22384441	272	144	15568	16.592	8.784	949.648	-592	
22424248	256	144	15520	15.616	8.784	946.720	-1264	
22464058	336	160	15568	20.496	9.760	949.648	-640	
22503867	288	80	15536	17.568	4.880	947.696	-800	
22543674	336	176	15536	20.496	10.736	947.696	-1216	
22583481	272	112	15536	16.592	6.832	947.696	-576	
22623285	272	112	15520	16.592	6.832	946.720	-608	
22663091	304	144	15536	18.544	8.784	947.696	-880	
22702896	272	144	15568	16.592	8.784	949.648	-1152	
22742700	320	160	15536	19.520	9.760	947.696	-1408	
22782507	272	144	15536	16.592	8.784	947.696	-816	
22822313	288	176	15536	17.568	10.736	947.696	-816	
22862119	256	112	15600	15.616	6.832	951.600	-736	
22901926	272	96	15584	16.592	5.856	950.624	-640	
22941732	320	144	15552	19.520	8.784	948.672	-1280	
22981536	304	176	15584	18.544	10.736	950.624	-1088	
23021343	304	112	15584	18.544	6.832	950.624	-496	
23061150	288	144	15488	17.568	8.784	944.768	-1104	
23100955	320	160	15552	19.520	9.760	948.672	-592	
23140762	256	64	15680	15.616	3.904	956.480	-1232	
23180569	272	192	15584	16.592	11.712	950.624	-512	
23220374	304	224	15424	18.544	13.664	940.864	-768	
23260182	272	192	15584	16.592	11.712	950.624	-1184	
23299989	352	160	15584	21.472	9.760	950.624	-592	
23339795	320	176	15488	19.520	10.736	944.768	-464	
23379600	272	128	15568	16.592	7.808	949.648	-912	
23419407	304	144	15584	18.544	8.784	950.624	-1168	
23459212	288	176	15520	17.568	10.736	946.720	-1408	
23499019	304	96	15616	18.544	5.856	952.576	-816	
23538826	288	128	15584	17.568	7.808	950.624	-800	
23578631	320	144	15536	19.520	8.784	947.696	-896	
23618438	304	128	15536	18.544	7.808	947.696	-592	
23658245	304	144	15568	18.544	8.784	949.648	-1296	
23698050	304	96	15536	18.544	5.856	947.696	-1056	
23737856	320	112	15552	19.520	6.832	948.672	-496	
23777660	304	176	15552	18.544	10.736	948.672	-1168	
23817466	304	128	15584	18.544	7.808	950.624	-576	
23857273	288	128	15536	17.568	7.808	947.696	-1216	
23897080	320	144	15536	19.520	8.784	947.696	-432	
23936888	304	144	15584	18.544	8.784	950.624	-800	
23976693	304	208	15520	18.544	12.688	946.720	-1232	
24016497	272	192	15536	16.592	11.712	947.696	-608	
24056304	288	144	15520	17.568	8.784	946.720	-576	
24096108	336	128	15536	20.496	7.808	947.696	-864	
24135913	288	128	15584	17.568	7.808	950.624	-1136	
24175718	288	160	15536	17.568	9.760	947.696	-1392	
24215526	336	176	15520	20.496	10.736	946.720	-880	
24255334	304	144	15520	18.544	8.784	946.720	-848	
24295141	320	176	15552	19.520	10.736	948.672	-912	
24334949	320	112	15600	19.520	6.832	951.600	-640	
24374763	160	176	15680	9.760	10.736	956.480	-1264	
24414572	272	336	15376	16.592	20.496	937.936	-1008	
24454380	336	144	15520	20.496	8.784	946.720	-480	
24494190	320	112	15680	19.520	6.832	956.480	-1120	
24533998	272	128	15536	16.592	7.808	947.696	-560	
24573808	304	144	15536	18.544	8.784	947.696	-1216	
24613619	304	144	15584	18.544	8.784	950.624	-400	
24653427	320	176	15536	19.520	10.736	947.696	-832	
24693235	288	144	15504	17.568	8.784	945.744	-1216	
24733041	288	112	15584	17.568	6.832	950.624	-592	
24772850	320	112	15552	19.520	6.832	948.672	-624	
24812658	320	208	15536	19.520	12.688	947.696	-848	
24852465	304	112	15568	18.544	6.832	949.648	-1152	
24892272	288	160	15552	17.568	9.760	948.672	-1376	
24932079	272	160	15584	16.592	9.760	950.624	-800	
24971885	288	224	15536	17.568	13.664	947.696	-832	
25011692	288	144	15584	17.568	8.784	950.624	-928	
25051500	336	112	15536	20.496	6.832	947.696	-640	
25091307	256	144	15536	15.616	8.784	947.696	-1280	
25131115	288	112	15520	17.568	6.832	946.720	-1024	
25170919	256	144	15552	15.616	8.784	948.672	-480	
25210724	288	112	15536	17.568	6.832	947.696	-1120	
25250531	304	144	15568	18.544	8.784	949.648	-592	
25290337	288	176	15552	17.568	10.736	948.672	-1216	
25330145	256	176	15520	15.616	10.736	946.720	-400	
25369953	320	160	15520	19.520	9.760	946.720	-816	
25409757	336	160	15552	20.496	9.760	948.672	-1200	
25449566	336	128	15536	20.496	7.808	947.696	-592	
25489373	256	160	15536	15.616	9.760	947.696	-672	
25529178	288	144	15536	17.568	8.784	947.696	-864	
25568985	304	96	15584	18.544	5.856	950.624	-1168	
25608791	320	192	15584	19.520	11.712	950.624	-1408	
25648598	256	144	15552	15.616	8.784	948.672	-880	
25688406	320	160	15552	19.520	9.760	948.672	-784	
25728216	320	160	15552	19.520	9.760	948.672	-944	
25768022	320	128	15584	19.520	7.808	950.624	-640	
25807828	272	224	15568	16.592	13.664	949.648	-1264	
25847636	336	144	15584	20.496	8.784	950.624	-1024	
25887440	304	128	15520	18.544	7.808	946.720	-480	
25927248	368	144	15584	22.448	8.784	950.624	-1152	
25967055	256	176	15584	15.616	10.736	950.624	-560	
26006862	288	144	15584	17.568	8.784	950.624	-1216	
26046669	288	96	15536	17.568	5.856	947.696	-368	
26086477	352	96	15536	21.472	5.856	947.696	-816	
26126284	288	192	15584	17.568	11.712	950.624	-1152	
26166091	304	176	15568	18.544	10.736	949.648	-576	
26205897	288	128	15584	17.568	7.808	950.624	-704	
26245705	352	144	15552	21.472	8.784	948.672	-880	
26285511	304	96	15584	18.544	5.856	950.624	-1136	
26325321	272	208	15520	16.592	12.688	946.720	-1408	
26365128	256	176	15536	15.616	10.736	947.696	-912	
26404935	288	112	15536	17.568	6.832	947.696	-800	
26444744	304	96	15584	18.544	5.856	950.624	-912	
26484555	352	128	15584	21.472	7.808	950.624	-640	
26524362	256	176	15520	15.616	10.736	946.720	-1280	
26564170	288	208	15520	17.568	12.688	946.720	-1008	
26603977	336	64	15584	20.496	3.904	950.624	-480	
26643784	304	160	15584	18.544	9.760	950.624	-1120	
26683590	288	160	15552	17.568	9.760	948.672	-608	
26723398	320	192	15584	19.520	11.712	950.624	-1200	
26763205	320	160	15520	19.520	9.760	946.720	-400	
26803011	336	112	15520	20.496	6.832	946.720	-800	
26842817	272	224	15520	16.592	13.664	946.720	-1216	
26882625	288	176	15648	17.568	10.736	954.528	-624	
26922431	272	144	15536	16.592	8.784	947.696	-592	
26962238	320	144	15520	19.520	8.784	946.720	-864	
27002044	304	128	15584	18.544	7.808	950.624	-1120	
27041851	288	208	15584	17.568	12.688	950.624	-1408	
27081656	272	192	15584	16.592	11.712	950.624	-864	
27121462	304	128	15552	18.544	7.808	948.672	-832	
27161272	336	160	15520	20.496	9.760	946.720	-928	
27201078	240	112	15584	14.640	6.832	950.624	-640	
27240884	320	160	15552	19.520	9.760	948.672	-1264	
27280692	288	128	15520	17.568	7.808	946.720	-1024	
27320500	336	128	15536	20.496	7.808	947.696	-480	
27360306	256	176	15584	15.616	10.736	950.624	-1168	
27400113	304	144	15600	18.544	8.784	951.600	-560	
27439920	352	160	15584	21.472	9.760	950.624	-1248	
27479727	320	96	15584	19.520	5.856	950.624	-464	
27519532	320	192	15600	19.520	11.712	951.600	-816	
27559338	240	160	15536	14.640	9.760	947.696	-1216	
27599148	320	160	15552	19.520	9.760	948.672	-608	
27638955	336	144	15536	20.496	8.784	947.696	-544	
27678765	304	144	15600	18.544	8.784	951.600	-848	
27718573	288	144	15632	17.568	8.784	953.552	-1168	
27758382	336	128	15488	20.496	7.808	944.768	-1392	
27798188	320	176	15456	19.520	10.736	942.816	-800	
27837998	272	160	15600	16.592	9.760	951.600	-832	
27877810	496	48	15424	30.256	2.928	940.864	-880	
27917621	480	48	15408	29.280	2.928	939.888	-608	
27957430	288	176	15584	17.568	10.736	950.624	-1264	
27997239	320	144	15584	19.520	8.784	950.624	-1056	
28037044	336	96	15584	20.496	5.856	950.624	-544	
28076853	304	128	15552	18.544	7.808	948.672	-1168	
28116661	288	128	15584	17.568	7.808	950.624	-592	
28156468	368	144	15584	22.448	8.784	950.624	-1248	
28196281	320	160	15536	19.520	9.760	947.696	-544	
28236084	352	128	15536	21.472	7.808	947.696	-800	
28275892	304	144	15520	18.544	8.784	946.720	-1200	
28315698	304	96	15616	18.544	5.856	952.576	-576	
28355508	320	160	15552	19.520	9.760	948.672	-496	
28395317	304	144	15520	18.544	8.784	946.720	-880	
28435121	304	160	15552	18.544	9.760	948.672	-1168	
28474930	256	176	15552	15.616	10.736	948.672	-1376	
28514740	272	128	15584	16.592	7.808	950.624	-816	
28554548	288	160	15536	17.568	9.760	947.696	-848	
28594355	320	112	15536	19.520	6.832	947.696	-736	
28634162	304	128	15536	18.544	7.808	947.696	-640	
28673970	320	144	15520	19.520	8.784	946.720	-1296	
28713780	304	192	15520	18.544	11.712	946.720	-1168	
28753588	304	96	15600	18.544	5.856	951.600	-624	
28793395	304	144	15520	18.544	8.784	946.720	-1120	
28833203	256	112	15536	15.616	6.832	947.696	-624	
28873008	320	176	15536	19.520	10.736	947.696	-1248	
28912813	272	128	15536	16.592	7.808	947.696	-576	
28952621	288	96	15584	17.568	5.856	950.624	-800	
28992430	272	128	15536	16.592	7.808	947.696	-1232	
29032236	368	160	15600	22.448	9.760	951.600	-576	
29072047	304	192	15520	18.544	11.712	946.720	-544	
29111856	272	128	15536	16.592	7.808	947.696	-880	
29151668	288	128	15600	17.568	7.808	951.600	-1104	
29191480	304	160	15568	18.544	9.760	949.648	-1408	
29231293	240	128	15600	14.640	7.808	951.600	-752	
29271103	304	144	15584	18.544	8.784	950.624	-848	
29310913	272	160	15520	16.592	9.760	946.720	-672	
29350720	304	112	15600	18.544	6.832	951.600	-640	
29390526	288	128	15552	17.568	7.808	948.672	-1280	
29430333	320	208	15456	19.520	12.688	942.816	-1376	
29470141	272	128	15536	16.592	7.808	947.696	-928	
29509949	304	128	15552	18.544	7.808	948.672	-1136	
29549756	304	160	15536	18.544	9.760	947.696	-624	
29589565	320	144	15584	19.520	8.784	950.624	-1264	
29629371	288	144	15600	17.568	8.784	951.600	-640	
29669179	272	160	15536	16.592	9.760	947.696	-816	
29708988	288	160	15520	17.568	9.760	946.720	-1200	
29748796	304	144	15536	18.544	8.784	947.696	-560	
29788600	288	144	15584	17.568	8.784	950.624	-640	
29828403	272	144	15584	16.592	8.784	950.624	-896	
29868210	336	128	15568	20.496	7.808	949.648	-1088	
29908018	304	144	15536	18.544	8.784	947.696	-1392	
29947824	304	160	15584	18.544	9.760	950.624	-784	
29987629	272	144	15552	16.592	8.784	948.672	-832	
30027433	256	160	15536	15.616	9.760	947.696	-656	
30067237	320	160	15584	19.520	9.760	950.624	-656	
30107042	288	160	15520	17.568	9.760	946.720	-1296	
30146853	320	144	15536	19.520	8.784	947.696	-1440	
30186660	320	144	15536	19.520	8.784	947.696	-1472	
30226468	320	160	15632	19.520	9.760	953.552	-1120	
30266275	288	128	15584	17.568	7.808	950.624	-608	
30306083	304	160	15568	18.544	9.760	949.648	-1280	
30345893	336	160	15616	20.496	9.760	952.576	-672	
30385698	352	192	15552	21.472	11.712	948.672	-800	
30425507	304	144	15536	18.544	8.784	947.696	-1184	
30465315	288	128	15536	17.568	7.808	947.696	-592	
30505124	320	128	15536	19.520	7.808	947.696	-720	
30544932	288	176	15520	17.568	10.736	946.720	-928	
30584739	288	144	15568	17.568	8.784	949.648	-1056	
30624546	288	144	15552	17.568	8.784	948.672	-1360	
30664354	288	112	15552	17.568	6.832	948.672	-752	
30704161	288	144	15584	17.568	8.784	950.624	-864	
30743968	304	160	15536	18.544	9.760	947.696	-528	
30783775	288	144	15552	17.568	8.784	948.672	-656	
30823582	320	112	15584	19.520	6.832	950.624	-1296	
30863390	288	128	15600	17.568	7.808	951.600	-1312	
30903200	304	96	15584	18.544	5.856	950.624	-1280	
30943008	336	192	15552	20.496	11.712	948.672	-1136	
30982814	272	144	15600	16.592	8.784	951.600	-592	
31022620	336	112	15536	20.496	6.832	947.696	-1296	
31062425	320	160	15552	19.520	9.760	948.672	-736	
31102232	304	96	15584	18.544	5.856	950.624	-768	
31142039	288	128	15536	17.568	7.808	947.696	-1168	
31181850	288	192	15600	17.568	11.712	951.600	-576	
31221659	336	144	15536	20.496	8.784	947.696	-800	
31261468	336	176	15552	20.496	10.736	948.672	-864	
31301276	320	128	15552	19.520	7.808	948.672	-1056	
31341081	256	208	15504	15.616	12.688	945.744	-1408	
31380888	224	128	15552	13.664	7.808	948.672	-736	
31420697	272	128	15536	16.592	7.808	947.696	-848	
31460506	336	112	15520	20.496	6.832	946.720	-560	
31500314	288	176	15584	17.568	10.736	950.624	-656	
31540122	288	160	15600	17.568	9.760	951.600	-1264	
31579931	304	208	15536	18.544	12.688	947.696	-1280	
31619740	336	80	15536	20.496	4.880	947.696	-1088	
31659543	288	176	15584	17.568	10.736	950.624	-1136	
31699350	320	144	15568	19.520	8.784	949.648	-592	
31739156	320	176	15568	19.520	10.736	949.648	-1248	
31778963	320	176	15600	19.520	10.736	951.600	-720	
31818769	352	112	15584	21.472	6.832	950.624	-800	
31858577	304	192	15520	18.544	11.712	946.720	-1168	
31898385	304	144	15536	18.544	8.784	947.696	-608	
31938194	304	128	15440	18.544	7.808	941.840	-800	
31978004	352	160	15552	21.472	9.760	948.672	-896	
32017810	272	160	15584	16.592	9.760	950.624	-1024	
32057618	320	176	15536	19.520	10.736	947.696	-1360	
32097425	320	128	15584	19.520	7.808	950.624	-688	
32137234	320	96	15520	19.520	5.856	946.720	-864	
32177042	320	176	15520	19.520	10.736	946.720	-576	
32216850	320	128	15552	19.520	7.808	948.672	-704	
32256659	304	128	15584	18.544	7.808	950.624	-1312	
32296465	304	160	15600	18.544	9.760	951.600	-1312	
32336274	288	144	15584	17.568	8.784	950.624	-1104	
32376081	304	144	15552	18.544	8.784	948.672	-1136	
32415891	336	176	15568	20.496	10.736	949.648	-592	
32455701	304	112	15568	18.544	6.832	949.648	-1312	
32495509	256	144	15536	15.616	8.784	947.696	-752	
32535318	256	160	15600	15.616	9.760	951.600	-800	
32575127	288	160	15504	17.568	9.760	945.744	-1168	
32614939	320	128	15520	19.520	7.808	946.720	-592	
32654748	320	96	15536	19.520	5.856	947.696	-880	
32694555	304	144	15520	18.544	8.784	946.720	-880	
32734362	304	128	15584	18.544	7.808	950.624	-1024	
32774171	320	176	15552	19.520	10.736	948.672	-1328	
32813981	304	192	15536	18.544	11.712	947.696	-704	
32853791	336	128	15504	20.496	7.808	945.744	-912	
32893600	288	112	15552	17.568	6.832	948.672	-560	
32933410	304	112	15568	18.544	6.832	949.648	-720	
32973219	304	144	15584	18.544	8.784	950.624	-1280	
33013025	320	112	15536	19.520	6.832	947.696	-1280	
33052832	320	128	15568	19.520	7.808	949.648	-1024	
33092640	320	144	15536	19.520	8.784	947.696	-1136	
33132445	304	144	15584	18.544	8.784	950.624	-592	
33172259	320	112	15584	19.520	6.832	950.624	-1280	
33212069	288	176	15584	17.568	10.736	950.624	-800	
33251875	304	192	15552	18.544	11.712	948.672	-800	
33291685	320	160	15552	19.520	9.760	948.672	-1200	
33331493	304	160	15584	18.544	9.760	950.624	-592	
33371300	304	160	15536	18.544	9.760	947.696	-864	
33411109	304	160	15584	18.544	9.760	950.624	-896	
33450919	304	208	15504	18.544	12.688	945.744	-976	
33490727	256	160	15504	15.616	9.760	945.744	-1344	
33530534	320	160	15536	19.520	9.760	947.696	-688	
33570343	336	112	15552	20.496	6.832	948.672	-864	
33610151	304	128	15536	18.544	7.808	947.696	-544	
33649956	368	192	15584	22.448	11.712	950.624	-688	
33689764	288	144	15552	17.568	8.784	948.672	-1328	
33729573	352	160	15584	21.472	9.760	950.624	-1280	
33769383	336	112	15616	20.496	6.832	952.576	-1024	
33809191	288	128	15584	17.568	7.808	950.624	-1168	
33848998	272	144	15568	16.592	8.784	949.648	-576	
33888804	304	176	15584	18.544	10.736	950.624	-1280	
33928613	336	160	15520	20.496	9.760	946.720	-800	
33968422	320	128	15568	19.520	7.808	949.648	-768	
34008229	288	128	15584	17.568	7.808	950.624	-1184	
34048037	256	96	15520	15.616	5.856	946.720	-608	
34087844	336	144	15536	20.496	8.784	947.696	-896	
34127653	288	160	15536	17.568	9.760	947.696	-880	
34167462	272	160	15584	16.592	9.760	950.624	-976	
34207270	320	128	15568	19.520	7.808	949.648	-1344	
34247079	288	112	15536	17.568	6.832	947.696	-688	
34286889	256	176	15584	15.616	10.736	950.624	-864	
34326696	336	128	15568	20.496	7.808	949.648	-592	
34366505	224	192	15584	13.664	11.712	950.624	-736	
34406312	272	208	15552	16.592	12.688	948.672	-1296	
34446116	336	96	15536	20.496	5.856	947.696	-1264	
34485921	336	96	15584	20.496	5.856	950.624	-1040	
34525728	240	192	15584	14.640	11.712	950.624	-1152	
34565536	288	208	15552	17.568	12.688	948.672	-624	
34605343	336	160	15584	20.496	9.760	950.624	-1312	
34645152	320	112	15536	19.520	6.832	947.696	-784	
34684961	304	144	15552	18.544	8.784	948.672	-784	
34724769	288	208	15520	17.568	12.688	946.720	-1136	
34764574	288	192	15584	17.568	11.712	950.624	-608	
34804384	304	160	15536	18.544	9.760	947.696	-880	
34844191	288	112	15536	17.568	6.832	947.696	-896	
34883997	304	144	15600	18.544	8.784	951.600	-1024	
34923806	224	224	15520	13.664	13.664	946.720	-1328	
34963614	320	160	15536	19.520	9.760	947.696	-672	
35003421	288	128	15536	17.568	7.808	947.696	-880	
35043228	336	192	15520	20.496	11.712	946.720	-544	
35083035	304	144	15584	18.544	8.784	950.624	-752	
35122844	272	176	15552	16.592	10.736	948.672	-1264	
35162649	304	160	15616	18.544	9.760	952.576	-1312	
35202457	288	160	15584	17.568	9.760	950.624	-1056	
35242264	272	192	15584	16.592	11.712	950.624	-1136	
35282069	320	144	15616	19.520	8.784	952.576	-576	
35321876	336	160	15552	20.496	9.760	948.672	-1296	
35361685	320	144	15536	19.520	8.784	947.696	-784	
35401492	352	144	15520	21.472	8.784	946.720	-752	
35441296	288	160	15536	17.568	9.760	947.696	-1168	
35481103	288	160	15584	17.568	9.760	950.624	-576	
35520908	304	112	15584	18.544	6.832	950.624	-912	
35560714	288	128	15536	17.568	7.808	947.696	-896	
35600520	320	112	15536	19.520	6.832	947.696	-1024	
35640329	336	144	15504	20.496	8.784	945.744	-1360	
35680137	288	144	15584	17.568	8.784	950.624	-704	
35719944	320	144	15584	19.520	8.784	950.624	-896	
35759753	288	192	15536	17.568	11.712	947.696	-560	
35799560	336	128	15584	20.496	7.808	950.624	-720	
35839369	320	144	15536	19.520	8.784	947.696	-1296	
35879176	304	192	15552	18.544	11.712	948.672	-1328	
35918980	256	128	15600	15.616	7.808	951.600	-1120	
35958788	304	176	15536	18.544	10.736	947.696	-1136	
35998597	304	160	15584	18.544	9.760	950.624	-592	
36038401	320	112	15584	19.520	6.832	950.624	-1280	
36078207	320	160	15536	19.520	9.760	947.696	-768	
36118018	288	96	15552	17.568	5.856	948.672	-784	
36157825	304	144	15536	18.544	8.784	947.696	-1200	
36197631	288	160	15520	17.568	9.760	946.720	-560	
36237439	272	128	15520	16.592	7.808	946.720	-800	
36277249	304	160	15552	18.544	9.760	948.672	-864	
36317058	320	160	15536	19.520	9.760	947.696	-1040	
36356864	304	176	15584	18.544	10.736	950.624	-1360	
36396672	304	144	15552	18.544	8.784	948.672	-704	
36436480	304	160	15568	18.544	9.760	949.648	-864	
36476287	304	192	15536	18.544	11.712	947.696	-560	
36516096	336	160	15568	20.496	9.760	949.648	-688	
36555904	288	128	15584	17.568	7.808	950.624	-1296	
36595713	304	176	15600	18.544	10.736	951.600	-1328	
36635520	288	176	15600	17.568	10.736	951.600	-1120	
36675327	256	144	15536	15.616	8.784	947.696	-1104	
36715136	320	96	15552	19.520	5.856	948.672	-624	
36754945	256	160	15584	15.616	9.760	950.624	-1264	
36794757	240	160	15536	14.640	9.760	947.696	-736	
36834565	304	128	15584	18.544	7.808	950.624	-800	
36874375	320	144	15488	19.520	8.784	944.768	-1184	
36914183	320	176	15552	19.520	10.736	948.672	-592	
36953991	304	176	15536	18.544	10.736	947.696	-784	
36993796	288	144	15520	17.568	8.784	946.720	-896	
37033605	304	160	15584	18.544	9.760	950.624	-1024	
37073415	272	224	15520	16.592	13.664	946.720	-1328	
37113224	288	144	15536	17.568	8.784	947.696	-688	
37153033	256	128	15504	15.616	7.808	945.744	-864	
37192840	288	128	15584	17.568	7.808	950.624	-560	
37232648	288	80	15584	17.568	4.880	950.624	-720	
37272457	304	192	15536	18.544	11.712	947.696	-1264	
37312266	240	160	15536	14.640	9.760	947.696	-1296	
37352073	320	128	15584	19.520	7.808	950.624	-1168	
37391880	288	144	15536	17.568	8.784	947.696	-1152	
37431686	272	128	15552	16.592	7.808	948.672	-592	
37471494	272	160	15584	16.592	9.760	950.624	-1248	
37511306	320	192	15552	19.520	11.712	948.672	-720	
37551116	304	96	15568	18.544	5.856	949.648	-800	
37590926	288	176	15584	17.568	10.736	950.624	-1184	
37630735	304	160	15552	18.544	9.760	948.672	-624	
37670544	-256	912	15200	-15.616	55.632	927.200	-768	
37710351	-256	272	15744	-15.616	16.592	960.384	-912	
37750160	304	96	15552	18.544	5.856	948.672	-1024	
37789969	304	208	15456	18.544	12.688	942.816	-1360	
37829779	240	128	15616	14.640	7.808	952.576	-752	
37869588	288	144	15584	17.568	8.784	950.624	-848	
37909397	288	160	15520	17.568	9.760	946.720	-560	
37949203	288	144	15520	17.568	8.784	946.720	-704	
37989010	352	112	15584	21.472	6.832	950.624	-1248	
38028816	320	176	15584	19.520	10.736	950.624	-1312	
38068625	288	144	15568	17.568	8.784	949.648	-1200	
38108434	320	128	15552	19.520	7.808	948.672	-1136	
38148243	352	256	15488	21.472	15.616	944.768	-592	
38188048	128	112	15904	7.808	6.832	970.144	-1248	
38227854	304	288	15344	18.544	17.568	935.984	-720	
38267659	272	64	15648	16.592	3.904	954.528	-784	
38307466	80	144	15984	4.880	8.784	975.024	-1184	
38347273	256	352	15456	15.616	21.472	942.816	-576	
38387082	272	192	15456	16.592	11.712	942.816	-784	
38426893	224	400	15552	13.664	24.400	948.672	-896	
38466702	384	448	15392	23.424	27.328	938.912	-1088	
38506513	384	176	15536	23.424	10.736	947.696	-1376	
38546322	272	96	15664	16.592	5.856	955.504	-704	
38586132	336	80	15584	20.496	4.880	950.624	-848	
38625936	272	80	15520	16.592	4.880	946.720	-544	
38665745	304	112	15520	18.544	6.832	946.720	-704	
38705552	336	192	15536	20.496	11.712	947.696	-1280	
38745362	288	160	15536	17.568	9.760	947.696	-1296	
38785170	304	96	15536	18.544	5.856	947.696	-1200	
38824978	304	208	15504	18.544	12.688	945.744	-1136	
38864787	288	176	15584	17.568	10.736	950.624	-608	
38904597	320	160	15536	19.520	9.760	947.696	-1248	
38944405	304	128	15568	18.544	7.808	949.648	-704	
38984215	320	128	15600	19.520	7.808	951.600	-768	
39024022	304	176	15520	18.544	10.736	946.720	-1216	
39063830	288	176	15568	17.568	10.736	949.648	-592	
39103636	320	112	15536	19.520	6.832	947.696	-720	
39143444	464	48	15568	28.304	2.928	949.648	-928	
39183252	368	96	15504	22.448	5.856	945.744	-1088	
39223058	256	176	15600	15.616	10.736	951.600	-1360	
39262866	256	112	15616	15.616	6.832	952.576	-736	
39302675	304	144	15584	18.544	8.784	950.624	-816	
39342481	336	160	15536	20.496	9.760	947.696	-576	
39382286	272	128	15520	16.592	7.808	946.720	-672	
39422091	272	176	15568	16.592	10.736	949.648	-1264	
39461899	320	144	15616	19.520	8.784	952.576	-1392	
39501706	304	96	15552	18.544	5.856	948.672	-1728	
39541513	304	208	15584	18.544	12.688	950.624	-1136	
39581320	288	176	15584	17.568	10.736	950.624	-592	
39621128	288	144	15520	17.568	8.784	946.720	-1280	
39660936	352	160	15584	21.472	9.760	950.624	-688	
39700745	320	144	15552	19.520	8.784	948.672	-784	
39740552	288	160	15520	17.568	9.760	946.720	-1184	
39780361	288	144	15584	17.568	8.784	950.624	-576	
39820167	336	160	15520	20.496	9.760	946.720	-720	
39859976	304	144	15536	18.544	8.784	947.696	-928	
39899785	288	96	15552	17.568	5.856	948.672	-1072	
39939593	288	112	15520	17.568	6.832	946.720	-1376	
39979403	320	176	15520	19.520	10.736	946.720	-704	
40019215	288	144	15520	17.568	8.784	946.720	-848	
40059023	320	160	15552	19.520	9.760	948.672	-560	
40098834	320	128	15600	19.520	7.808	951.600	-672	
40138644	288	144	15520	17.568	8.784	946.720	-1296	
40178452	320	160	15536	19.520	9.760	947.696	-1488	
40218260	336	128	15536	20.496	7.808	947.696	-1616	
40258067	272	128	15568	16.592	7.808	949.648	-1168	
40297875	336	96	15616	20.496	5.856	952.576	-560	
40337682	304	144	15536	18.544	8.784	947.696	-1264	
40377492	256	128	15536	15.616	7.808	947.696	-720	
40417300	288	144	15584	17.568	8.784	950.624	-800	
40457110	272	160	15520	16.592	9.760	946.720	-1216	
40496920	304	176	15584	18.544	10.736	950.624	-576	
40536730	320	128	15536	19.520	7.808	947.696	-720	
40576540	320	112	15536	19.520	6.832	947.696	-864	
40616352	304	112	15536	18.544	6.832	947.696	-1120	
40656162	272	144	15584	16.592	8.784	950.624	-1344	
40695971	320	128	15568	19.520	7.808	949.648	-720	
40735779	288	144	15632	17.568	8.784	953.552	-848	
40775588	320	144	15536	19.520	8.784	947.696	-576	
40815394	288	160	15600	17.568	9.760	951.600	-640	
40855205	336	144	15568	20.496	8.784	949.648	-1264	
40895012	320	128	15552	19.520	7.808	948.672	-1344	
40934820	320	144	15584	19.520	8.784	950.624	-1392	
40974629	304	160	15584	18.544	9.760	950.624	-1136	
41014437	304	144	15584	18.544	8.784	950.624	-592	
41054244	288	128	15552	17.568	7.808	948.672	-1264	
41094053	288	176	15552	17.568	10.736	948.672	-672	
41133861	320	128	15584	19.520	7.808	950.624	-768	
41173671	320	192	15536	19.520	11.712	947.696	-1200	
41213481	320	144	15520	19.520	8.784	946.720	-624	
41253291	320	144	15552	19.520	8.784	948.672	-656	
41293101	272	224	15520	16.592	13.664	946.720	-912	
41332906	304	144	15616	18.544	8.784	952.576	-1104	
41372715	304	144	15536	18.544	8.784	947.696	-1376	
41412523	304	144	15536	18.544	8.784	947.696	-720	
41452332	240	208	15504	14.640	12.688	945.744	-864	
41492141	320	176	15568	19.520	10.736	949.648	-576	
41531948	304	112	15520	18.544	6.832	946.720	-640	
41571754	304	144	15568	18.544	8.784	949.648	-1264	
41611560	336	144	15600	20.496	8.784	951.600	-1456	
41651365	256	128	15552	15.616	7.808	948.672	-1152	
41691173	240	176	15520	14.640	10.736	946.720	-1120	
41730978	304	144	15536	18.544	8.784	947.696	-576	
41770785	320	112	15584	19.520	6.832	950.624	-1264	
41810593	288	144	15536	17.568	8.784	947.696	-672	
41850404	320	128	15584	19.520	7.808	950.624	-800	
41890210	352	144	15584	21.472	8.784	950.624	-1184	
41930017	320	192	15568	19.520	11.712	949.648	-560	
41969826	304	144	15536	18.544	8.784	947.696	-672	
42009634	272	144	15552	16.592	8.784	948.672	-864	
42049440	272	80	15552	16.592	4.880	948.672	-1104	
42089250	304	160	15584	18.544	9.760	950.624	-1392	
42129059	320	144	15552	19.520	8.784	948.672	-752	
42168869	320	112	15568	19.520	6.832	949.648	-864	
42208676	336	160	15488	20.496	9.760	944.768	-608	
42248484	336	144	15600	20.496	8.784	951.600	-672	
42288294	288	160	15520	17.568	9.760	946.720	-1296	
42328104	336	144	15552	20.496	8.784	948.672	-1472	
42367911	336	160	15584	20.496	9.760	950.624	-1152	
42407719	320	176	15552	19.520	10.736	948.672	-1120	
42447526	304	144	15584	18.544	8.784	950.624	-592	
42487335	288	112	15552	17.568	6.832	948.672	-1248	
42527141	320	144	15552	19.520	8.784	948.672	-624	
42566945	304	112	15552	18.544	6.832	948.672	-784	
42606752	272	176	15536	16.592	10.736	947.696	-1216	
42646557	320	144	15600	19.520	8.784	951.600	-592	
42686366	288	112	15536	17.568	6.832	947.696	-624	
42726170	304	160	15552	18.544	9.760	948.672	-880	
42765973	272	128	15568	16.592	7.808	949.648	-1120	
42805779	320	160	15472	19.520	9.760	943.792	-1392	
42845585	320	160	15584	19.520	9.760	950.624	-736	
42885390	336	176	15568	20.496	10.736	949.648	-864	
42925196	320	144	15568	19.520	8.784	949.648	-640	
42965002	320	128	15568	19.520	7.808	949.648	-640	
43004805	304	176	15584	18.544	10.736	950.624	-1264	
43044613	304	176	15568	18.544	10.736	949.648	-1280	
43084419	320	160	15584	19.520	9.760	950.624	-912	
43124227	272	160	15552	16.592	9.760	948.672	-1136	
43164038	304	176	15584	18.544	10.736	950.624	-608	
43203847	320	144	15520	19.520	8.784	946.720	-1248	
43243655	320	160	15536	19.520	9.760	947.696	-640	
43283464	304	144	15584	18.544	8.784	950.624	-800	
43323271	320	208	15520	19.520	12.688	946.720	-1232	
43363076	272	128	15568	16.592	7.808	949.648	-576	
43402884	336	176	15536	20.496	10.736	947.696	-592	
43442694	304	192	15584	18.544	11.712	950.624	-864	
43482506	320	160	15568	19.520	9.760	949.648	-1104	
43522315	320	128	15584	19.520	7.808	950.624	-1408	
43562125	304	128	15584	18.544	7.808	950.624	-720	
43601932	272	144	15600	16.592	8.784	951.600	-848	
43641741	240	208	15536	14.640	12.688	947.696	-624	
43681550	272	128	15584	16.592	7.808	950.624	-672	
43721361	320	144	15536	19.520	8.784	947.696	-1280	
43761166	304	128	15616	18.544	7.808	952.576	-1360	
43800972	256	160	15552	15.616	9.760	948.672	-976	
43840780	336	128	15552	20.496	7.808	948.672	-1136	
43880586	288	128	15584	17.568	7.808	950.624	-576	
43920391	352	128	15616	21.472	7.808	952.576	-1264	
43960197	336	160	15584	20.496	9.760	950.624	-624	
44000005	336	176	15584	20.496	10.736	950.624	-784	
44039812	320	192	15536	19.520	11.712	947.696	-1200	
44079620	352	176	15584	21.472	10.736	950.624	-576	
44119426	288	112	15552	17.568	6.832	948.672	-624	
44159229	304	176	15536	18.544	10.736	947.696	-864	
44199034	304	208	15568	18.544	12.688	949.648	-1136	
44238840	320	144	15568	19.520	8.784	949.648	-1408	
44278646	288	160	15584	17.568	9.760	950.624	-736	
44318451	288	96	15536	17.568	5.856	947.696	-832	
44358257	256	176	15552	15.616	10.736	948.672	-656	
44398067	288	160	15568	17.568	9.760	949.648	-672	
44437877	256	144	15552	15.616	8.784	948.672	-1264	
44477685	304	144	15520	18.544	8.784	946.720	-1376	
44517493	304	192	15552	18.544	11.712	948.672	-784	
44557301	304	208	15584	18.544	12.688	950.624	-1184	
44597105	320	112	15552	19.520	6.832	948.672	-592	
44636912	256	144	15520	15.616	8.784	946.720	-1264	
44676722	288	144	15584	17.568	8.784	950.624	-608	
44716529	320	128	15552	19.520	7.808	948.672	-784	
44756337	320	160	15552	19.520	9.760	948.672	-1184	
44796143	304	160	15584	18.544	9.760	950.624	-592	
44835950	320	176	15552	19.520	10.736	948.672	-608	
44875756	320	112	15536	19.520	6.832	947.696	-880	
44915564	320	176	15584	19.520	10.736	950.624	-1104	
44955370	288	128	15536	17.568	7.808	947.696	-1408	
44995176	256	144	15584	15.616	8.784	950.624	-784	
45034985	320	144	15520	19.520	8.784	946.720	-816	
45074793	288	208	15520	17.568	12.688	946.720	-656	
45114602	304	192	15536	18.544	11.712	947.696	-672	
45154412	272	144	15520	16.592	8.784	946.720	-1264	
45194218	272	128	15536	16.592	7.808	947.696	-1248	
45234027	288	128	15600	17.568	7.808	951.600	-832	
45273836	304	192	15520	18.544	11.712	946.720	-1136	
45313642	304	160	15584	18.544	9.760	950.624	-624	
45353451	336	160	15536	20.496	9.760	947.696	-1280	
45393261	304	128	15552	18.544	7.808	948.672	-624	
45433071	288	160	15584	17.568	9.760	950.624	-816	
45472880	336	160	15456	20.496	9.760	942.816	-1200	
45512689	336	192	15584	20.496	11.712	950.624	-576	
45552498	320	160	15568	19.520	9.760	949.648	-608	
45592303	304	208	15600	18.544	12.688	951.600	-896	
45632109	288	128	15600	17.568	7.808	951.600	-1136	
45671915	304	176	15536	18.544	10.736	947.696	-1376	
45711724	304	144	15520	18.544	8.784	946.720	-752	
45751533	272	208	15520	16.592	12.688	946.720	-816	
45791342	320	144	15552	19.520	8.784	948.672	-640	
45831151	272	128	15552	16.592	7.808	948.672	-640	
45870960	272	176	15552	16.592	10.736	948.672	-1280	
45910769	288	160	15536	17.568	9.760	947.696	-1264	
45950578	304	144	15568	18.544	8.784	949.648	-816	
45990388	288	144	15520	17.568	8.784	946.720	-1136	
46030199	336	160	15584	20.496	9.760	950.624	-624	
46070009	256	128	15536	15.616	7.808	947.696	-1232	
46109820	288	128	15552	17.568	7.808	948.672	-624	
46149631	304	144	15584	18.544	8.784	950.624	-816	
46189438	288	176	15552	17.568	10.736	948.672	-1216	
46229247	288	128	15616	17.568	7.808	952.576	-576	
46269056	320	176	15584	19.520	10.736	950.624	-640	
46308867	288	128	15536	17.568	7.808	947.696	-896	
46348675	320	112	15568	19.520	6.832	949.648	-1104	
46388484	272	160	15536	16.592	9.760	947.696	-1392	
46428290	320	128	15568	19.520	7.808	949.648	-768	
46468097	304	144	15584	18.544	8.784	950.624	-848	
46507904	256	160	15552	15.616	9.760	948.672	-656	
46547710	352	128	15568	21.472	7.808	949.648	-672	
46587517	288	144	15536	17.568	8.784	947.696	-1264	
46627327	272	176	15536	16.592	10.736	947.696	-1408	
46667136	320	144	15584	19.520	8.784	950.624	-912	
46706943	320	128	15552	19.520	7.808	948.672	-1104	
46746750	320	144	15536	19.520	8.784	947.696	-608	
46786559	320	144	15536	19.520	8.784	947.696	-1248	
46826367	304	144	15552	18.544	8.784	948.672	-608	
46866174	320	96	15568	19.520	5.856	949.648	-784	
46905981	288	160	15536	17.568	9.760	947.696	-1184	
46945787	304	144	15536	18.544	8.784	947.696	-560	
46985595	320	160	15536	19.520	9.760	947.696	-640	
47025403	272	160	15552	16.592	9.760	948.672	-912	
47065212	320	112	15584	19.520	6.832	950.624	-1120	
47105021	304	128	15504	18.544	7.808	945.744	-1408	
47144831	336	128	15536	20.496	7.808	947.696	-752	
47184638	336	160	15536	20.496	9.760	947.696	-880	
47224446	288	144	15520	17.568	8.784	946.720	-640	
47264253	336	112	15568	20.496	6.832	949.648	-672	
47304060	304	144	15584	18.544	8.784	950.624	-1296	
47343868	304	176	15536	18.544	10.736	947.696	-1344	
47383676	304	128	15536	18.544	7.808	947.696	-960	
47423485	288	144	15568	17.568	8.784	949.648	-1120	
47463295	304	144	15584	18.544	8.784	950.624	-592	
47503102	320	144	15552	19.520	8.784	948.672	-1248	
47542911	320	160	15552	19.520	9.760	948.672	-624	
47582720	320	144	15568	19.520	8.784	949.648	-800	
47622527	320	192	15552	19.520	11.712	948.672	-1200	
47662336	320	112	15584	19.520	6.832	950.624	-560	
47702144	288	160	15504	17.568	9.760	945.744	-656	
47741952	288	144	15536	17.568	8.784	947.696	-912	
47781758	336	144	15552	20.496	8.784	948.672	-1104	
47821565	288	176	15536	17.568	10.736	947.696	-1376	
47861371	336	160	15520	20.496	9.760	946.720	-768	
47901178	304	128	15552	18.544	7.808	948.672	-864	
47940985	288	144	15552	17.568	8.784	948.672	-640	
47980791	304	192	15600	18.544	11.712	951.600	-640	
48020601	304	112	15520	18.544	6.832	946.720	-1296	
48060409	336	160	15536	20.496	9.760	947.696	-1440	
48100215	288	144	15552	17.568	8.784	948.672	-976	
48140023	304	160	15520	18.544	9.760	946.720	-1168	
48179828	272	144	15584	16.592	8.784	950.624	-576	
48219634	320	160	15536	19.520	9.760	947.696	-1232	
48259439	336	160	15536	20.496	9.760	947.696	-624	
48299243	288	128	15536	17.568	7.808	947.696	-800	
48339049	288	160	15584	17.568	9.760	950.624	-1200	
48378855	272	144	15504	16.592	8.784	945.744	-608	
48418659	304	192	15472	18.544	11.712	943.792	-608	
48458465	336	192	15552	20.496	11.712	948.672	-880	
48498272	304	192	15616	18.544	11.712	952.576	-1088	
48538079	288	176	15520	17.568	10.736	946.720	-1392	
48577886	336	128	15584	20.496	7.808	950.624	-752	
48617690	320	144	15536	19.520	8.784	947.696	-848	
48657497	304	192	15552	18.544	11.712	948.672	-656	
48697305	320	128	15584	19.520	7.808	950.624	-672	
48737110	304	160	15520	18.544	9.760	946.720	-1280	
48776913	288	128	15568	17.568	7.808	949.648	-1232	
48816721	272	144	15600	16.592	8.784	951.600	-816	
48856527	304	176	15536	18.544	10.736	947.696	-1136	
48896333	272	160	15520	16.592	9.760	946.720	-608	
48936139	320	192	15568	19.520	11.712	949.648	-1232	
48975946	304	128	15520	18.544	7.808	946.720	-592	
49015752	336	80	15616	20.496	4.880	952.576	-800	
49055561	272	176	15552	16.592	10.736	948.672	-1216	
49095365	320	192	15536	19.520	11.712	947.696	-576	
49135173	320	128	15536	19.520	7.808	947.696	-608	
49174979	304	96	15536	18.544	5.856	947.696	-896	
49214786	288	96	15584	17.568	5.856	950.624	-1152	
49254588	304	176	15552	18.544	10.736	948.672	-1392	
49294395	304	160	15536	18.544	9.760	947.696	-752	
49334200	320	144	15536	19.520	8.784	947.696	-864	
49374007	304	176	15552	18.544	10.736	948.672	-704	
49413813	320	144	15520	19.520	8.784	946.720	-640	
49453619	288	144	15552	17.568	8.784	948.672	-1264	
49493424	304	160	15552	18.544	9.760	948.672	-1232	
49533228	288	144	15552	17.568	8.784	948.672	-704	
49573033	304	176	15584	18.544	10.736	950.624	-1136	
49612839	304	208	15552	18.544	12.688	948.672	-592	
49652645	304	160	15536	18.544	9.760	947.696	-1248	
49692454	320	144	15472	19.520	8.784	943.792	-608	
49732260	256	144	15568	15.616	8.784	949.648	-784	
49772070	288	208	15568	17.568	12.688	949.648	-1200	
49811878	256	160	15584	15.616	9.760	950.624	-560	
49851683	288	160	15520	17.568	9.760	946.720	-624	
49891491	320	144	15536	19.520	8.784	947.696	-896	
49931298	320	192	15536	19.520	11.712	947.696	-1104	
49971107	320	160	15536	19.520	9.760	947.696	-1392	
50010913	320	144	15568	19.520	8.784	949.648	-752	
50050718	272	112	15552	16.592	6.832	948.672	-864	
50090526	272	192	15536	16.592	11.712	947.696	-688	
50130329	336	128	15584	20.496	7.808	950.624	-656	
50170135	288	192	15536	17.568	11.712	947.696	-1264	
50209940	288	144	15600	17.568	8.784	951.600	-1184	
50249747	336	128	15552	20.496	7.808	948.672	-704	
50289552	304	176	15568	18.544	10.736	949.648	-1152	
50329358	336	128	15552	20.496	7.808	948.672	-608	
50369162	272	176	15552	16.592	10.736	948.672	-1264	
50408968	304	208	15504	18.544	12.688	945.744	-592	
50448774	288	144	15584	17.568	8.784	950.624	-784	
50488580	288	144	15552	17.568	8.784	948.672	-1216	
50528386	304	160	15584	18.544	9.760	950.624	-592	
50568191	272	128	15520	16.592	7.808	946.720	-576	
50607996	352	160	15520	21.472	9.760	946.720	-864	
50647800	288	144	15568	17.568	8.784	949.648	-1136	
50687605	288	144	15584	17.568	8.784	950.624	-1392	
50727410	320	128	15552	19.520	7.808	948.672	-800	
50767217	320	144	15584	19.520	8.784	950.624	-816	
50807022	272	160	15520	16.592	9.760	946.720	-704	
50846826	336	128	15568	20.496	7.808	949.648	-640	
50886629	304	160	15536	18.544	9.760	947.696	-1280	
50926433	320	160	15584	19.520	9.760	950.624	-1184	
50966238	272	160	15584	16.592	9.760	950.624	-624	
51006045	320	176	15536	19.520	10.736	947.696	-1120	
51045848	352	144	15520	21.472	8.784	946.720	-624	
51085653	352	128	15568	21.472	7.808	949.648	-1232	
51125463	304	160	15584	18.544	9.760	950.624	-592	
51165271	304	112	15536	18.544	6.832	947.696	-816	
51205077	272	160	15520	16.592	9.760	946.720	-1232	
51244882	288	192	15552	17.568	11.712	948.672	-592	
51284689	320	128	15504	19.520	7.808	945.744	-560	
51324496	304	144	15536	18.544	8.784	947.696	-928	
51364298	336	144	15584	20.496	8.784	950.624	-1136	
51404103	288	192	15552	17.568	11.712	948.672	-1360	
51443912	304	192	15472	18.544	11.712	943.792	-784	
51483718	272	128	15536	16.592	7.808	947.696	-848	
51523524	320	176	15536	19.520	10.736	947.696	-720	
51563329	352	144	15584	21.472	8.784	950.624	-688	
51603136	288	176	15584	17.568	10.736	950.624	-1264	
51642944	288	144	15536	17.568	8.784	947.696	-1200	
51682749	272	144	15600	16.592	8.784	951.600	-688	
51722554	320	176	15536	19.520	10.736	947.696	-1152	
51762360	336	96	15616	20.496	5.856	952.576	-592	
51802167	288	192	15536	17.568	11.712	947.696	-1248	
51841974	320	208	15520	19.520	12.688	946.720	-560	
51881781	336	112	15584	20.496	6.832	950.624	-784	
51921589	272	176	15552	16.592	10.736	948.672	-1200	
51961396	320	128	15552	19.520	7.808	948.672	-592	
52001204	336	176	15520	20.496	10.736	946.720	-608	
52041013	272	176	15520	16.592	10.736	946.720	-880	
52080823	336	112	15536	20.496	6.832	947.696	-1136	
52120630	320	176	15520	19.520	10.736	946.720	-1408	
52160436	304	160	15616	18.544	9.760	952.576	-800	
52200241	288	160	15584	17.568	9.760	950.624	-848	
52240050	272	144	15536	16.592	8.784	947.696	-672	
52279856	336	112	15520	20.496	6.832	946.720	-656	
52319664	320	144	15568	19.520	8.784	949.648	-1312	
52359469	320	176	15584	19.520	10.736	950.624	-1200	
52399276	336	112	15584	20.496	6.832	950.624	-816	
52439082	320	192	15584	19.520	11.712	950.624	-1136	
52478889	320	144	15568	19.520	8.784	949.648	-624	
52518696	352	128	15600	21.472	7.808	951.600	-1296	
52558505	272	160	15552	16.592	9.760	948.672	-608	
52598313	288	128	15584	17.568	7.808	950.624	-784	
52638120	320	144	15520	19.520	8.784	946.720	-1184	
52677929	288	128	15552	17.568	7.808	948.672	-592	
52717737	336	112	15504	20.496	6.832	945.744	-624	
52757543	320	176	15552	19.520	10.736	948.672	-896	
52797351	304	128	15568	18.544	7.808	949.648	-1136	
52837159	272	144	15520	16.592	8.784	946.720	-1424	
52876967	304	144	15584	18.544	8.784	950.624	-752	
52916778	304	112	15584	18.544	6.832	950.624	-832	
52956584	336	160	15536	20.496	9.760	947.696	-640	
52996391	288	128	15600	17.568	7.808	951.600	-656	
53036198	320	128	15520	19.520	7.808	946.720	-1296	
53076006	304	160	15536	18.544	9.760	947.696	-1424	
53115815	320	144	15520	19.520	8.784	946.720	-1248	
53155622	304	176	15568	18.544	10.736	949.648	-1168	
53195429	288	128	15552	17.568	7.808	948.672	-576	
53235238	352	112	15568	21.472	6.832	949.648	-1264	
53275046	320	176	15536	19.520	10.736	947.696	-672	
53314855	304	144	15520	18.544	8.784	946.720	-816	
53354662	272	160	15520	16.592	9.760	946.720	-1184	
53394469	336	192	15584	20.496	11.712	950.624	-576	
53434277	336	176	15552	20.496	10.736	948.672	-656	
53474081	288	160	15536	17.568	9.760	947.696	-896	
53513888	304	144	15536	18.544	8.784	947.696	-1120	
53553692	304	192	15584	18.544	11.712	950.624	-1392	
53593498	256	176	15552	15.616	10.736	948.672	-768	
53633304	304	112	15584	18.544	6.832	950.624	-864	
53673111	320	192	15520	19.520	11.712	946.720	-592	
53712916	320	176	15552	19.520	10.736	948.672	-672	
53752723	320	144	15536	19.520	8.784	947.696	-1296	
53792531	368	144	15584	22.448	8.784	950.624	-1488	
53832337	336	112	15568	20.496	6.832	949.648	-1296	
53872144	304	128	15552	18.544	7.808	948.672	-1184	
53911951	352	160	15552	21.472	9.760	948.672	-592	
53951760	336	176	15536	20.496	10.736	947.696	-1280	
53991565	288	176	15520	17.568	10.736	946.720	-704	
54031371	288	144	15552	17.568	8.784	948.672	-816	
54071178	288	144	15552	17.568	8.784	948.672	-1184	
54110982	288	160	15536	17.568	9.760	947.696	-592	
54150788	320	144	15520	19.520	8.784	946.720	-704	
54190592	320	160	15520	19.520	9.760	946.720	-912	
54230396	272	112	15584	16.592	6.832	950.624	-1088	
54270203	288	144	15584	17.568	8.784	950.624	-1408	
54310010	304	112	15552	18.544	6.832	948.672	-752	
54349815	304	144	15552	18.544	8.784	948.672	-848	
54389620	288	160	15536	17.568	9.760	947.696	-592	
54429426	288	96	15552	17.568	5.856	948.672	-656	
54469229	304	160	15584	18.544	9.760	950.624	-1312	
54509034	320	176	15520	19.520	10.736	946.720	-1472	
54548838	272	96	15520	16.592	5.856	946.720	-896	
54588641	240	192	15648	14.640	11.712	954.528	-1184	
54628446	320	128	15520	19.520	7.808	946.720	-576	
54668252	272	128	15520	16.592	7.808	946.720	-1264	
54708060	304	176	15616	18.544	10.736	952.576	-624	
54747866	304	144	15600	18.544	8.784	951.600	-816	
54787673	320	208	15536	19.520	12.688	947.696	-1184	
54827478	272	176	15536	16.592	10.736	947.696	-640	
54867286	304	112	15520	18.544	6.832	946.720	-736	
54907095	256	176	15536	15.616	10.736	947.696	-928	
54946904	304	144	15568	18.544	8.784	949.648	-1104	
54986711	320	144	15552	19.520	8.784	948.672	-1376	
55026520	320	128	15536	19.520	7.808	947.696	-736	
55066329	288	144	15568	17.568	8.784	949.648	-832	
55106137	256	112	15536	15.616	6.832	947.696	-608	
55145945	288	160	15568	17.568	9.760	949.648	-704	
55185751	304	176	15584	18.544	10.736	950.624	-1312	
55225560	272	112	15568	16.592	6.832	949.648	-1296	
55265368	304	112	15552	18.544	6.832	948.672	-960	
55305177	304	176	15552	18.544	10.736	948.672	-1136	
55344987	304	80	15584	18.544	4.880	950.624	-624	
55384797	288	128	15536	17.568	7.808	947.696	-1280	
55424606	288	160	15520	17.568	9.760	946.720	-640	
55464413	288	160	15552	17.568	9.760	948.672	-784	
55504223	320	160	15536	19.520	9.760	947.696	-1200	
55544031	304	144	15584	18.544	8.784	950.624	-592	
55583838	304	176	15520	18.544	10.736	946.720	-800	
55623645	320	160	15520	19.520	9.760	946.720	-928	
55663451	320	192	15600	19.520	11.712	951.600	-1040	
55703260	288	128	15536	17.568	7.808	947.696	-1312	
55743068	320	128	15600	19.520	7.808	951.600	-688	
55782875	320	176	15568	19.520	10.736	949.648	-800	
55822683	320	176	15584	19.520	10.736	950.624	-560	
55862490	288	160	15536	17.568	9.760	947.696	-752	
55902296	272	144	15584	16.592	8.784	950.624	-1296	
55942101	320	176	15536	19.520	10.736	947.696	-1312	
55981906	272	144	15568	16.592	8.784	949.648	-1760	
56021712	304	208	15568	18.544	12.688	949.648	-1152	
56061518	320	128	15584	19.520	7.808	950.624	-592	
56101322	336	128	15520	20.496	7.808	946.720	-1232	
56141127	352	128	15552	21.472	7.808	948.672	-656	
56180932	288	144	15600	17.568	8.784	951.600	-784	
56220737	336	128	15536	20.496	7.808	947.696	-1216	
56260541	352	128	15536	21.472	7.808	947.696	-560	
56300345	320	96	15536	19.520	5.856	947.696	-816	
56340152	320	128	15520	19.520	7.808	946.720	-928	
56379959	304	144	15584	18.544	8.784	950.624	-1056	
56419766	320	144	15552	19.520	8.784	948.672	-1360	
56459573	304	160	15584	18.544	9.760	950.624	-736	
56499378	240	144	15552	14.640	8.784	948.672	-816	
56539184	304	176	15584	18.544	10.736	950.624	-560	
56578991	304	144	15584	18.544	8.784	950.624	-736	
56618798	304	144	15584	18.544	8.784	950.624	-1312	
56658604	320	144	15616	19.520	8.784	952.576	-1312	
56698410	304	144	15568	18.544	8.784	949.648	-2336	
56738217	320	176	15552	19.520	10.736	948.672	-1136	
56778021	304	128	15584	18.544	7.808	950.624	-624	
56817824	272	208	15552	16.592	12.688	948.672	-1264	
56857632	304	176	15488	18.544	10.736	944.768	-624	
56897439	320	144	15552	19.520	8.784	948.672	-768	
56937247	288	128	15536	17.568	7.808	947.696	-1184	
56977055	288	128	15616	17.568	7.808	952.576	-592	
57016863	272	160	15536	16.592	9.760	947.696	-864	
57056670	288	192	15552	17.568	11.712	948.672	-912	
57096478	368	112	15584	22.448	6.832	950.624	-1008	
57136284	304	176	15552	18.544	10.736	948.672	-1360	
57176091	304	112	15552	18.544	6.832	948.672	-672	
57215898	336	96	15552	20.496	5.856	948.672	-816	
57255705	304	160	15584	18.544	9.760	950.624	-560	
57295511	304	112	15584	18.544	6.832	950.624	-736	
57335318	304	144	15568	18.544	8.784	949.648	-1296	
57375124	320	160	15584	19.520	9.760	950.624	-1248	
57414931	320	128	15536	19.520	7.808	947.696	-1200	
57454738	256	160	15568	15.616	9.760	949.648	-1136	
57494548	304	128	15552	18.544	7.808	948.672	-608	
57534357	304	128	15536	18.544	7.808	947.696	-1264	
57574165	288	192	15472	17.568	11.712	943.792	-768	
57613975	304	160	15584	18.544	9.760	950.624	-800	
57653782	288	176	15552	17.568	10.736	948.672	-1184	
57693590	272	128	15568	16.592	7.808	949.648	-592	
57733395	256	176	15520	15.616	10.736	946.720	-912	
57773200	288	144	15536	17.568	8.784	947.696	-896	
57813002	304	144	15536	18.544	8.784	947.696	-992	
57852809	304	128	15520	18.544	7.808	946.720	-1312	
57892616	288	96	15584	17.568	5.856	950.624	-672	
57932425	272	144	15568	16.592	8.784	949.648	-848	
57972230	272	160	15536	16.592	9.760	947.696	-528	
58012038	256	144	15632	15.616	8.784	953.552	-720	
58051846	320	128	15552	19.520	7.808	948.672	-1296	
58091653	320	176	15536	19.520	10.736	947.696	-1296	
58131458	288	144	15536	17.568	8.784	947.696	-1120	
58171265	320	144	15520	19.520	8.784	946.720	-1136	
58211071	304	208	15552	18.544	12.688	948.672	-640	
58250877	320	160	15584	19.520	9.760	950.624	-1296	
58290682	320	144	15568	19.520	8.784	949.648	-736	
58330488	288	160	15568	17.568	9.760	949.648	-784	
58370297	320	192	15552	19.520	11.712	948.672	-1184	
58410105	256	144	15552	15.616	8.784	948.672	-560	
58449912	288	144	15520	17.568	8.784	946.720	-912	
58489720	272	144	15584	16.592	8.784	950.624	-928	
58529527	288	160	15584	17.568	9.760	950.624	-960	
58569336	272	176	15568	16.592	10.736	949.648	-1296	
58609143	304	160	15584	18.544	9.760	950.624	-672	
58648951	304	128	15584	18.544	7.808	950.624	-848	
58688758	336	144	15536	20.496	8.784	947.696	-560	
58728566	320	96	15600	19.520	5.856	951.600	-752	
58768371	304	128	15552	18.544	7.808	948.672	-1296	
58808178	288	176	15600	17.568	10.736	951.600	-1248	
58847986	240	144	15552	14.640	8.784	948.672	-1200	
58887794	272	176	15520	16.592	10.736	946.720	-1152	
58927601	288	112	15568	17.568	6.832	949.648	-624	
58967408	368	144	15712	22.448	8.784	958.432	-1248	
59007213	288	144	15520	17.568	8.784	946.720	-624	
59047024	304	128	15520	18.544	7.808	946.720	-784	
59086832	336	192	15536	20.496	11.712	947.696	-1136	
59126641	368	144	15616	22.448	8.784	952.576	-608	
59166448	240	144	15520	14.640	8.784	946.720	-912	
59206252	272	176	15536	16.592	10.736	947.696	-944	
59246059	352	160	15568	21.472	9.760	949.648	-1040	
59285866	320	160	15584	19.520	9.760	950.624	-1328	
59325671	288	144	15584	17.568	8.784	950.624	-704	
59365477	272	144	15600	16.592	8.784	951.600	-752	
59405284	352	192	15584	21.472	11.712	950.624	-560	
59445091	288	160	15584	17.568	9.760	950.624	-720	
59484898	-560	64	15808	-34.160	3.904	964.288	-1184	
59524706	688	144	15888	41.968	8.784	969.168	-1248	
59564512	576	128	15584	35.136	7.808	950.624	-992	
59604317	-112	112	15312	-6.832	6.832	934.032	-1152	
59644124	0	128	15456	0.000	7.808	942.816	-608	
