Timestamp [us]	A_X [LSB]	A_Y [LSB]	A_Z [LSB]	A_X [mg]	A_Y [mg]	A_Z [mg]	QVAR [LSB]	
12785	80	128	15472	4.880	7.808	943.792	-576	
52593	336	160	15584	20.496	9.760	950.624	-1168	
92399	464	528	15280	28.304	32.208	932.080	-432	
132206	480	128	15472	29.280	7.808	943.792	-816	
172011	48	128	15552	2.928	7.808	948.672	-1248	
211817	272	160	15504	16.592	9.760	945.744	-624	
251624	496	112	15552	30.256	6.832	948.672	-704	
291433	272	208	15552	16.592	12.688	948.672	-832	
331239	160	80	15584	9.760	4.880	950.624	-1024	
371046	240	128	15568	14.640	7.808	949.648	-1312	
410850	416	176	15584	25.376	10.736	950.624	-848	
450657	384	176	15520	23.424	10.736	946.720	-816	
490465	208	160	15488	12.688	9.760	944.768	-1072	
530269	288	128	15536	17.568	7.808	947.696	-608	
570076	384	160	15584	23.424	9.760	950.624	-1264	
609881	336	144	15568	20.496	8.784	949.648	-912	
649687	224	128	15504	13.664	7.808	945.744	-496	
689493	192	128	15536	11.712	7.808	947.696	-1152	
729298	320	144	15632	19.520	8.784	953.552	-592	
769107	336	128	15536	20.496	7.808	947.696	-1168	
808913	288	128	15584	17.568	7.808	950.624	-64	
848722	288	160	15536	17.568	9.760	947.696	-832	
888528	272	208	15536	16.592	12.688	947.696	-1200	
928335	288	160	15552	17.568	9.760	948.672	-624	
968142	336	128	15520	20.496	7.808	946.720	-800	
1007948	224	128	15536	13.664	7.808	947.696	-800	
1047754	320	176	15520	19.520	10.736	946.720	-1040	
1087558	320	160	15568	19.520	9.760	949.648	-1360	
1127366	304	128	15584	18.544	7.808	950.624	-816	
1167170	256	176	15568	15.616	10.736	949.648	-752	
1206976	288	144	15568	17.568	8.784	949.648	-1072	
1246780	288	160	15520	17.568	9.760	946.720	-608	
1286585	320	192	15568	19.520	11.712	949.648	-1248	
1326389	320	144	15552	19.520	8.784	948.672	-912	
1366195	288	128	15552	17.568	7.808	948.672	-512	
1406001	304	144	15552	18.544	8.784	948.672	-1136	
1445809	320	96	15552	19.520	5.856	948.672	-608	
1485616	320	224	15520	19.520	13.664	946.720	-1168	
1525423	288	192	15520	17.568	11.712	946.720	-96	
1565228	288	128	15600	17.568	7.808	951.600	-864	
1605034	336	128	15552	20.496	7.808	948.672	-1216	
1644841	336	144	15584	20.496	8.784	950.624	-576	
1684646	320	144	15552	19.520	8.784	948.672	-768	
1724452	288	224	15584	17.568	13.664	950.624	-848	
1764258	352	144	15536	21.472	8.784	947.696	-1040	
1804062	336	160	15520	20.496	9.760	946.720	-1328	
1843865	304	192	15584	18.544	11.712	950.624	-880	
1883672	288	144	15536	17.568	8.784	947.696	-800	
1923475	272	176	15520	16.592	10.736	946.720	-1136	
1963280	336	160	15568	20.496	9.760	949.648	-608	
2003084	336	160	15568	20.496	9.760	949.648	-1264	
2042887	336	128	15536	20.496	7.808	947.696	-944	
2082690	304	112	15568	18.544	6.832	949.648	-496	
2122493	304	144	15488	18.544	8.784	944.768	-1152	
2162295	304	144	15552	18.544	8.784	948.672	-576	
2202102	304	160	15584	18.544	9.760	950.624	-1184	
2241906	352	160	15616	21.472	9.760	952.576	-96	
2281709	288	160	15568	17.568	9.760	949.648	-832	
2321515	256	208	15536	15.616	12.688	947.696	-1232	
2361320	288	144	15536	17.568	8.784	947.696	-608	
2401128	304	160	15584	18.544	9.760	950.624	-896	
2440931	272	128	15536	16.592	7.808	947.696	-784	
2480736	320	160	15616	19.520	9.760	952.576	-1008	
2520544	288	192	15552	17.568	11.712	948.672	-1344	
2560349	304	192	15568	18.544	11.712	949.648	-848	
2600154	320	144	15520	19.520	8.784	946.720	-832	
2639959	304	144	15552	18.544	8.784	948.672	-1088	
2679762	256	128	15600	15.616	7.808	951.600	-608	
2719564	272	144	15520	16.592	8.784	946.720	-1280	
2759368	336	128	15536	20.496	7.808	947.696	-944	
2799174	304	128	15504	18.544	7.808	945.744	-544	
2838979	272	160	15536	16.592	9.760	947.696	-1184	
2878783	304	128	15552	18.544	7.808	948.672	-576	
2918589	272	176	15616	16.592	10.736	952.576	-1136	
2958395	288	192	15520	17.568	11.712	946.720	-288	
2998201	352	112	15552	21.472	6.832	948.672	-864	
3038008	336	192	15584	20.496	11.712	950.624	-1248	
3077815	304	112	15568	18.544	6.832	949.648	-576	
3117622	272	144	15584	16.592	8.784	950.624	-880	
3157429	304	176	15552	18.544	10.736	948.672	-800	
3197236	320	176	15584	19.520	10.736	950.624	-992	
3237045	304	160	15552	18.544	9.760	948.672	-1344	
3276854	288	144	15616	17.568	8.784	952.576	-912	
3316659	288	128	15552	17.568	7.808	948.672	-816	
3356467	304	128	15520	18.544	7.808	946.720	-1088	
3396273	272	112	15520	16.592	6.832	946.720	-640	
3436077	304	128	15536	18.544	7.808	947.696	-1248	
3475882	320	144	15536	19.520	8.784	947.696	-928	
3515686	288	144	15568	17.568	8.784	949.648	-544	
3555491	256	160	15536	15.616	9.760	947.696	-1152	
3595297	320	176	15584	19.520	10.736	950.624	-608	
3635101	288	144	15504	17.568	8.784	945.744	-1184	
3674905	304	160	15600	18.544	9.760	951.600	-208	
3714709	272	160	15568	16.592	9.760	949.648	-848	
3754512	288	160	15552	17.568	9.760	948.672	-1216	
3794314	288	128	15504	17.568	7.808	945.744	-592	
3834119	272	144	15552	16.592	8.784	948.672	-976	
3873927	288	208	15552	17.568	12.688	948.672	-784	
3913734	304	128	15600	18.544	7.808	951.600	-992	
3953539	288	160	15584	17.568	9.760	950.624	-1296	
3993348	256	160	15584	15.616	9.760	950.624	-848	
4033153	304	144	15520	18.544	8.784	946.720	-832	
4072956	288	144	15552	17.568	8.784	948.672	-1088	
4112763	288	160	15600	17.568	9.760	951.600	-624	
4152572	272	176	15584	16.592	10.736	950.624	-1248	
4192380	304	144	15584	18.544	8.784	950.624	-912	
4232186	272	144	15520	16.592	8.784	946.720	-528	
4271991	272	144	15536	16.592	8.784	947.696	-1168	
4311797	288	128	15600	17.568	7.808	951.600	-608	
4351603	304	128	15488	18.544	7.808	944.768	-1168	
4391413	272	208	15552	16.592	12.688	948.672	-112	
4431219	304	176	15520	18.544	10.736	946.720	-864	
4471026	256	128	15552	15.616	7.808	948.672	-1216	
4510834	256	112	15568	15.616	6.832	949.648	-576	
4550640	288	160	15536	17.568	9.760	947.696	-848	
4590448	320	176	15520	19.520	10.736	946.720	-816	
4630257	320	144	15552	19.520	8.784	948.672	-1024	
4670066	304	144	15552	18.544	8.784	948.672	-1344	
4709875	304	208	15584	18.544	12.688	950.624	-912	
4749683	256	144	15568	15.616	8.784	949.648	-784	
4789492	272	208	15584	16.592	12.688	950.624	-1088	
4829299	320	144	15584	19.520	8.784	950.624	-640	
4869106	288	160	15584	17.568	9.760	950.624	-1264	
4908913	288	144	15600	17.568	8.784	951.600	-912	
4948721	288	112	15520	17.568	6.832	946.720	-496	
4988531	288	112	15552	17.568	6.832	948.672	-1184	
5028338	320	128	15568	19.520	7.808	949.648	-592	
5068147	272	160	15536	16.592	9.760	947.696	-1168	
5107956	304	160	15520	18.544	9.760	946.720	16	
5147763	288	160	15552	17.568	9.760	948.672	-832	
5187569	304	128	15552	18.544	7.808	948.672	-1232	
5227375	320	144	15520	19.520	8.784	946.720	-592	
5267183	256	144	15520	15.616	8.784	946.720	-640	
5306988	288	192	15552	17.568	11.712	948.672	-816	
5346797	256	112	15584	15.616	6.832	950.624	-1088	
5386602	288	176	15584	17.568	10.736	950.624	-1360	
5426406	240	144	15568	14.640	8.784	949.648	-816	
5466211	320	176	15568	19.520	10.736	949.648	-800	
5506018	304	160	15520	18.544	9.760	946.720	-1088	
5545823	336	144	15568	20.496	8.784	949.648	-640	
5585630	304	160	15568	18.544	9.760	949.648	-1264	
5625437	304	160	15536	18.544	9.760	947.696	-1024	
5665245	272	144	15552	16.592	8.784	948.672	-480	
5705051	304	192	15584	18.544	11.712	950.624	-1152	
5744856	288	160	15568	17.568	9.760	949.648	-592	
5784660	320	128	15584	19.520	7.808	950.624	-1184	
5824465	304	144	15584	18.544	8.784	950.624	0	
5864272	272	112	15536	16.592	6.832	947.696	-832	
5904079	288	176	15536	17.568	10.736	947.696	-1200	
5943884	304	144	15552	18.544	8.784	948.672	-608	
5983691	304	128	15552	18.544	7.808	948.672	-576	
6023496	272	144	15536	16.592	8.784	947.696	-864	
6063304	304	144	15584	18.544	8.784	950.624	-1152	
6103110	320	176	15536	19.520	10.736	947.696	-1392	
6142915	304	192	15584	18.544	11.712	950.624	-848	
6182723	272	144	15584	16.592	8.784	950.624	-800	
6222529	304	176	15536	18.544	10.736	947.696	-1120	
6262337	320	128	15584	19.520	7.808	950.624	-624	
6302144	240	176	15536	14.640	10.736	947.696	-1216	
6341949	304	144	15552	18.544	8.784	948.672	-992	
6381755	336	144	15568	20.496	8.784	949.648	-496	
6421562	304	144	15584	18.544	8.784	950.624	-1152	
6461366	336	144	15568	20.496	8.784	949.648	-608	
6501173	304	144	15632	18.544	8.784	953.552	-1184	
6540980	288	176	15552	17.568	10.736	948.672	0	
6580787	304	160	15584	18.544	9.760	950.624	-832	
6620592	272	208	15488	16.592	12.688	944.768	-1264	
6660395	288	144	15632	17.568	8.784	953.552	-592	
6700202	288	128	15520	17.568	7.808	946.720	-512	
6740008	240	160	15584	14.640	9.760	950.624	-832	
6779812	288	128	15536	17.568	7.808	947.696	-1072	
6819619	304	144	15536	18.544	8.784	947.696	-1360	
6859426	272	160	15536	16.592	9.760	947.696	-800	
6899232	288	128	15536	17.568	7.808	947.696	-800	
6939037	272	160	15520	16.592	9.760	946.720	-1040	
6978843	320	144	15536	19.520	8.784	947.696	-640	
7018648	272	192	15568	16.592	11.712	949.648	-1264	
7058455	304	176	15600	18.544	10.736	951.600	-976	
7098257	304	128	15472	18.544	7.808	943.792	-464	
7138062	272	144	15536	16.592	8.784	947.696	-1136	
7177866	352	144	15600	21.472	8.784	951.600	-576	
7217670	320	176	15520	19.520	10.736	946.720	-1200	
7257475	288	176	15520	17.568	10.736	946.720	-16	
7297282	304	144	15584	18.544	8.784	950.624	-832	
7337089	288	160	15520	17.568	9.760	946.720	-1200	
7376893	288	144	15600	17.568	8.784	951.600	-592	
7416699	272	160	15552	16.592	9.760	948.672	-544	
7456505	320	208	15520	19.520	12.688	946.720	-864	
7496311	320	128	15600	19.520	7.808	951.600	-1120	
7536116	320	192	15584	19.520	11.712	950.624	-1344	
7575920	288	160	15584	17.568	9.760	950.624	-768	
7615725	288	128	15584	17.568	7.808	950.624	-784	
7655530	288	176	15552	17.568	10.736	948.672	-1056	
7695336	288	112	15584	17.568	6.832	950.624	-624	
7735142	272	128	15552	16.592	7.808	948.672	-1248	
7774943	272	176	15520	16.592	10.736	946.720	-976	
7814749	272	128	15600	16.592	7.808	951.600	-448	
7854556	352	192	15552	21.472	11.712	948.672	-1184	
7894363	272	112	15568	16.592	6.832	949.648	-608	
7934169	304	128	15568	18.544	7.808	949.648	-1200	
7973975	320	160	15520	19.520	9.760	946.720	-32	
8013782	304	112	15536	18.544	6.832	947.696	-848	
8053588	272	144	15568	16.592	8.784	949.648	-1232	
8093393	272	160	15536	16.592	9.760	947.696	-576	
8133198	256	176	15552	15.616	10.736	948.672	-560	
8173003	320	128	15584	19.520	7.808	950.624	-848	
8212811	304	96	15584	18.544	5.856	950.624	-1136	
8252615	272	192	15520	16.592	11.712	946.720	-1360	
8292421	288	128	15520	17.568	7.808	946.720	-800	
8332228	272	144	15584	16.592	8.784	950.624	-768	
8372033	320	128	15536	19.520	7.808	947.696	-1040	
8411835	256	160	15600	15.616	9.760	951.600	-624	
8451638	288	160	15552	17.568	9.760	948.672	-1264	
8491442	320	160	15536	19.520	9.760	947.696	-944	
8531246	320	144	15568	19.520	8.784	949.648	-496	
8571049	240	176	15568	14.640	10.736	949.648	-1152	
8610853	304	160	15536	18.544	9.760	947.696	-560	
8650658	320	176	15584	19.520	10.736	950.624	-1184	
8690464	288	176	15488	17.568	10.736	944.768	-16	
8730269	304	112	15552	18.544	6.832	948.672	-848	
8770075	288	176	15584	17.568	10.736	950.624	-1232	
8809881	304	112	15584	18.544	6.832	950.624	-608	
8849685	272	64	15520	16.592	3.904	946.720	-656	
8889489	304	160	15552	18.544	9.760	948.672	-832	
8929291	304	144	15568	18.544	8.784	949.648	-1104	
8969096	288	128	15520	17.568	7.808	946.720	-1360	
9008900	352	176	15584	21.472	10.736	950.624	-848	
9048705	304	144	15600	18.544	8.784	951.600	-784	
9088509	320	208	15536	19.520	12.688	947.696	-1056	
9128311	272	144	15584	16.592	8.784	950.624	-624	
9168111	288	160	15552	17.568	9.760	948.672	-1264	
9207910	320	128	15568	19.520	7.808	949.648	-976	
9247713	304	144	15552	18.544	8.784	948.672	-480	
9287519	256	160	15520	15.616	9.760	946.720	-1152	
9327321	272	160	15552	16.592	9.760	948.672	-608	
9367121	288	192	15584	17.568	11.712	950.624	-1184	
9406918	256	192	15584	15.616	11.712	950.624	-80	
9446723	320	128	15584	19.520	7.808	950.624	-816	
9486528	288	224	15584	17.568	13.664	950.624	-1232	
9526330	288	192	15520	17.568	11.712	946.720	-624	
9566134	288	112	15584	17.568	6.832	950.624	-896	
9605937	304	112	15520	18.544	6.832	946.720	-800	
9645740	304	128	15568	18.544	7.808	949.648	-1056	
9685542	288	112	15568	17.568	6.832	949.648	-1360	
9725345	304	144	15520	18.544	8.784	946.720	-896	
9765147	352	192	15536	21.472	11.712	947.696	-832	
9804950	272	160	15568	16.592	9.760	949.648	-1072	
9844752	288	160	15584	17.568	9.760	950.624	-608	
9884557	288	128	15536	17.568	7.808	947.696	-1296	
9924361	336	144	15520	20.496	8.784	946.720	-928	
9964167	304	160	15552	18.544	9.760	948.672	-528	
10003973	288	160	15536	17.568	9.760	947.696	-1184	
10043773	272	176	15568	16.592	10.736	949.648	-592	
10083575	352	128	15536	21.472	7.808	947.696	-1168	
10123381	288	160	15536	17.568	9.760	947.696	-96	
10163184	304	144	15552	18.544	8.784	948.672	-832	
10202988	320	144	15552	19.520	8.784	948.672	-1216	
10242794	272	144	15584	16.592	8.784	950.624	-608	
10282602	288	128	15584	17.568	7.808	950.624	-992	
10322405	272	144	15536	16.592	8.784	947.696	-816	
10362208	272	160	15536	16.592	9.760	947.696	-992	
10402013	304	176	15536	18.544	10.736	947.696	-1344	
10441820	320	144	15584	19.520	8.784	950.624	-896	
10481626	320	144	15584	19.520	8.784	950.624	-864	
10521431	320	160	15552	19.520	9.760	948.672	-1104	
10561238	272	160	15536	16.592	9.760	947.696	-608	
10601042	288	208	15568	17.568	12.688	949.648	-1280	
10640846	272	144	15536	16.592	8.784	947.696	-896	
10680652	288	128	15552	17.568	7.808	948.672	-544	
10720454	288	160	15536	17.568	9.760	947.696	-1200	
10760257	288	96	15568	17.568	5.856	949.648	-576	
10800061	304	128	15568	18.544	7.808	949.648	-1216	
10839865	304	192	15584	18.544	11.712	950.624	-144	
10879667	320	128	15584	19.520	7.808	950.624	-864	
10919472	336	160	15520	20.496	9.760	946.720	-1248	
10959275	272	192	15520	16.592	11.712	946.720	-576	
10999081	304	144	15552	18.544	8.784	948.672	-1024	
11038887	288	192	15488	17.568	11.712	944.768	-768	
11078691	288	128	15552	17.568	7.808	948.672	-912	
11118494	256	160	15584	15.616	9.760	950.624	-1328	
11158298	304	160	15584	18.544	9.760	950.624	-928	
11198101	320	160	15536	19.520	9.760	947.696	-880	
11237901	288	176	15488	17.568	10.736	944.768	-1168	
11277704	336	80	15632	20.496	4.880	953.552	-624	
11317505	272	160	15552	16.592	9.760	948.672	-1264	
11357305	336	176	15552	20.496	10.736	948.672	-880	
11397107	288	128	15536	17.568	7.808	947.696	-656	
11436910	336	112	15536	20.496	6.832	947.696	-1152	
11476718	272	160	15584	16.592	9.760	950.624	-560	
11516523	288	144	15584	17.568	8.784	950.624	-1136	
11556327	288	160	15536	17.568	9.760	947.696	-576	
11596132	384	160	15536	23.424	9.760	947.696	-880	
11635934	304	160	15552	18.544	9.760	948.672	-1280	
11675740	272	128	15536	16.592	7.808	947.696	-592	
11715544	272	160	15584	16.592	9.760	950.624	-832	
11755346	288	176	15520	17.568	10.736	946.720	-768	
11795148	304	160	15584	18.544	9.760	950.624	-832	
11834950	272	96	15552	16.592	5.856	948.672	-1328	
11874755	368	320	15200	22.448	19.520	927.200	-992	
11914561	112	-48	16000	6.832	-2.928	976.000	-880	
11954369	336	224	15360	20.496	13.664	936.960	-1152	
11994171	368	208	15456	22.448	12.688	942.816	-608	
12033975	208	128	15744	12.688	7.808	960.384	-1264	
12073780	256	192	15536	15.616	11.712	947.696	-848	
12113584	320	128	15520	19.520	7.808	946.720	-704	
12153388	272	128	15632	16.592	7.808	953.552	-1168	
12193192	256	144	15552	15.616	8.784	948.672	-608	
12232993	272	144	15600	16.592	8.784	951.600	-1120	
12272792	240	176	15536	14.640	10.736	947.696	-832	
12312594	272	128	15584	16.592	7.808	950.624	-912	
12352399	288	144	15536	17.568	8.784	947.696	-1232	
12392203	272	192	15552	16.592	11.712	948.672	-592	
12432008	304	144	15536	18.544	8.784	947.696	-816	
12471811	288	176	15520	17.568	10.736	946.720	-704	
12511613	320	128	15584	19.520	7.808	950.624	-832	
12551415	288	144	15584	17.568	8.784	950.624	-1328	
12591217	304	112	15584	18.544	6.832	950.624	-992	
12631022	304	144	15552	18.544	8.784	948.672	-944	
12670825	288	192	15536	17.568	11.712	947.696	-1136	
12710628	288	96	15552	17.568	5.856	948.672	-592	
12750432	288	112	15552	17.568	6.832	948.672	-1232	
12790240	272	208	15568	16.592	12.688	949.648	-832	
12830045	336	144	15584	20.496	8.784	950.624	-768	
12869850	272	192	15584	16.592	11.712	950.624	-1168	
12909655	352	160	15536	21.472	9.760	947.696	-576	
12949459	320	128	15536	19.520	7.808	947.696	-1072	
12989262	288	144	15568	17.568	8.784	949.648	-896	
13029066	320	160	15616	19.520	9.760	952.576	-944	
13068869	288	208	15552	17.568	12.688	948.672	-1296	
13108675	320	128	15552	19.520	7.808	948.672	-624	
13148482	240	128	15568	14.640	7.808	949.648	-800	
13188288	320	176	15536	19.520	10.736	947.696	-672	
13228093	272	144	15536	16.592	8.784	947.696	-768	
13267899	288	192	15536	17.568	11.712	947.696	-1280	
13307706	288	160	15552	17.568	9.760	948.672	-1104	
13347507	272	192	15552	16.592	11.712	948.672	-960	
13387309	272	128	15536	16.592	7.808	947.696	-1120	
13427110	336	128	15568	20.496	7.808	949.648	-608	
13466916	288	144	15520	17.568	8.784	946.720	-1264	
13506722	304	192	15520	18.544	11.712	946.720	-816	
13546524	288	144	15520	17.568	8.784	946.720	-752	
13586330	288	160	15536	17.568	9.760	947.696	-1184	
13626135	272	160	15616	16.592	9.760	952.576	-576	
13665938	272	160	15584	16.592	9.760	950.624	-1072	
13705743	400	-128	15776	24.400	-7.808	962.336	-912	
13745547	464	464	14928	28.304	28.304	910.608	-960	
13785353	176	48	16000	10.736	2.928	976.000	-1312	
13825159	224	112	15616	13.664	6.832	952.576	-672	
13864966	448	160	15376	27.328	9.760	937.936	-816	
13904771	272	144	15568	16.592	8.784	949.648	-608	
13944576	240	96	15552	14.640	5.856	948.672	-720	
13984378	304	128	15472	18.544	7.808	943.792	-1280	
14024184	352	96	15584	21.472	5.856	950.624	-1120	
14063989	304	176	15600	18.544	10.736	951.600	-1088	
14103794	304	208	15552	18.544	12.688	948.672	-1168	
14143598	304	128	15536	18.544	7.808	947.696	-624	
14183403	320	112	15552	19.520	6.832	948.672	-1280	
14223205	288	112	15600	17.568	6.832	951.600	-736	
14263011	288	176	15456	17.568	10.736	942.816	-752	
14302818	128	160	15808	7.808	9.760	964.288	-1200	
14342622	336	128	15584	20.496	7.808	950.624	-592	
14382428	480	64	15536	29.280	3.904	947.696	-944	
14422233	288	96	15600	17.568	5.856	951.600	-928	
14462040	240	256	15536	14.640	15.616	947.696	-1040	
14501844	288	256	15552	17.568	15.616	948.672	-1344	
14541650	288	112	15568	17.568	6.832	949.648	-672	
14581455	304	48	15552	18.544	2.928	948.672	-816	
14621260	288	160	15568	17.568	9.760	949.648	-592	
14661061	272	208	15536	16.592	12.688	947.696	-704	
14700866	304	160	15568	18.544	9.760	949.648	-1248	
14740672	288	64	15520	17.568	3.904	946.720	-1184	
14780477	320	96	15536	19.520	5.856	947.696	-1680	
14820283	272	224	15520	16.592	13.664	946.720	-1136	
14860093	256	176	15536	15.616	10.736	947.696	-592	
14899899	288	160	15552	17.568	9.760	948.672	-1280	
14939704	288	128	15584	17.568	7.808	950.624	-656	
14979507	320	176	15584	19.520	10.736	950.624	-768	
15019311	288	240	15552	17.568	14.640	948.672	-1200	
15059113	240	208	15568	14.640	12.688	949.648	-576	
15098916	304	64	15584	18.544	3.904	950.624	-848	
15138720	368	80	15536	22.448	4.880	947.696	-928	
15178526	288	192	15488	17.568	11.712	944.768	-1024	
15218331	224	192	15520	13.664	11.712	946.720	-1328	
15258137	320	112	15552	19.520	6.832	948.672	-688	
15297943	272	80	15552	16.592	4.880	948.672	-800	
15337748	240	192	15568	14.640	11.712	949.648	-560	
15377554	272	112	15536	16.592	6.832	947.696	-704	
15417360	256	160	15568	15.616	9.760	949.648	-1248	
15457165	288	192	15584	17.568	11.712	950.624	-1248	
15496969	320	160	15488	19.520	9.760	944.768	-1280	
15536774	272	32	15600	16.592	1.952	951.600	-1184	
15576579	272	192	15552	16.592	11.712	948.672	-640	
15616381	304	240	15472	18.544	14.640	943.792	-1264	
15656186	320	128	15536	19.520	7.808	947.696	-576	
15695989	256	64	15616	15.616	3.904	952.576	-800	
15735793	304	176	15584	18.544	10.736	950.624	-1184	
15775602	304	256	15584	18.544	15.616	950.624	-608	
15815407	224	192	15536	13.664	11.712	947.696	-832	
15855210	304	80	15520	18.544	4.880	946.720	-944	
15895016	336	96	15584	20.496	5.856	950.624	-1008	
15934821	304	176	15552	18.544	10.736	948.672	-1360	
15974627	240	144	15520	14.640	8.784	946.720	-720	
16014431	336	80	15552	20.496	4.880	948.672	-768	
16054234	320	192	15536	19.520	11.712	947.696	-576	
16094041	288	128	15648	17.568	7.808	954.528	-672	
16133847	304	144	15568	18.544	8.784	949.648	-1280	
16173651	272	144	15536	16.592	8.784	947.696	-1232	
16213457	352	128	15600	21.472	7.808	951.600	-848	
16253260	320	176	15568	19.520	10.736	949.648	-1152	
16293068	320	160	15584	19.520	9.760	950.624	-576	
16332874	336	144	15584	20.496	8.784	950.624	-1264	
16372680	336	160	15536	20.496	9.760	947.696	-560	
16412485	320	160	15552	19.520	9.760	948.672	-784	
16452291	320	128	15552	19.520	7.808	948.672	-1168	
16492097	304	176	15584	18.544	10.736	950.624	-576	
16531904	320	128	15536	19.520	7.808	947.696	-800	
16571711	304	144	15536	18.544	8.784	947.696	-944	
16611518	288	160	15520	17.568	9.760	946.720	-1056	
16651324	272	208	15520	16.592	12.688	946.720	-1344	
16691133	288	144	15552	17.568	8.784	948.672	-720	
16730939	288	96	15680	17.568	5.856	956.480	-784	
16770747	384	224	15488	23.424	13.664	944.768	-592	
16810551	320	128	15568	19.520	7.808	949.648	-688	
16850361	256	96	15600	15.616	5.856	951.600	-1312	
16890170	304	112	15600	18.544	6.832	951.600	-1248	
16929979	336	192	15408	20.496	11.712	939.888	-928	
16969784	256	192	15568	15.616	11.712	949.648	-1168	
17009591	256	80	15632	15.616	4.880	953.552	-608	
17049395	320	144	15552	19.520	8.784	948.672	-1264	
17089199	336	144	15536	20.496	8.784	947.696	-592	
17129006	288	192	15568	17.568	11.712	949.648	-800	
17168812	256	144	15536	15.616	8.784	947.696	-1168	
17208618	336	112	15568	20.496	6.832	949.648	-592	
17248421	288	112	15568	17.568	6.832	949.648	-768	
17288223	272	208	15568	16.592	12.688	949.648	-896	
17328028	256	208	15552	15.616	12.688	948.672	-1072	
17367835	304	144	15552	18.544	8.784	948.672	-1360	
17407643	336	112	15632	20.496	6.832	953.552	-688	
17447451	320	160	15600	19.520	9.760	951.600	-752	
17487256	288	208	15472	17.568	12.688	943.792	-624	
17527064	320	112	15552	19.520	6.832	948.672	-704	
17566874	336	32	15536	20.496	1.952	947.696	-1264	
17606679	256	176	15584	15.616	10.736	950.624	-1280	
17646485	208	288	15584	12.688	17.568	950.624	-768	
17686291	240	208	15552	14.640	12.688	948.672	-1104	
17726096	336	80	15568	20.496	4.880	949.648	-576	
17765899	384	64	15600	23.424	3.904	951.600	-1264	
17805704	288	224	15504	17.568	13.664	945.744	-560	
17845509	192	224	15536	11.712	13.664	947.696	-784	
17885315	288	128	15520	17.568	7.808	946.720	-1152	
17925122	352	96	15504	21.472	5.856	945.744	-592	
17964925	288	176	15568	17.568	10.736	949.648	-768	
18004725	208	224	15536	12.688	13.664	947.696	-912	
18044527	240	128	15552	14.640	7.808	948.672	-1072	
18084333	352	96	15584	21.472	5.856	950.624	-1392	
18124138	368	80	15600	22.448	4.880	951.600	-688	
18163943	288	176	15520	17.568	10.736	946.720	-768	
18203749	208	240	15520	12.688	14.640	946.720	-624	
18243551	320	96	15584	19.520	5.856	950.624	-640	
18283355	352	32	15552	21.472	1.952	948.672	-1264	
18323161	304	144	15536	18.544	8.784	947.696	-1264	
18362967	256	192	15552	15.616	11.712	948.672	-640	
18402772	288	160	15616	17.568	9.760	952.576	-1136	
18442577	384	128	15584	23.424	7.808	950.624	-592	
18482382	368	80	15552	22.448	4.880	948.672	-1264	
18522187	224	128	15536	13.664	7.808	947.696	-512	
18561992	304	192	15504	18.544	11.712	945.744	-768	
18601798	288	176	15536	17.568	10.736	947.696	-1216	
18641606	288	80	15568	17.568	4.880	949.648	-560	
18681411	304	112	15536	18.544	6.832	947.696	-720	
18721215	304	176	15520	18.544	10.736	946.720	-928	
18761020	288	208	15536	17.568	12.688	947.696	-1120	
18800826	320	144	15536	19.520	8.784	947.696	-1344	
18840631	368	144	15568	22.448	8.784	949.648	-688	
18880433	288	144	15584	17.568	8.784	950.624	-768	
18920236	288	192	15536	17.568	11.712	947.696	-624	
18960043	272	144	15552	16.592	8.784	948.672	-656	
18999849	288	128	15584	17.568	7.808	950.624	-1280	
19039654	304	128	15568	18.544	7.808	949.648	-1248	
19079460	320	128	15552	19.520	7.808	948.672	-672	
19119265	272	192	15520	16.592	11.712	946.720	-1168	
19159071	288	144	15584	17.568	8.784	950.624	-608	
19198874	336	144	15568	20.496	8.784	949.648	-1280	
19238681	272	192	15536	16.592	11.712	947.696	-544	
19278488	288	192	15600	17.568	11.712	951.600	-800	
19318292	256	64	15552	15.616	3.904	948.672	-1184	
19358098	304	144	15584	18.544	8.784	950.624	-560	
19397904	336	176	15456	20.496	10.736	942.816	-752	
19437711	224	240	15520	13.664	14.640	946.720	-896	
19477517	304	160	15648	18.544	9.760	954.528	-1088	
19517324	304	96	15648	18.544	5.856	954.528	-1392	
19557129	288	144	15520	17.568	8.784	946.720	-688	
19596933	272	192	15584	16.592	11.712	950.624	-752	
19636739	288	176	15536	17.568	10.736	947.696	-672	
19676548	288	144	15536	17.568	8.784	947.696	-704	
19716354	336	80	15584	20.496	4.880	950.624	-1232	
19756160	304	176	15584	18.544	10.736	950.624	-1248	
19795966	256	176	15520	15.616	10.736	946.720	-672	
19835773	224	192	15552	13.664	11.712	948.672	-1136	
19875579	336	96	15584	20.496	5.856	950.624	-624	
19915383	288	128	15520	17.568	7.808	946.720	-1280	
19955187	272	192	15536	16.592	11.712	947.696	-544	
19994994	320	128	15584	19.520	7.808	950.624	-800	
20034803	304	112	15552	18.544	6.832	948.672	-1184	
20074609	352	160	15584	21.472	9.760	950.624	-576	
20114414	336	144	15536	20.496	8.784	947.696	-800	
20154222	240	160	15520	14.640	9.760	946.720	-928	
20194030	288	160	15584	17.568	9.760	950.624	-1120	
20233835	320	144	15504	19.520	8.784	945.744	-1344	
20273638	336	144	15520	20.496	8.784	946.720	-688	
20313446	256	176	15536	15.616	10.736	947.696	-768	
20353253	272	176	15536	16.592	10.736	947.696	-640	
20393062	304	128	15584	18.544	7.808	950.624	-640	
20432867	304	176	15568	18.544	10.736	949.648	-1232	
20472673	272	176	15552	16.592	10.736	948.672	-1248	
20512480	272	176	15520	16.592	10.736	946.720	-688	
20552290	320	192	15584	19.520	11.712	950.624	-1152	
20592097	336	112	15552	20.496	6.832	948.672	-608	
20631903	288	144	15552	17.568	8.784	948.672	-1232	
20671708	256	176	15520	15.616	10.736	946.720	-592	
20711514	272	144	15552	16.592	8.784	948.672	-784	
20751322	304	160	15600	18.544	9.760	951.600	-1184	
20791129	320	144	15600	19.520	8.784	951.600	-576	
20830932	320	160	15520	19.520	9.760	946.720	-768	
20870738	272	192	15552	16.592	11.712	948.672	-928	
20910543	288	160	15440	17.568	9.760	941.840	-1056	
20950348	224	160	15552	13.664	9.760	948.672	-1328	
20990152	256	128	15600	15.616	7.808	951.600	-688	
21029958	320	112	15584	19.520	6.832	950.624	-800	
21069764	336	144	15520	20.496	8.784	946.720	-592	
21109570	304	144	15600	18.544	8.784	951.600	-656	
21149375	272	176	15520	16.592	10.736	946.720	-1232	
21189181	240	128	15632	14.640	7.808	953.552	-1216	
21228986	304	160	15584	18.544	9.760	950.624	-720	
21268793	320	208	15584	19.520	12.688	950.624	-1136	
21308599	304	176	15520	18.544	10.736	946.720	-608	
21348405	304	128	15584	18.544	7.808	950.624	-1248	
21388211	304	160	15600	18.544	9.760	951.600	-576	
21428016	320	128	15552	19.520	7.808	948.672	-768	
21467822	336	144	15520	20.496	8.784	946.720	-1168	
21507626	304	144	15552	18.544	8.784	948.672	-576	
21547432	320	192	15520	19.520	11.712	946.720	-768	
21587236	288	176	15584	17.568	10.736	950.624	-896	
21627041	272	160	15520	16.592	9.760	946.720	-1056	
21666845	288	160	15568	17.568	9.760	949.648	-1344	
21706650	272	176	15568	16.592	10.736	949.648	-688	
21746451	320	128	15536	19.520	7.808	947.696	-784	
21786258	240	192	15520	14.640	11.712	946.720	-624	
21826063	256	160	15568	15.616	9.760	949.648	-672	
21865868	336	192	15568	20.496	11.712	949.648	-1248	
21905675	304	96	15600	18.544	5.856	951.600	-1232	
21945480	352	112	15536	21.472	6.832	947.696	-768	
21985284	304	192	15536	18.544	11.712	947.696	-1136	
22025090	304	208	15648	18.544	12.688	954.528	-560	
22064896	336	128	15536	20.496	7.808	947.696	-1232	
22104702	336	80	15536	20.496	4.880	947.696	-592	
22144507	320	192	15584	19.520	11.712	950.624	-768	
22184314	288	208	15584	17.568	12.688	950.624	-1168	
22224121	288	144	15552	17.568	8.784	948.672	-576	
22263928	304	112	15552	18.544	6.832	948.672	-832	
22303733	320	192	15584	19.520	11.712	950.624	-912	
22343536	256	160	15584	15.616	9.760	950.624	-1040	
22383341	288	176	15552	17.568	10.736	948.672	-1344	
22423147	336	144	15552	20.496	8.784	948.672	-688	
22462951	352	112	15552	21.472	6.832	948.672	-800	
22502757	288	192	15568	17.568	11.712	949.648	-576	
22542563	272	160	15584	16.592	9.760	950.624	-640	
22582368	336	128	15536	20.496	7.808	947.696	-1280	
22622173	336	80	15552	20.496	4.880	948.672	-1248	
22661978	304	128	15616	18.544	7.808	952.576	-816	
22701783	320	224	15520	19.520	13.664	946.720	-1136	
22741589	336	144	15488	20.496	8.784	944.768	-592	
22781396	304	64	15584	18.544	3.904	950.624	-1232	
22821203	272	192	15584	16.592	11.712	950.624	-592	
22861009	288	224	15520	17.568	13.664	946.720	-800	
22900814	320	112	15584	19.520	6.832	950.624	-1184	
22940618	384	48	15536	23.424	2.928	947.696	-576	
22980423	320	128	15520	19.520	7.808	946.720	-816	
23020231	224	256	15520	13.664	15.616	946.720	-912	
23060037	256	208	15616	15.616	12.688	952.576	-1040	
23099842	320	48	15520	19.520	2.928	946.720	-1344	
23139646	368	128	15584	22.448	7.808	950.624	-704	
23179451	320	208	15520	19.520	12.688	946.720	-816	
23219256	208	256	15552	12.688	15.616	948.672	-560	
23259062	288	80	15600	17.568	4.880	951.600	-672	
23298868	400	80	15584	24.400	4.880	950.624	-1296	
23338672	320	144	15584	19.520	8.784	950.624	-1216	
23378480	240	192	15536	14.640	11.712	947.696	-1024	
23418285	208	144	15520	12.688	8.784	946.720	-1152	
23458090	368	48	15552	22.448	2.928	948.672	-608	
23497895	368	48	15648	22.448	2.928	954.528	-1264	
23537700	288	192	15536	17.568	11.712	947.696	-608	
23577504	256	160	15504	15.616	9.760	945.744	-800	
23617311	304	144	15520	18.544	8.784	946.720	-1184	
23657118	336	160	15488	20.496	9.760	944.768	-560	
23696926	256	176	15536	15.616	10.736	947.696	-896	
23736731	192	192	15584	11.712	11.712	950.624	-896	
23776538	288	128	15568	17.568	7.808	949.648	-1056	
23816345	336	144	15536	20.496	8.784	947.696	-1328	
23856153	352	112	15616	21.472	6.832	952.576	-720	
23895962	272	176	15584	16.592	10.736	950.624	-816	
23935769	256	160	15520	15.616	9.760	946.720	-592	
23975573	368	64	15584	22.448	3.904	950.624	-672	
24015377	320	176	15552	19.520	10.736	948.672	-1264	
24055180	304	224	15552	18.544	13.664	948.672	-1184	
24094985	272	160	15552	16.592	9.760	948.672	-1632	
24134792	352	160	15568	21.472	9.760	949.648	-1136	
24174597	304	144	15648	18.544	8.784	954.528	-608	
24214402	304	128	15552	18.544	7.808	948.672	-1296	
24254205	304	144	15488	18.544	8.784	944.768	-640	
24294011	320	176	15568	19.520	10.736	949.648	-800	
24333817	304	128	15552	18.544	7.808	948.672	-1184	
24373620	272	112	15584	16.592	6.832	950.624	-608	
24413423	288	160	15536	17.568	9.760	947.696	-880	
24453227	304	208	15536	18.544	12.688	947.696	-912	
24493032	320	128	15552	19.520	7.808	948.672	-1056	
24532837	304	128	15536	18.544	7.808	947.696	-1328	
24572642	304	160	15568	18.544	9.760	949.648	-656	
24612448	304	144	15520	18.544	8.784	946.720	-816	
24652252	304	144	15552	18.544	8.784	948.672	-544	
24692056	304	128	15568	18.544	7.808	949.648	-688	
24731861	320	144	15552	19.520	8.784	948.672	-1280	
24771667	272	128	15616	16.592	7.808	952.576	-1232	
24811474	256	160	15584	15.616	9.760	950.624	-1744	
24851280	288	192	15504	17.568	11.712	945.744	-1168	
24891086	288	160	15536	17.568	9.760	947.696	-624	
24930891	304	128	15536	18.544	7.808	947.696	-1280	
24970699	320	176	15520	19.520	10.736	946.720	-608	
25010503	288	128	15584	17.568	7.808	950.624	-784	
25050312	304	192	15472	18.544	11.712	943.792	-1200	
25090119	272	128	15488	16.592	7.808	944.768	-560	
25129927	224	144	15712	13.664	8.784	958.432	-880	
25169733	336	160	15488	20.496	9.760	944.768	-944	
25209539	384	48	15552	23.424	2.928	948.672	-1056	
25249345	288	80	15536	17.568	4.880	947.696	-1296	
25289152	272	208	15504	16.592	12.688	945.744	-640	
25328960	320	256	15488	19.520	15.616	944.768	-816	
25368766	304	128	15584	18.544	7.808	950.624	-576	
25408571	288	64	15552	17.568	3.904	948.672	-688	
25448377	288	176	15520	17.568	10.736	946.720	-1264	
25488185	288	176	15616	17.568	10.736	952.576	-1200	
25527990	288	128	15504	17.568	7.808	945.744	-1888	
25567795	320	96	15520	19.520	5.856	946.720	-1136	
25607603	304	80	15584	18.544	4.880	950.624	-608	
25647410	272	160	15552	16.592	9.760	948.672	-1280	
25687216	288	176	15520	17.568	10.736	946.720	-672	
25727023	320	112	15536	19.520	6.832	947.696	-800	
25766829	352	160	15552	21.472	9.760	948.672	-1168	
25806634	304	160	15520	18.544	9.760	946.720	-592	
25846437	256	208	15520	15.616	12.688	946.720	-960	
25886244	288	160	15584	17.568	9.760	950.624	-928	
25926048	288	32	15584	17.568	1.952	950.624	-992	
25965854	304	176	15600	18.544	10.736	951.600	-1328	
26005660	208	192	15648	12.688	11.712	954.528	-656	
26045464	272	112	15568	16.592	6.832	949.648	-784	
26085269	368	96	15520	22.448	5.856	946.720	-560	
26125077	320	160	15520	19.520	9.760	946.720	-704	
26164883	224	240	15536	13.664	14.640	947.696	-1296	
26204690	224	192	15600	13.664	11.712	951.600	-1216	
26244494	272	112	15584	16.592	6.832	950.624	-1184	
26284299	352	112	15520	21.472	6.832	946.720	-1120	
26324104	304	176	15584	18.544	10.736	950.624	-608	
26363908	224	208	15520	13.664	12.688	946.720	-1280	
26403713	288	176	15504	17.568	10.736	945.744	-704	
26443516	304	96	15600	18.544	5.856	951.600	-768	
26483322	352	128	15584	21.472	7.808	950.624	-1168	
26523128	256	240	15552	15.616	14.640	948.672	-592	
26562933	224	176	15472	13.664	10.736	943.792	-944	
26602739	288	160	15520	17.568	9.760	946.720	-912	
26642544	304	128	15600	18.544	7.808	951.600	-976	
26682348	240	160	15520	14.640	9.760	946.720	-1312	
26722154	256	160	15552	15.616	9.760	948.672	-640	
26761958	288	176	15504	17.568	10.736	945.744	-800	
26801763	288	112	15520	17.568	6.832	946.720	-576	
26841569	304	80	15568	18.544	4.880	949.648	-736	
26881375	256	224	15568	15.616	13.664	949.648	-1280	
26921182	304	176	15584	18.544	10.736	950.624	-1136	
26960989	336	96	15600	20.496	5.856	951.600	-1152	
27000793	288	160	15584	17.568	9.760	950.624	-1136	
27040601	304	160	15552	18.544	9.760	948.672	-592	
27080404	256	112	15536	15.616	6.832	947.696	-1280	
27120208	304	128	15536	18.544	7.808	947.696	-736	
27160013	304	112	15584	18.544	6.832	950.624	-752	
27199814	336	192	15536	20.496	11.712	947.696	-1168	
27239618	272	128	15520	16.592	7.808	946.720	-592	
27279421	288	144	15552	17.568	8.784	948.672	-976	
27319226	320	160	15536	19.520	9.760	947.696	-912	
27359028	320	144	15552	19.520	8.784	948.672	-1008	
27398834	304	112	15616	18.544	6.832	952.576	-1328	
27438639	288	176	15520	17.568	10.736	946.720	-672	
27478443	336	144	15520	20.496	8.784	946.720	-784	
27518246	304	144	15520	18.544	8.784	946.720	-624	
27558049	288	144	15536	17.568	8.784	947.696	-736	
27597852	320	160	15552	19.520	9.760	948.672	-1248	
27637656	288	176	15568	17.568	10.736	949.648	-1152	
27677461	336	144	15584	20.496	8.784	950.624	-1200	
27717266	320	144	15536	19.520	8.784	947.696	-1168	
27757071	320	144	15568	19.520	8.784	949.648	-640	
27796877	304	144	15552	18.544	8.784	948.672	-1296	
27836682	320	176	15536	19.520	10.736	947.696	-736	
27876487	320	144	15568	19.520	8.784	949.648	-768	
27916290	288	128	15536	17.568	7.808	947.696	-1184	
27956094	304	144	15520	18.544	8.784	946.720	-592	
27995900	320	128	15568	19.520	7.808	949.648	-944	
28035704	320	176	15520	19.520	10.736	946.720	-928	
28075508	336	128	15536	20.496	7.808	947.696	-992	
28115312	304	96	15536	18.544	5.856	947.696	-1328	
28155116	288	112	15568	17.568	6.832	949.648	-640	
28194922	304	128	15552	18.544	7.808	948.672	-816	
28234727	304	176	15520	18.544	10.736	946.720	-608	
28274533	224	128	15520	13.664	7.808	946.720	-688	
28314338	256	144	15520	15.616	8.784	946.720	-1264	
28354145	336	80	15584	20.496	4.880	950.624	-1152	
28393950	304	128	15600	18.544	7.808	951.600	-1152	
28433755	240	112	15552	14.640	6.832	948.672	-1120	
28473562	304	96	15584	18.544	5.856	950.624	-592	
28513368	288	192	15584	17.568	11.712	950.624	-1248	
28553174	304	224	15600	18.544	13.664	951.600	-768	
28592979	320	144	15504	19.520	8.784	945.744	-784	
28632781	352	64	15632	21.472	3.904	953.552	-1184	
28672587	352	112	15472	21.472	6.832	943.792	-592	
28712390	304	128	15472	18.544	7.808	943.792	-976	
28752195	288	288	15520	17.568	17.568	946.720	-928	
28792001	288	176	15536	17.568	10.736	947.696	-992	
28831808	256	176	15376	15.616	10.736	937.936	-1312	
28871616	240	112	15776	14.640	6.832	962.336	-688	
28911423	320	64	15664	19.520	3.904	955.504	-832	
28951228	416	288	15088	25.376	17.568	920.368	-576	
28991031	208	96	15648	12.688	5.856	954.528	-720	
29030836	192	112	15696	11.712	6.832	957.456	-1296	
29070638	304	224	15552	18.544	13.664	948.672	-1168	
29110441	320	176	15552	19.520	10.736	948.672	-1168	
29150247	400	64	15536	24.400	3.904	947.696	-1152	
29190053	320	64	15456	19.520	3.904	942.816	-640	
29229859	288	176	15568	17.568	10.736	949.648	-1232	
29269664	256	192	15568	15.616	11.712	949.648	-720	
29309466	288	144	15536	17.568	8.784	947.696	-816	
29349271	352	128	15584	21.472	7.808	950.624	-1168	
29389075	288	128	15584	17.568	7.808	950.624	-560	
29428882	272	160	15536	16.592	9.760	947.696	-992	
29468687	320	160	15568	19.520	9.760	949.648	-944	
29508494	320	160	15472	19.520	9.760	943.792	-1008	
29548300	336	144	15568	20.496	8.784	949.648	-1296	
29588109	304	80	15520	18.544	4.880	946.720	-640	
29627914	288	128	15456	17.568	7.808	942.816	-816	
29667721	224	272	15552	13.664	16.592	948.672	-560	
29707526	304	96	15584	18.544	5.856	950.624	-704	
29747331	304	112	15520	18.544	6.832	946.720	-1264	
29787138	304	144	15536	18.544	8.784	947.696	-1136	
29826942	256	192	15584	15.616	11.712	950.624	-1104	
29866748	288	160	15568	17.568	9.760	949.648	-1152	
29906555	288	128	15616	17.568	7.808	952.576	-624	
29946360	352	112	15584	21.472	6.832	950.624	-1280	
29986167	320	112	15584	19.520	6.832	950.624	-720	
30025972	272	208	15616	16.592	12.688	952.576	-768	
30065777	272	112	15600	16.592	6.832	951.600	-1168	
30105583	352	128	15536	21.472	7.808	947.696	-608	
30145390	320	160	15600	19.520	9.760	951.600	-1008	
30185197	304	192	15488	18.544	11.712	944.768	-928	
30225003	320	112	15568	19.520	6.832	949.648	-1008	
30264812	336	176	15440	20.496	10.736	941.840	-1280	
30304621	272	160	15600	16.592	9.760	951.600	-672	
30344428	272	128	15584	16.592	7.808	950.624	-816	
30384232	288	240	15520	17.568	14.640	946.720	-624	
30424037	272	208	15520	16.592	12.688	946.720	-704	
30463844	240	224	15504	14.640	13.664	945.744	-1296	
30503649	208	224	15488	12.688	13.664	944.768	-1120	
30543455	272	128	15696	16.592	7.808	957.456	-1072	
30583263	304	160	15552	18.544	9.760	948.672	-1152	
30623070	384	64	15584	23.424	3.904	950.624	-608	
30662877	384	112	15472	23.424	6.832	943.792	-1280	
30702686	320	144	15344	19.520	8.784	935.984	-784	
30742493	256	160	15520	15.616	9.760	946.720	-784	
30782296	208	224	15584	12.688	13.664	950.624	-1168	
30822103	208	128	15744	12.688	7.808	960.384	-592	
30861909	304	160	15520	18.544	9.760	946.720	-1024	
30901714	320	144	15536	19.520	8.784	947.696	-912	
30941520	352	112	15616	21.472	6.832	952.576	-976	
30981325	288	256	15584	17.568	15.616	950.624	-1344	
31021133	240	208	15488	14.640	12.688	944.768	-640	
31060937	288	80	15552	17.568	4.880	948.672	-832	
31100743	352	112	15584	21.472	6.832	950.624	-624	
31140549	288	144	15552	17.568	8.784	948.672	-752	
31180352	256	192	15536	15.616	11.712	947.696	-1264	
31220157	336	128	15552	20.496	7.808	948.672	-1104	
31259965	368	80	15584	22.448	4.880	950.624	-1040	
31299770	352	160	15584	21.472	9.760	950.624	-1136	
31339578	256	144	15600	15.616	8.784	951.600	-640	
31379383	288	160	15536	17.568	9.760	947.696	-1280	
31419187	384	128	15568	23.424	7.808	949.648	-752	
31458992	304	144	15536	18.544	8.784	947.696	-752	
31498796	272	192	15600	16.592	11.712	951.600	-1200	
31538601	272	160	15584	16.592	9.760	950.624	-544	
31578408	320	144	15568	19.520	8.784	949.648	-1040	
31618212	352	160	15552	21.472	9.760	948.672	-912	
31658019	304	128	15536	18.544	7.808	947.696	-960	
31697824	240	192	15584	14.640	11.712	950.624	-1328	
31737627	320	176	15600	19.520	10.736	951.600	-608	
31777432	336	112	15600	20.496	6.832	951.600	-800	
31817238	304	160	15552	18.544	9.760	948.672	-608	
31857044	288	176	15536	17.568	10.736	947.696	-720	
31896852	304	176	15552	18.544	10.736	948.672	-1264	
31936660	272	112	15584	16.592	6.832	950.624	-1120	
31976465	272	128	15536	16.592	7.808	947.696	-1088	
32016272	272	176	15600	16.592	10.736	951.600	-1120	
32056075	320	128	15584	19.520	7.808	950.624	-608	
32095879	288	144	15584	17.568	8.784	950.624	-1296	
32135685	320	16	15712	19.520	0.976	958.432	-784	
32175490	448	192	15296	27.328	11.712	933.056	-752	
32215298	320	112	15648	19.520	6.832	954.528	-1168	
32255102	208	208	15648	12.688	12.688	954.528	-592	
32294907	320	176	15504	19.520	10.736	945.744	-960	
32334711	320	144	15520	19.520	8.784	946.720	-928	
32374519	320	160	15520	19.520	9.760	946.720	-928	
32414326	304	208	15600	18.544	12.688	951.600	-1312	
32454133	272	160	15568	16.592	9.760	949.648	-624	
32493939	288	112	15536	17.568	6.832	947.696	-832	
32533745	368	32	15680	22.448	1.952	956.480	-672	
32573553	288	208	15424	17.568	12.688	940.864	-752	
32613360	256	208	15632	15.616	12.688	953.552	-1312	
32653167	256	112	15664	15.616	6.832	955.504	-1104	
32692974	320	176	15600	19.520	10.736	951.600	-1040	
32732779	272	176	15552	16.592	10.736	948.672	-1136	
32772586	224	128	15568	13.664	7.808	949.648	-608	
32812393	288	144	15568	17.568	8.784	949.648	-1232	
32852203	320	96	15584	19.520	5.856	950.624	-768	
32892011	320	208	15536	19.520	12.688	947.696	-800	
32931818	240	160	15552	14.640	9.760	948.672	-1200	
32971625	256	224	15584	15.616	13.664	950.624	-608	
33011433	320	144	15520	19.520	8.784	946.720	-1024	
33051242	384	80	15536	23.424	4.880	947.696	-928	
33091052	320	144	15584	19.520	8.784	950.624	-944	
33130859	256	224	15552	15.616	13.664	948.672	-1312	
33170666	304	176	15600	18.544	10.736	951.600	-672	
33210472	288	112	15568	17.568	6.832	949.648	-832	
33250277	272	128	15568	16.592	7.808	949.648	-624	
33290084	352	176	15536	21.472	10.736	947.696	-752	
33329891	272	176	15568	16.592	10.736	949.648	-1296	
33369695	272	176	15568	16.592	10.736	949.648	-1120	
33409500	368	176	15536	22.448	10.736	947.696	-1040	
33449306	304	176	15536	18.544	10.736	947.696	-1136	
33489113	208	144	15584	12.688	8.784	950.624	-592	
33528918	336	160	15552	20.496	9.760	948.672	-1264	
33568726	320	192	15536	19.520	11.712	947.696	-768	
33608529	288	160	15584	17.568	9.760	950.624	-736	
33648334	208	144	15536	12.688	8.784	947.696	-1152	
33688140	256	144	15584	15.616	8.784	950.624	-576	
33727946	304	144	15552	18.544	8.784	948.672	-992	
33767754	240	176	15520	14.640	10.736	946.720	-928	
33807560	256	144	15520	15.616	8.784	946.720	-992	
33847367	320	176	15584	19.520	10.736	950.624	-1328	
33887174	304	128	15552	18.544	7.808	948.672	-608	
33926982	288	160	15504	17.568	9.760	945.744	-816	
33966786	240	176	15568	14.640	10.736	949.648	-624	
34006594	48	32	15840	2.928	1.952	966.240	-704	
34046400	272	64	15600	16.592	3.904	951.600	-1248	
34086207	496	176	15520	30.256	10.736	946.720	-1152	
34126012	304	208	15536	18.544	12.688	947.696	-1104	
34165817	288	160	15584	17.568	9.760	950.624	-1136	
34205622	352	128	15520	21.472	7.808	946.720	-624	
34245430	272	160	15648	16.592	9.760	954.528	-1280	
34285235	272	208	15568	16.592	12.688	949.648	-704	
34325040	272	160	15504	16.592	9.760	945.744	-768	
34364846	272	192	15408	16.592	11.712	939.888	-1168	
34404653	304	192	15520	18.544	11.712	946.720	-608	
34444461	240	224	15456	14.640	13.664	942.816	-912	
34484268	224	176	15520	13.664	10.736	946.720	-928	
34524075	320	160	15568	19.520	9.760	949.648	-1024	
34563882	272	192	15472	16.592	11.712	943.792	-1296	
34603689	400	-80	15840	24.400	-4.880	966.240	-672	
34643493	432	256	15312	26.352	15.616	934.032	-816	
34683301	352	176	15536	21.472	10.736	947.696	-576	
34723109	288	144	15536	17.568	8.784	947.696	-720	
34762915	288	16	15696	17.568	0.976	957.456	-1264	
34802720	368	80	15536	22.448	4.880	947.696	-1248	
34842525	368	176	15472	22.448	10.736	943.792	-1776	
34882329	224	128	15648	13.664	7.808	954.528	-1136	
34922137	304	80	15616	18.544	4.880	952.576	-608	
34961944	384	96	15456	23.424	5.856	942.816	-1248	
35001750	368	128	15584	22.448	7.808	950.624	-640	
35041559	336	192	15552	20.496	11.712	948.672	-784	
35081366	176	176	15616	10.736	10.736	952.576	-1152	
35121173	368	48	15584	22.448	2.928	950.624	-592	
35160979	368	112	15584	22.448	6.832	950.624	-864	
35200785	320	256	15520	19.520	15.616	946.720	-928	
35240593	192	208	15552	11.712	12.688	948.672	-1056	
35280399	288	96	15488	17.568	5.856	944.768	-1344	
35320206	352	144	15600	21.472	8.784	951.600	-672	
35360014	304	160	15584	18.544	9.760	950.624	-784	
35399821	208	160	15536	12.688	9.760	947.696	-576	
35439628	320	160	15536	19.520	9.760	947.696	-672	
35479434	384	320	15424	23.424	19.520	940.864	-1280	
35519239	368	96	15792	22.448	5.856	963.312	-1248	
35559046	288	144	15520	17.568	8.784	946.720	-1072	
35598851	352	176	15568	21.472	10.736	949.648	-1120	
35638658	320	-176	15856	19.520	-10.736	967.216	-624	
35678466	352	176	15200	21.472	10.736	927.200	-1248	
35718274	288	112	15568	17.568	6.832	949.648	-544	
35758082	208	128	15552	12.688	7.808	948.672	-752	
35797890	336	144	15536	20.496	8.784	947.696	-1168	
35837695	368	176	15600	22.448	10.736	951.600	-608	
35877499	240	80	15616	14.640	4.880	952.576	-816	
35917302	304	96	15440	18.544	5.856	941.840	-912	
35957107	272	128	15616	16.592	7.808	952.576	-1088	
35996912	272	160	15648	16.592	9.760	954.528	-1360	
36036715	288	240	15472	17.568	14.640	943.792	-704	
36076518	240	160	15504	14.640	9.760	945.744	-784	
36116322	272	128	15568	16.592	7.808	949.648	-640	
36156126	352	128	15616	21.472	7.808	952.576	-640	
36195931	320	144	15520	19.520	8.784	946.720	-1248	
36235735	224	144	15568	13.664	8.784	949.648	-1296	
36275538	352	128	15584	21.472	7.808	950.624	-528	
36315343	320	144	15552	19.520	8.784	948.672	-1152	
36355149	288	192	15520	17.568	11.712	946.720	-608	
36394956	256	176	15520	15.616	10.736	946.720	-1216	
36434764	336	128	15536	20.496	7.808	947.696	-432	
36474571	336	64	15520	20.496	3.904	946.720	-784	
36514378	192	336	15424	11.712	20.496	940.864	-1168	
36554183	-352	656	15200	-21.472	40.016	927.200	-592	
36593991	48	192	15904	2.928	11.712	970.144	-688	
36633796	416	32	15664	25.376	1.952	955.504	-896	
36673599	368	128	15648	22.448	7.808	954.528	-1168	
36713406	288	224	15424	17.568	13.664	940.864	-1424	
36753213	208	160	15664	12.688	9.760	955.504	-768	
36793021	320	128	15536	19.520	7.808	947.696	-800	
36832829	240	48	15712	14.640	2.928	958.432	-768	
36872637	288	96	15552	17.568	5.856	948.672	-672	
36912443	288	144	15456	17.568	8.784	942.816	-1264	
36952250	288	160	15600	17.568	9.760	951.600	-1472	
36992055	320	112	15552	19.520	6.832	948.672	-464	
37031862	320	160	15584	19.520	9.760	950.624	-1136	
37071669	224	128	15536	13.664	7.808	947.696	-640	
37111475	272	208	15552	16.592	12.688	948.672	-1232	
37151282	288	160	15520	17.568	9.760	946.720	-320	
37191087	320	96	15520	19.520	5.856	946.720	-800	
37230890	272	128	15520	16.592	7.808	946.720	-1216	
37270698	336	160	15552	20.496	9.760	948.672	-576	
37310502	320	192	15536	19.520	11.712	947.696	-512	
37350308	288	160	15504	17.568	9.760	945.744	-880	
37390113	272	112	15552	16.592	6.832	948.672	-1184	
37429919	256	224	15552	15.616	13.664	948.672	-1424	
37469724	288	192	15584	17.568	11.712	950.624	-800	
37509529	304	128	15584	18.544	7.808	950.624	-800	
37549333	288	144	15520	17.568	8.784	946.720	-960	
37589137	272	128	15536	16.592	7.808	947.696	-656	
37628942	304	160	15568	18.544	9.760	949.648	-1248	
37668746	352	144	15568	21.472	8.784	949.648	-960	
37708550	272	128	15568	16.592	7.808	949.648	-448	
37748353	240	160	15616	14.640	9.760	952.576	-1152	
37788157	288	128	15536	17.568	7.808	947.696	-592	
37827964	336	112	15568	20.496	6.832	949.648	-1216	
37867769	272	128	15504	16.592	7.808	945.744	-48	
37907572	288	128	15648	17.568	7.808	954.528	-864	
37947375	272	160	15536	16.592	9.760	947.696	-1264	
37987178	320	160	15520	19.520	9.760	946.720	-592	
38026981	304	128	15552	18.544	7.808	948.672	-704	
38066786	304	160	15520	18.544	9.760	946.720	-832	
38106589	288	128	15584	17.568	7.808	950.624	-1040	
38146394	272	160	15520	16.592	9.760	946.720	-1376	
38186198	256	160	15616	15.616	9.760	952.576	-896	
38226005	304	144	15504	18.544	8.784	945.744	-816	
38265809	304	176	15536	18.544	10.736	947.696	-1136	
38305613	256	144	15664	15.616	8.784	955.504	-608	
38345416	336	144	15536	20.496	8.784	947.696	-1248	
38385221	320	160	15488	19.520	9.760	944.768	-896	
38425025	256	128	15600	15.616	7.808	951.600	-592	
38464827	256	160	15728	15.616	9.760	959.408	-1168	
38504633	320	128	15632	19.520	7.808	953.552	-576	
38544437	304	144	15536	18.544	8.784	947.696	-1136	
38584242	240	208	15568	14.640	12.688	949.648	-304	
38624046	320	144	15552	19.520	8.784	948.672	-864	
38663854	272	208	15456	16.592	12.688	942.816	-1216	
38703658	192	208	15584	11.712	12.688	950.624	-608	
38743461	288	144	15600	17.568	8.784	951.600	-896	
38783268	336	176	15536	20.496	10.736	947.696	-752	
38823075	256	144	15616	15.616	8.784	952.576	-816	
38862878	240	176	15600	14.640	10.736	951.600	-1328	
38902682	288	176	15552	17.568	10.736	948.672	-992	
38942485	320	32	15568	19.520	1.952	949.648	-896	
38982289	432	192	15552	26.352	11.712	948.672	-1136	
39022095	352	144	15488	21.472	8.784	944.768	-608	
39061896	272	128	15536	16.592	7.808	947.696	-1248	
39101699	320	96	15536	19.520	5.856	947.696	-864	
39141502	304	96	15552	18.544	5.856	948.672	-752	
39181304	288	128	15600	17.568	7.808	951.600	-1184	
39221107	384	144	15584	23.424	8.784	950.624	-544	
39260910	416	144	15536	25.376	8.784	947.696	-1072	
39300713	400	96	15584	24.400	5.856	950.624	-896	
39340515	336	80	15552	20.496	4.880	948.672	-912	
39380320	272	160	15584	16.592	9.760	950.624	-1328	
39420123	272	144	15600	16.592	8.784	951.600	-624	
39459926	288	96	15552	17.568	5.856	948.672	-832	
39499729	272	192	15552	16.592	11.712	948.672	-656	
39539533	304	160	15600	18.544	9.760	951.600	-768	
39579335	272	176	15536	16.592	10.736	947.696	-1280	
39619143	272	96	15552	16.592	5.856	948.672	-1152	
39658946	288	112	15568	17.568	6.832	949.648	-1056	
39698749	288	192	15520	17.568	11.712	946.720	-1152	
39738552	304	96	15584	18.544	5.856	950.624	-624	
39778354	256	160	15584	15.616	9.760	950.624	-1232	
39818155	320	144	15584	19.520	8.784	950.624	-736	
39857958	288	128	15584	17.568	7.808	950.624	-800	
39897760	272	208	15568	16.592	12.688	949.648	-1200	
39937563	304	160	15552	18.544	9.760	948.672	-560	
39977363	256	96	15648	15.616	5.856	954.528	-928	
40017165	288	128	15584	17.568	7.808	950.624	-944	
40056969	320	112	15584	19.520	6.832	950.624	-1072	
40096774	288	160	15536	17.568	9.760	947.696	-1344	
40136579	304	144	15520	18.544	8.784	946.720	-688	
40176384	256	96	15680	15.616	5.856	956.480	-832	
40216190	240	128	15552	14.640	7.808	948.672	-576	
40255993	320	160	15520	19.520	9.760	946.720	-624	
40295798	288	224	15536	17.568	13.664	947.696	-1264	
40335604	272	176	15584	16.592	10.736	950.624	-1232	
40375411	272	144	15536	16.592	8.784	947.696	-1008	
40415215	272	176	15520	16.592	10.736	946.720	-1120	
40455020	320	160	15568	19.520	9.760	949.648	-576	
40494824	336	144	15552	20.496	8.784	948.672	-1264	
40534628	272	176	15520	16.592	10.736	946.720	-592	
40574434	256	160	15584	15.616	9.760	950.624	-816	
40614239	256	128	15536	15.616	7.808	947.696	-1200	
40654044	320	96	15536	19.520	5.856	947.696	-608	
40693849	304	128	15552	18.544	7.808	948.672	-704	
40733654	256	224	15552	15.616	13.664	948.672	-912	
40773459	336	144	15552	20.496	8.784	948.672	-1104	
40813265	304	176	15552	18.544	10.736	948.672	-1392	
40853066	304	176	15584	18.544	10.736	950.624	-720	
40892871	288	160	15552	17.568	9.760	948.672	-784	
40932675	320	192	15536	19.520	11.712	947.696	-752	
40972481	320	176	15520	19.520	10.736	946.720	-640	
41012286	320	160	15536	19.520	9.760	947.696	-1232	
41052092	368	-176	15712	22.448	-10.736	958.432	-1392	
41091898	-80	176	15440	-4.880	10.736	941.840	-512	
41131704	256	224	15456	15.616	13.664	942.816	-1136	
41171507	272	128	15616	16.592	7.808	952.576	-624	
41211313	224	128	15600	13.664	7.808	951.600	-1264	
41251119	400	176	15488	24.400	10.736	944.768	-320	
41290923	320	112	15584	19.520	6.832	950.624	-816	
41330728	224	192	15584	13.664	11.712	950.624	-1232	
41370535	288	128	15584	17.568	7.808	950.624	-608	
41410341	304	112	15520	18.544	6.832	946.720	-480	
41450145	240	176	15584	14.640	10.736	950.624	-880	
41489951	320	112	15552	19.520	6.832	948.672	-1184	
41529759	272	176	15568	16.592	10.736	949.648	-1408	
41569565	272	224	15520	16.592	13.664	946.720	-784	
41609374	320	160	15584	19.520	9.760	950.624	-784	
41649178	320	144	15520	19.520	8.784	946.720	-976	
41688985	304	96	15600	18.544	5.856	951.600	-624	
41728792	304	160	15584	18.544	9.760	950.624	-1280	
41768596	256	192	15520	15.616	11.712	946.720	-992	
41808404	272	112	15552	16.592	6.832	948.672	-448	
41848210	304	160	15520	18.544	9.760	946.720	-1152	
41888016	320	144	15552	19.520	8.784	948.672	-624	
41927823	272	112	15520	16.592	6.832	946.720	-1216	
41967630	288	144	15520	17.568	8.784	946.720	-80	
42007437	320	176	15520	19.520	10.736	946.720	-832	
42047240	288	208	15520	17.568	12.688	946.720	-1216	
42087046	256	128	15616	15.616	7.808	952.576	-592	
42126855	336	144	15488	20.496	8.784	944.768	-688	
42166661	320	160	15488	19.520	9.760	944.768	-816	
42206468	240	208	15584	14.640	12.688	950.624	-1104	
42246276	272	160	15584	16.592	9.760	950.624	-1344	
42286083	336	160	15536	20.496	9.760	947.696	-848	
42325890	304	112	15552	18.544	6.832	948.672	-784	
42365695	288	176	15520	17.568	10.736	946.720	-1120	
42405502	256	96	15552	15.616	5.856	948.672	-656	
42445308	320	160	15536	19.520	9.760	947.696	-1264	
42485117	304	48	15648	18.544	2.928	954.528	-944	
42524925	288	112	15552	17.568	6.832	948.672	-528	
42564734	288	224	15472	17.568	13.664	943.792	-1168	
42604541	272	128	15552	16.592	7.808	948.672	-576	
42644347	288	144	15600	17.568	8.784	951.600	-1168	
42684154	304	208	15568	18.544	12.688	949.648	-176	
42723962	352	160	15584	21.472	9.760	950.624	-896	
42763768	240	192	15552	14.640	11.712	948.672	-1248	
42803573	336	128	15584	20.496	7.808	950.624	-608	
42843377	256	192	15456	15.616	11.712	942.816	-848	
42883182	288	128	15600	17.568	7.808	951.600	-768	
42922987	304	128	15600	18.544	7.808	951.600	-816	
42962791	256	176	15520	15.616	10.736	946.720	-1296	
43002596	288	192	15584	17.568	11.712	950.624	-1008	
43042403	304	112	15600	18.544	6.832	951.600	-880	
43082208	304	192	15552	18.544	11.712	948.672	-1136	
43122014	320	176	15536	19.520	10.736	947.696	-592	
43161824	240	208	15568	14.640	12.688	949.648	-1248	
43201632	304	160	15584	18.544	9.760	950.624	-864	
43241442	336	128	15552	20.496	7.808	948.672	-736	
43281251	272	144	15552	16.592	8.784	948.672	-1168	
43321060	304	176	15520	18.544	10.736	946.720	-608	
43360869	288	144	15600	17.568	8.784	951.600	-1072	
43400679	288	112	15584	17.568	6.832	950.624	-848	
43440488	304	80	15584	18.544	4.880	950.624	-960	
43480295	272	160	15520	16.592	9.760	946.720	-1296	
43520103	272	176	15536	16.592	10.736	947.696	-624	
43559911	304	160	15552	18.544	9.760	948.672	-816	
43599719	288	96	15568	17.568	5.856	949.648	-640	
43639526	304	128	15552	18.544	7.808	948.672	-800	
43679333	272	176	15520	16.592	10.736	946.720	-1280	
43719142	288	192	15552	17.568	11.712	948.672	-1056	
43758950	304	128	15584	18.544	7.808	950.624	-992	
43798755	288	160	15536	17.568	9.760	947.696	-1152	
43838560	272	112	15584	16.592	6.832	950.624	-624	
43878366	304	208	15600	18.544	12.688	951.600	-1296	
43918172	304	144	15536	18.544	8.784	947.696	-752	
43957978	304	112	15552	18.544	6.832	948.672	-768	
43997787	272	144	15536	16.592	8.784	947.696	-1200	
44037592	304	160	15568	18.544	9.760	949.648	-592	
44077398	288	144	15520	17.568	8.784	946.720	-992	
44117203	320	144	15584	19.520	8.784	950.624	-928	
44157013	288	144	15584	17.568	8.784	950.624	-1008	
44196820	256	192	15552	15.616	11.712	948.672	-1312	
44236626	304	128	15600	18.544	7.808	951.600	-624	
44276435	336	144	15584	20.496	8.784	950.624	-832	
44316242	256	144	15536	15.616	8.784	947.696	-592	
44356050	304	160	15520	18.544	9.760	946.720	-720	
44395858	256	128	15568	15.616	7.808	949.648	-1264	
44435664	336	128	15600	20.496	7.808	951.600	-1248	
44475471	320	192	15584	19.520	11.712	950.624	-1200	
44515275	288	176	15568	17.568	10.736	949.648	-1120	
44555083	288	144	15520	17.568	8.784	946.720	-640	
44594891	352	144	15584	21.472	8.784	950.624	-1296	
44634697	304	176	15536	18.544	10.736	947.696	-640	
44674503	320	112	15552	19.520	6.832	948.672	-784	
44714308	320	192	15536	19.520	11.712	947.696	-1184	
44754113	320	224	15568	19.520	13.664	949.648	-608	
44793918	304	144	15520	18.544	8.784	946.720	-832	
44833725	304	160	15536	18.544	9.760	947.696	-896	
44873533	288	144	15584	17.568	8.784	950.624	-1088	
44913338	320	160	15520	19.520	9.760	946.720	-1408	
44953144	320	144	15568	19.520	8.784	949.648	-752	
44992951	336	112	15536	20.496	6.832	947.696	-784	
45032756	288	112	15584	17.568	6.832	950.624	-624	
45072564	304	144	15520	18.544	8.784	946.720	-672	
45112371	256	144	15552	15.616	8.784	948.672	-1264	
45152178	256	176	15600	15.616	10.736	951.600	-1264	
45191985	304	112	15552	18.544	6.832	948.672	-624	
45231794	336	128	15536	20.496	7.808	947.696	-1152	
45271600	288	160	15600	17.568	9.760	951.600	-656	
45311405	304	160	15584	18.544	9.760	950.624	-1248	
45351212	304	176	15536	18.544	10.736	947.696	-464	
45391020	272	128	15536	16.592	7.808	947.696	-784	
45430825	272	128	15584	16.592	7.808	950.624	-1216	
45470630	320	128	15552	19.520	7.808	948.672	-560	
45510441	304	176	15584	18.544	10.736	950.624	-624	
45550248	272	144	15536	16.592	8.784	947.696	-896	
45590058	304	144	15568	18.544	8.784	949.648	-1184	
45629864	304	176	15520	18.544	10.736	946.720	-1424	
45669670	288	160	15584	17.568	9.760	950.624	-752	
45709474	272	96	15584	16.592	5.856	950.624	-800	
45749282	288	176	15536	17.568	10.736	947.696	-816	
45789089	288	96	15520	17.568	5.856	946.720	-640	
45828898	272	160	15584	16.592	9.760	950.624	-1248	
45868706	288	176	15600	17.568	10.736	951.600	-1152	
45908516	304	160	15520	18.544	9.760	946.720	-496	
45948322	272	160	15552	16.592	9.760	948.672	-1120	
45988128	320	176	15568	19.520	10.736	949.648	-576	
46027935	288	128	15552	17.568	7.808	948.672	-1216	
46067741	288	160	15520	17.568	9.760	946.720	-208	
46107546	288	112	15552	17.568	6.832	948.672	-800	
46147355	336	144	15552	20.496	8.784	948.672	-1232	
46187161	304	160	15552	18.544	9.760	948.672	-624	
46226968	320	176	15520	19.520	10.736	946.720	-416	
46266773	288	128	15584	17.568	7.808	950.624	-880	
46306581	288	144	15584	17.568	8.784	950.624	-1168	
46346389	288	144	15552	17.568	8.784	948.672	-1376	
46386195	304	128	15552	18.544	7.808	948.672	-832	
46426001	320	128	15520	19.520	7.808	946.720	-832	
46465810	320	112	15536	19.520	6.832	947.696	-1024	
46505617	288	160	15536	17.568	9.760	947.696	-656	
46545423	304	160	15536	18.544	9.760	947.696	-1264	
46585229	272	176	15584	16.592	10.736	950.624	-1008	
46625037	336	144	15552	20.496	8.784	948.672	-464	
46664844	352	208	15568	21.472	12.688	949.648	-1136	
46704650	272	128	15584	16.592	7.808	950.624	-624	
46744457	304	160	15536	18.544	9.760	947.696	-1168	
46784265	288	160	15520	17.568	9.760	946.720	-16	
46824074	320	112	15584	19.520	6.832	950.624	-848	
46863881	256	144	15552	15.616	8.784	948.672	-1248	
46903687	304	192	15520	18.544	11.712	946.720	-608	
46943491	272	160	15584	16.592	9.760	950.624	-864	
46983298	336	176	15536	20.496	10.736	947.696	-800	
47023105	288	144	15584	17.568	8.784	950.624	-1072	
47062914	256	176	15568	15.616	10.736	949.648	-1344	
47102723	304	176	15536	18.544	10.736	947.696	-880	
47142532	320	128	15600	19.520	7.808	951.600	-816	
47182339	256	176	15552	15.616	10.736	948.672	-1152	
47222147	320	128	15520	19.520	7.808	946.720	-624	
47261952	272	160	15552	16.592	9.760	948.672	-1296	
47301759	272	160	15536	16.592	9.760	947.696	-928	
47341565	272	128	15584	16.592	7.808	950.624	-560	
47381373	288	128	15584	17.568	7.808	950.624	-1168	
47421179	256	160	15584	15.616	9.760	950.624	-576	
47460987	336	160	15568	20.496	9.760	949.648	-1152	
47500793	304	192	15584	18.544	11.712	950.624	-240	
47540600	336	160	15536	20.496	9.760	947.696	-880	
47580408	320	176	15552	19.520	10.736	948.672	-1248	
47620213	272	144	15536	16.592	8.784	947.696	-608	
47660019	256	144	15584	15.616	8.784	950.624	-880	
47699825	288	192	15584	17.568	11.712	950.624	-720	
47739628	288	112	15536	17.568	6.832	947.696	-864	
47779433	256	112	15472	15.616	6.832	943.792	-1312	
47819242	272	160	15568	16.592	9.760	949.648	-944	
47859050	288	192	15536	17.568	11.712	947.696	-832	
47898854	304	176	15536	18.544	10.736	947.696	-1152	
47938658	320	80	15600	19.520	4.880	951.600	-608	
47978463	304	128	15536	18.544	7.808	947.696	-1248	
48018267	304	192	15536	18.544	11.712	947.696	-832	
48058071	320	144	15552	19.520	8.784	948.672	-752	
48097876	320	96	15488	19.520	5.856	944.768	-1168	
48137683	288	112	15568	17.568	6.832	949.648	-576	
48177488	288	144	15536	17.568	8.784	947.696	-1072	
48217294	256	192	15520	15.616	11.712	946.720	-896	
48257102	288	112	15536	17.568	6.832	947.696	-912	
48296910	288	192	15520	17.568	11.712	946.720	-1296	
48336716	304	160	15584	18.544	9.760	950.624	-656	
48376522	288	160	15584	17.568	9.760	950.624	-816	
48416327	304	144	15552	18.544	8.784	948.672	-640	
48456132	320	128	15584	19.520	7.808	950.624	-784	
48495937	288	160	15504	17.568	9.760	945.744	-1248	
48535745	320	144	15584	19.520	8.784	950.624	-1104	
48575551	288	176	15584	17.568	10.736	950.624	-992	
48615356	336	176	15568	20.496	10.736	949.648	-1120	
48655159	272	128	15568	16.592	7.808	949.648	-608	
48694963	304	128	15552	18.544	7.808	948.672	-1264	
48734767	320	192	15552	19.520	11.712	948.672	-784	
48774573	272	144	15552	16.592	8.784	948.672	-784	
48814379	304	160	15520	18.544	9.760	946.720	-1168	
48854187	336	112	15552	20.496	6.832	948.672	-576	
48893992	272	176	15520	16.592	10.736	946.720	-944	
48933795	304	144	15520	18.544	8.784	946.720	-960	
48973601	304	176	15552	18.544	10.736	948.672	-960	
49013406	288	160	15584	17.568	9.760	950.624	-1296	
49053211	320	176	15600	19.520	10.736	951.600	-640	
49093015	272	176	15504	16.592	10.736	945.744	-800	
49132818	304	208	15536	18.544	12.688	947.696	-560	
49172619	272	144	15568	16.592	8.784	949.648	-704	
49212420	336	160	15584	20.496	9.760	950.624	-1264	
49252223	288	144	15584	17.568	8.784	950.624	-1232	
49292027	336	144	15600	20.496	8.784	951.600	-1616	
49331830	288	160	15520	17.568	9.760	946.720	-1136	
49371635	320	160	15568	19.520	9.760	949.648	-592	
49411437	320	160	15536	19.520	9.760	947.696	-1264	
49451239	320	144	15584	19.520	8.784	950.624	-608	
49491044	288	96	15552	17.568	5.856	948.672	-800	
49530848	288	144	15520	17.568	8.784	946.720	-1168	
49570650	288	128	15536	17.568	7.808	947.696	-608	
49610454	304	176	15520	18.544	10.736	946.720	-720	
49650257	336	192	15552	20.496	11.712	948.672	-896	
49690060	288	128	15552	17.568	7.808	948.672	-1136	
49729864	320	144	15552	19.520	8.784	948.672	-1408	
49769666	272	192	15584	16.592	11.712	950.624	-704	
49809468	288	160	15536	17.568	9.760	947.696	-832	
49849272	304	176	15536	18.544	10.736	947.696	-752	
49889076	272	112	15568	16.592	6.832	949.648	-608	
49928879	288	160	15584	17.568	9.760	950.624	-1264	
49968682	336	160	15584	20.496	9.760	950.624	-1392	
50008487	320	128	15568	19.520	7.808	949.648	-496	
50048293	272	176	15472	16.592	10.736	943.792	-1136	
50088100	288	176	15536	17.568	10.736	947.696	-608	
50127906	272	112	15568	16.592	6.832	949.648	-1264	
50167711	288	128	15520	17.568	7.808	946.720	-320	
50207517	304	128	15568	18.544	7.808	949.648	-816	
50247322	320	208	15552	19.520	12.688	948.672	-1216	
50287126	304	144	15568	18.544	8.784	949.648	-576	
50326931	288	176	15520	17.568	10.736	946.720	-480	
50366739	320	176	15584	19.520	10.736	950.624	-864	
50406542	272	144	15616	16.592	8.784	952.576	-1200	
50446345	288	128	15584	17.568	7.808	950.624	-1392	
50486151	320	160	15536	19.520	9.760	947.696	-752	
50525958	320	112	15552	19.520	6.832	948.672	-768	
50565764	304	128	15552	18.544	7.808	948.672	-1008	
50605570	288	144	15552	17.568	8.784	948.672	-624	
50645379	288	144	15568	17.568	8.784	949.648	-1264	
50685183	304	160	15536	18.544	9.760	947.696	-992	
50724988	304	128	15584	18.544	7.808	950.624	-448	
50764793	320	160	15520	19.520	9.760	946.720	-1168	
50804599	256	112	15568	15.616	6.832	949.648	-576	
50844404	304	144	15536	18.544	8.784	947.696	-1216	
50884209	304	192	15472	18.544	11.712	943.792	-96	
50924015	304	176	15536	18.544	10.736	947.696	-816	
50963819	288	160	15584	17.568	9.760	950.624	-1248	
51003622	288	144	15568	17.568	8.784	949.648	-608	
51043429	304	144	15520	18.544	8.784	946.720	-752	
51083234	288	176	15536	17.568	10.736	947.696	-800	
51123040	288	144	15584	17.568	8.784	950.624	-1056	
51162842	288	176	15520	17.568	10.736	946.720	-1360	
51202643	272	160	15584	16.592	9.760	950.624	-848	
51242446	288	96	15600	17.568	5.856	951.600	-832	
51282249	272	144	15504	16.592	8.784	945.744	-1152	
51322051	304	144	15552	18.544	8.784	948.672	-656	
51361851	288	144	15536	17.568	8.784	947.696	-1280	
51401654	288	160	15552	17.568	9.760	948.672	-960	
51441459	320	160	15584	19.520	9.760	950.624	-592	
51481262	256	176	15536	15.616	10.736	947.696	-1200	
51521066	304	144	15568	18.544	8.784	949.648	-608	
51560869	272	96	15584	16.592	5.856	950.624	-1136	
51600675	336	144	15552	20.496	8.784	948.672	-400	
51640479	336	160	15552	20.496	9.760	948.672	-912	
51680283	288	176	15488	17.568	10.736	944.768	-1264	
51720088	304	128	15536	18.544	7.808	947.696	-592	
51759892	304	128	15616	18.544	7.808	952.576	-832	
51799696	288	144	15536	17.568	8.784	947.696	-704	
51839500	320	160	15584	19.520	9.760	950.624	-864	
51879304	256	144	15552	15.616	8.784	948.672	-1312	
51919108	304	176	15520	18.544	10.736	946.720	-1008	
51958915	304	144	15552	18.544	8.784	948.672	-928	
51998719	272	192	15520	16.592	11.712	946.720	-1136	
52038523	288	144	15600	17.568	8.784	951.600	-592	
52078327	240	128	15552	14.640	7.808	948.672	-1280	
52118131	320	176	15536	19.520	10.736	947.696	-832	
52157936	336	144	15584	20.496	8.784	950.624	-784	
52197740	256	192	15536	15.616	11.712	947.696	-1168	
52237545	320	160	15520	19.520	9.760	946.720	-624	
52277351	288	112	15536	17.568	6.832	947.696	-1056	
52317155	320	176	15536	19.520	10.736	947.696	-912	
52356958	304	160	15536	18.544	9.760	947.696	-960	
52396760	240	192	15520	14.640	11.712	946.720	-1296	
52436565	304	128	15568	18.544	7.808	949.648	-640	
52476367	336	192	15552	20.496	11.712	948.672	-816	
52516169	304	160	15536	18.544	9.760	947.696	-608	
52555973	256	176	15536	15.616	10.736	947.696	-768	
52595778	272	160	15552	16.592	9.760	948.672	-1280	
52635580	320	176	15584	19.520	10.736	950.624	-1136	
52675385	272	80	15600	16.592	4.880	951.600	-1120	
52715190	272	144	15536	16.592	8.784	947.696	-1152	
52754994	320	176	15584	19.520	10.736	950.624	-592	
52794798	320	160	15536	19.520	9.760	947.696	-1264	
52834600	256	176	15536	15.616	10.736	947.696	-704	
52874406	240	144	15584	14.640	8.784	950.624	-800	
52914211	288	176	15536	17.568	10.736	947.696	-1200	
52954017	320	176	15536	19.520	10.736	947.696	-560	
52993824	288	160	15520	17.568	9.760	946.720	-944	
53033629	272	160	15584	16.592	9.760	950.624	-928	
53073434	352	144	15600	21.472	8.784	951.600	-1072	
53113239	304	128	15536	18.544	7.808	947.696	-1376	
53153045	304	160	15520	18.544	9.760	946.720	-688	
53192850	320	144	15520	19.520	8.784	946.720	-768	
53232650	288	176	15568	17.568	10.736	949.648	-576	
53272453	304	128	15584	18.544	7.808	950.624	-656	
53312257	288	128	15552	17.568	7.808	948.672	-1280	
53352060	272	192	15584	16.592	11.712	950.624	-1280	
53391864	336	176	15568	20.496	10.736	949.648	-800	
53431668	272	160	15520	16.592	9.760	946.720	-1136	
53471471	320	96	15584	19.520	5.856	950.624	-592	
53511276	320	144	15584	19.520	8.784	950.624	-1232	
53551079	304	160	15536	18.544	9.760	947.696	-592	
53590886	272	96	15600	16.592	5.856	951.600	-816	
53630691	336	128	15552	20.496	7.808	948.672	-1184	
53670495	304	144	15584	18.544	8.784	950.624	-544	
53710300	288	192	15552	17.568	11.712	948.672	-656	
53750104	272	192	15520	16.592	11.712	946.720	-928	
53789906	288	144	15552	17.568	8.784	948.672	-1152	
53829711	272	176	15536	16.592	10.736	947.696	-1408	
53869515	256	160	15520	15.616	9.760	946.720	-768	
53909321	272	112	15600	16.592	6.832	951.600	-816	
53949126	304	176	15584	18.544	10.736	950.624	-784	
53988928	336	144	15584	20.496	8.784	950.624	-640	
54028732	256	224	15520	15.616	13.664	946.720	-1280	
54068535	288	144	15568	17.568	8.784	949.648	-1328	
54108337	304	160	15552	18.544	9.760	948.672	-496	
54148138	304	112	15536	18.544	6.832	947.696	-1152	
54187942	304	128	15536	18.544	7.808	947.696	-592	
54227748	336	176	15584	20.496	10.736	950.624	-1216	
54267555	288	160	15520	17.568	9.760	946.720	-160	
54307359	304	80	15584	18.544	4.880	950.624	-864	
54347165	336	144	15552	20.496	8.784	948.672	-1216	
54386972	320	128	15584	19.520	7.808	950.624	-576	
54426777	272	144	15552	16.592	8.784	948.672	-448	
54466582	272	208	15536	16.592	12.688	947.696	-848	
54506387	304	176	15568	18.544	10.736	949.648	-1152	
54546194	336	176	15536	20.496	10.736	947.696	-1392	
54585998	304	128	15600	18.544	7.808	951.600	-848	
54625801	288	128	15536	17.568	7.808	947.696	-784	
54665606	288	192	15520	17.568	11.712	946.720	-1040	
54705410	320	160	15584	19.520	9.760	950.624	-640	
54745216	288	96	15584	17.568	5.856	950.624	-1264	
54785019	288	160	15568	17.568	9.760	949.648	-976	
54824824	304	160	15552	18.544	9.760	948.672	-464	
54864627	336	144	15584	20.496	8.784	950.624	-1152	
54904431	288	144	15584	17.568	8.784	950.624	-608	
54944234	304	160	15584	18.544	9.760	950.624	-1184	
54984039	304	192	15552	18.544	11.712	948.672	-80	
55023845	304	112	15584	18.544	6.832	950.624	-864	
55063648	336	112	15552	20.496	6.832	948.672	-1248	
55103452	336	160	15584	20.496	9.760	950.624	-576	
55143256	304	176	15520	18.544	10.736	946.720	-1104	
55183062	304	144	15584	18.544	8.784	950.624	-784	
55222871	336	112	15552	20.496	6.832	948.672	-912	
55262677	288	160	15536	17.568	9.760	947.696	-1344	
55302481	304	144	15584	18.544	8.784	950.624	-960	
55342285	304	160	15568	18.544	9.760	949.648	-864	
55382089	304	160	15520	18.544	9.760	946.720	-1184	
55421892	272	112	15616	16.592	6.832	952.576	-624	
55461696	256	160	15536	15.616	9.760	947.696	-1264	
55501501	288	160	15536	17.568	9.760	947.696	-896	
55541306	304	144	15536	18.544	8.784	947.696	-720	
55581111	272	208	15552	16.592	12.688	948.672	-1184	
55620914	320	96	15520	19.520	5.856	946.720	-592	
55660716	304	128	15520	18.544	7.808	946.720	-1088	
55700520	288	176	15520	17.568	10.736	946.720	-768	
55740321	304	112	15536	18.544	6.832	947.696	-912	
55780125	288	192	15536	17.568	11.712	947.696	-1232	
55819927	304	128	15584	18.544	7.808	950.624	-592	
55859734	288	144	15584	17.568	8.784	950.624	-848	
55899539	368	208	15536	22.448	12.688	947.696	-672	
55939342	304	96	15536	18.544	5.856	947.696	-752	
55979149	320	192	15552	19.520	11.712	948.672	-1264	
56018954	320	160	15584	19.520	9.760	950.624	-1072	
56058759	288	160	15584	17.568	9.760	950.624	-992	
56098565	272	208	15520	16.592	12.688	946.720	-1136	
56138370	288	112	15584	17.568	6.832	950.624	-624	
56178175	352	160	15600	21.472	9.760	951.600	-1296	
56217981	320	128	15600	19.520	7.808	951.600	-784	
56257785	336	144	15568	20.496	8.784	949.648	-768	
56297590	288	160	15520	17.568	9.760	946.720	-1184	
56337396	320	128	15568	19.520	7.808	949.648	-592	
56377198	304	144	15536	18.544	8.784	947.696	-976	
56417001	320	160	15488	19.520	9.760	944.768	-928	
56456804	304	128	15584	18.544	7.808	950.624	-1024	
56496606	272	144	15584	16.592	8.784	950.624	-1328	
56536412	288	144	15552	17.568	8.784	948.672	-688	
56576217	272	160	15584	16.592	9.760	950.624	-832	
56616022	336	176	15584	20.496	10.736	950.624	-576	
56655826	304	160	15584	18.544	9.760	950.624	-704	
56695631	320	160	15600	19.520	9.760	951.600	-1264	
56735435	336	192	15616	20.496	11.712	952.576	-1216	
56775241	304	160	15568	18.544	9.760	949.648	-2256	
56815043	304	208	15536	18.544	12.688	947.696	-1136	
56854847	256	144	15552	15.616	8.784	948.672	-608	
56894650	288	160	15520	17.568	9.760	946.720	-1296	
56934454	288	208	15520	17.568	12.688	946.720	-592	
56974258	256	208	15536	15.616	12.688	947.696	-784	
57014061	320	128	15504	19.520	7.808	945.744	-1216	
57053865	304	112	15536	18.544	6.832	947.696	-592	
57093666	272	128	15520	16.592	7.808	946.720	-752	
57133469	304	160	15584	18.544	9.760	950.624	-944	
57173273	320	112	15584	19.520	6.832	950.624	-1072	
57213076	336	160	15552	20.496	9.760	948.672	-1392	
57252881	272	192	15552	16.592	11.712	948.672	-672	
57292685	272	176	15584	16.592	10.736	950.624	-800	
57332493	288	144	15536	17.568	8.784	947.696	-752	
57372300	320	128	15552	19.520	7.808	948.672	-640	
57412107	304	176	15536	18.544	10.736	947.696	-1280	
57451913	272	176	15600	16.592	10.736	951.600	-1520	
57491718	304	144	15584	18.544	8.784	950.624	-528	
57531525	272	144	15520	16.592	8.784	946.720	-1168	
57571331	288	144	15600	17.568	8.784	951.600	-576	
57611135	320	192	15568	19.520	11.712	949.648	-1216	
57650940	304	176	15520	18.544	10.736	946.720	-336	
57690744	288	128	15600	17.568	7.808	951.600	-800	
57730549	320	176	15552	19.520	10.736	948.672	-1200	
57770353	288	128	15584	17.568	7.808	950.624	-624	
57810159	288	144	15504	17.568	8.784	945.744	-480	
57849963	288	176	15552	17.568	10.736	948.672	-848	
57889769	320	144	15584	19.520	8.784	950.624	-1184	
57929570	320	144	15552	19.520	8.784	948.672	-1408	
57969376	288	176	15568	17.568	10.736	949.648	-768	
58009181	320	144	15520	19.520	8.784	946.720	-800	
58048985	288	144	15584	17.568	8.784	950.624	-976	
58088791	304	144	15552	18.544	8.784	948.672	-608	
58128594	272	96	15536	16.592	5.856	947.696	-1264	
58168398	336	160	15584	20.496	9.760	950.624	-976	
58208203	336	176	15536	20.496	10.736	947.696	-448	
58248007	288	128	15536	17.568	7.808	947.696	-1136	
58287811	320	192	15552	19.520	11.712	948.672	-592	
58327615	304	128	15584	18.544	7.808	950.624	-1232	
58367422	320	160	15520	19.520	9.760	946.720	-48	
58407226	304	160	15552	18.544	9.760	948.672	-848	
58447026	304	192	15536	18.544	11.712	947.696	-1216	
58486831	304	160	15568	18.544	9.760	949.648	-624	
58526632	288	128	15568	17.568	7.808	949.648	-928	
58566433	320	208	15536	19.520	12.688	947.696	-816	
58606237	352	128	15568	21.472	7.808	949.648	-960	
58646041	304	144	15520	18.544	8.784	946.720	-1360	
58685847	336	192	15584	20.496	11.712	950.624	-896	
58725650	288	160	15552	17.568	9.760	948.672	-832	
58765456	304	176	15536	18.544	10.736	947.696	-1120	
58805258	256	112	15536	15.616	6.832	947.696	-624	
58845061	336	192	15584	20.496	11.712	950.624	-1248	
58884863	288	128	15520	17.568	7.808	946.720	-944	
58924666	288	208	15552	17.568	12.688	948.672	-656	
58964471	320	192	15520	19.520	11.712	946.720	-1168	
59004276	352	112	15632	21.472	6.832	953.552	-608	
59044081	288	176	15504	17.568	10.736	945.744	-1136	
59083886	320	176	15584	19.520	10.736	950.624	-704	
59123690	288	176	15552	17.568	10.736	948.672	-880	
59163493	272	128	15520	16.592	7.808	946.720	-1312	
59203296	320	144	15648	19.520	8.784	954.528	-624	
59243098	288	176	15520	17.568	10.736	946.720	-848	
59282899	240	176	15568	14.640	10.736	949.648	-672	
59322700	352	128	15584	21.472	7.808	950.624	-768	
59362501	304	192	15504	18.544	11.712	945.744	-1296	
59402303	320	160	15552	19.520	9.760	948.672	-1088	
59442107	272	112	15616	16.592	6.832	952.576	-944	
59481911	304	176	15584	18.544	10.736	950.624	-1152	
59521713	320	160	15520	19.520	9.760	946.720	-608	
59561517	272	176	15584	16.592	10.736	950.624	-1280	
59601322	288	160	15584	17.568	9.760	950.624	-784	
59641128	336	128	15584	20.496	7.808	950.624	-768	
59680935	320	176	15552	19.520	10.736	948.672	-1152	
59720741	320	112	15600	19.520	6.832	951.600	-608	
59760544	288	160	15536	17.568	9.760	947.696	-992	
59800349	304	160	15520	18.544	9.760	946.720	-912	
59840154	336	112	15568	20.496	6.832	949.648	-1008	
59879959	288	160	15536	17.568	9.760	947.696	-1328	
59919764	288	208	15520	17.568	12.688	946.720	-656	
59959568	288	176	15568	17.568	10.736	949.648	-832	
59999373	272	224	15552	16.592	13.664	948.672	-560	
60039178	288	96	15584	17.568	5.856	950.624	-704	
60078983	320	160	15536	19.520	9.760	947.696	-1264	
60118789	320	160	15584	19.520	9.760	950.624	-1232	
60158592	336	144	15552	20.496	8.784	948.672	-1840	
60198397	272	160	15552	16.592	9.760	948.672	-1152	
60238202	304	144	15584	18.544	8.784	950.624	-608	
60278005	320	144	15584	19.520	8.784	950.624	-1280	
60317810	336	128	15600	20.496	7.808	951.600	-592	
60357618	288	192	15520	17.568	11.712	946.720	-768	
60397424	304	160	15520	18.544	9.760	946.720	-1168	
60437228	304	80	15648	18.544	4.880	954.528	-592	
60477037	304	160	15584	18.544	9.760	950.624	-752	
60516840	256	160	15552	15.616	9.760	948.672	-912	
60556644	320	128	15600	19.520	7.808	951.600	-1104	
60596450	320	128	15568	19.520	7.808	949.648	-1360	
60636254	224	64	15680	13.664	3.904	956.480	-736	
60676058	288	176	15552	17.568	10.736	948.672	-816	
60715861	320	144	15536	19.520	8.784	947.696	-672	
60755665	304	160	15584	18.544	9.760	950.624	-672	
60795469	240	208	15520	14.640	12.688	946.720	-1248	
60835272	368	464	15136	22.448	28.304	923.296	-1232	
60875076	288	80	15632	17.568	4.880	953.552	-512	
60914879	160	96	15616	9.760	5.856	952.576	-1168	
60954681	368	112	15584	22.448	6.832	950.624	-624	
60994485	368	112	15584	22.448	6.832	950.624	-1248	
61034288	320	208	15504	19.520	12.688	945.744	-368	
61074091	336	160	15616	20.496	9.760	952.576	-800	
61113895	288	128	15520	17.568	7.808	946.720	-1232	
61153701	304	144	15568	18.544	8.784	949.648	-576	
61193506	336	160	15488	20.496	9.760	944.768	-432	
61233311	272	224	15552	16.592	13.664	948.672	-816	
61273112	272	128	15584	16.592	7.808	950.624	-1168	
61312915	320	160	15552	19.520	9.760	948.672	-1424	
61352720	256	176	15520	15.616	10.736	946.720	-848	
61392523	288	160	15584	17.568	9.760	950.624	-784	
61432326	16	-48	15280	0.976	-2.928	932.080	-1120	
61472130	480	160	15712	29.280	9.760	958.432	-672	
61511935	1040	176	15824	63.440	10.736	965.264	-1264	
61551742	-64	208	15520	-3.904	12.688	946.720	-928	
61591549	-400	-48	15264	-24.400	-2.928	931.104	-464	
