Timestamp [us]	A_X [LSB]	A_Y [LSB]	A_Z [LSB]	A_X [mg]	A_Y [mg]	A_Z [mg]	QVAR [LSB]	
12838	-304	0	15552	-18.544	0.000	948.672	-1440	
52651	-224	-16	15520	-13.664	-0.976	946.720	-1456	
92463	-336	-16	15568	-20.496	-0.976	949.648	-1424	
132275	-352	-16	15504	-21.472	-0.976	945.744	-1440	
172089	-352	16	15600	-21.472	0.976	951.600	-1424	
211900	-304	-16	15536	-18.544	-0.976	947.696	-1440	
251713	-336	-32	15568	-20.496	-1.952	949.648	-1456	
291526	-400	-16	15600	-24.400	-0.976	951.600	-1440	
331339	-336	-32	15568	-20.496	-1.952	949.648	-1424	
371154	-304	-48	15584	-18.544	-2.928	950.624	-1456	
410966	-336	-32	15584	-20.496	-1.952	950.624	-1472	
450778	-304	-16	15600	-18.544	-0.976	951.600	-1424	
490589	-432	16	15552	-26.352	0.976	948.672	-1392	
530401	-320	16	15552	-19.520	0.976	948.672	-1424	
570215	-336	0	15552	-20.496	0.000	948.672	-1472	
610027	-320	-64	15584	-19.520	-3.904	950.624	-1440	
649840	-288	-32	15600	-17.568	-1.952	951.600	-1440	
689654	-320	16	15552	-19.520	0.976	948.672	-1424	
729467	-288	-16	15584	-17.568	-0.976	950.624	-1472	
769280	-336	0	15536	-20.496	0.000	947.696	-1504	
809094	-288	0	15536	-17.568	0.000	947.696	-1456	
848906	-288	0	15600	-17.568	0.000	951.600	-1488	
888718	-336	0	15584	-20.496	0.000	950.624	-1424	
928530	-288	-16	15568	-17.568	-0.976	949.648	-1440	
968342	-304	-16	15584	-18.544	-0.976	950.624	-1456	
1008152	-320	16	15584	-19.520	0.976	950.624	-1440	
1047962	-336	-64	15536	-20.496	-3.904	947.696	-1456	
1087772	-368	16	15520	-22.448	0.976	946.720	-1440	
1127585	-320	0	15584	-19.520	0.000	950.624	-1424	
1167397	-384	0	15520	-23.424	0.000	946.720	-1456	
1207209	-320	-48	15584	-19.520	-2.928	950.624	-1456	
1247021	-320	-16	15552	-19.520	-0.976	948.672	-1424	
1286831	-288	-32	15600	-17.568	-1.952	951.600	-1456	
1326642	-288	-48	15568	-17.568	-2.928	949.648	-1424	
1366452	-320	-16	15584	-19.520	-0.976	950.624	-1472	
1406262	-368	-32	15552	-22.448	-1.952	948.672	-1456	
1446071	-304	0	15568	-18.544	0.000	949.648	-1440	
1485883	-304	-48	15552	-18.544	-2.928	948.672	-1472	
1525696	-304	-48	15536	-18.544	-2.928	947.696	-1456	
1565508	-288	-16	15568	-17.568	-0.976	949.648	-1424	
1605319	-336	-16	15600	-20.496	-0.976	951.600	-1424	
1645131	-304	-32	15520	-18.544	-1.952	946.720	-1440	
1684942	-320	0	15584	-19.520	0.000	950.624	-1440	
1724752	-384	-16	15504	-23.424	-0.976	945.744	-1408	
1764561	-336	-16	15584	-20.496	-0.976	950.624	-1424	
1804372	-320	-64	15552	-19.520	-3.904	948.672	-1456	
1844184	-304	-48	15552	-18.544	-2.928	948.672	-1424	
1883997	-352	-32	15536	-21.472	-1.952	947.696	-1456	
1923808	-304	-16	15552	-18.544	-0.976	948.672	-1456	
1963619	-336	-48	15536	-20.496	-2.928	947.696	-1424	
2003428	-320	-16	15584	-19.520	-0.976	950.624	-1456	
2043238	-320	-64	15536	-19.520	-3.904	947.696	-1456	
2083048	-288	-48	15568	-17.568	-2.928	949.648	-1408	
2122859	-304	-16	15584	-18.544	-0.976	950.624	-1424	
2162669	-304	0	15536	-18.544	0.000	947.696	-1440	
2202480	-320	-48	15600	-19.520	-2.928	951.600	-1456	
2242291	-336	-16	15568	-20.496	-0.976	949.648	-1440	
2282099	-288	-64	15520	-17.568	-3.904	946.720	-1472	
2321908	-352	0	15584	-21.472	0.000	950.624	-1440	
2361719	-272	0	15600	-16.592	0.000	951.600	-1424	
2401528	-320	-48	15520	-19.520	-2.928	946.720	-1456	
2441338	-320	0	15584	-19.520	0.000	950.624	-1456	
2481145	-320	-16	15584	-19.520	-0.976	950.624	-1424	
2520954	-240	-16	15552	-14.640	-0.976	948.672	-1440	
2560765	-288	-16	15552	-17.568	-0.976	948.672	-1424	
2600578	-304	-32	15600	-18.544	-1.952	951.600	-1456	
2640391	-352	16	15648	-21.472	0.976	954.528	-1504	
2680204	-352	-64	15600	-21.472	-3.904	951.600	-1440	
2720016	-336	-48	15584	-20.496	-2.928	950.624	-1440	
2759828	-368	-48	15600	-22.448	-2.928	951.600	-1504	
2799638	-304	-32	15584	-18.544	-1.952	950.624	-1392	
2839448	-352	-16	15552	-21.472	-0.976	948.672	-1456	
2879260	-320	0	15552	-19.520	0.000	948.672	-1456	
2919071	-352	16	15568	-21.472	0.976	949.648	-1472	
2958882	-304	-16	15584	-18.544	-0.976	950.624	-1456	
2998691	-320	0	15552	-19.520	0.000	948.672	-1488	
3038501	-368	32	15648	-22.448	1.952	954.528	-1472	
3078311	-336	-32	15648	-20.496	-1.952	954.528	-1456	
3118123	-304	-48	15664	-18.544	-2.928	955.504	-1472	
3157935	-304	-16	15568	-18.544	-0.976	949.648	-1488	
3197744	-352	32	15536	-21.472	1.952	947.696	-1488	
3237553	-288	16	15552	-17.568	0.976	948.672	-1440	
3277361	-288	-16	15568	-17.568	-0.976	949.648	-1456	
3317172	-320	-16	15536	-19.520	-0.976	947.696	-1488	
3356979	-320	0	15584	-19.520	0.000	950.624	-1472	
3396790	-320	-16	15536	-19.520	-0.976	947.696	-1472	
3436600	-336	0	15584	-20.496	0.000	950.624	-1472	
3476407	-352	-32	15584	-21.472	-1.952	950.624	-1488	
3516214	-288	-32	15520	-17.568	-1.952	946.720	-1440	
3556022	-304	0	15520	-18.544	0.000	946.720	-1472	
3595831	-320	-32	15584	-19.520	-1.952	950.624	-1440	
3635641	-304	-80	15600	-18.544	-4.880	951.600	-1472	
3675452	-320	16	15584	-19.520	0.976	950.624	-1488	
3715264	-320	-16	15584	-19.520	-0.976	950.624	-1472	
3755075	-288	-16	15552	-17.568	-0.976	948.672	-1520	
3794890	-288	-48	15520	-17.568	-2.928	946.720	-1456	
3834703	-288	-48	15584	-17.568	-2.928	950.624	-1440	
3874514	-320	0	15584	-19.520	0.000	950.624	-1456	
3914325	-304	-16	15584	-18.544	-0.976	950.624	-1472	
3954137	-288	-48	15552	-17.568	-2.928	948.672	-1440	
3993948	-288	-80	15520	-17.568	-4.880	946.720	-1440	
4033758	-336	-16	15552	-20.496	-0.976	948.672	-1472	
4073567	-352	-16	15584	-21.472	-0.976	950.624	-1488	
4113378	-336	-16	15552	-20.496	-0.976	948.672	-1472	
4153188	-368	-64	15536	-22.448	-3.904	947.696	-1472	
4192999	-320	-32	15552	-19.520	-1.952	948.672	-1424	
4232812	-336	0	15552	-20.496	0.000	948.672	-1520	
4272620	-336	-48	15584	-20.496	-2.928	950.624	-1456	
4312429	-336	-32	15552	-20.496	-1.952	948.672	-1456	
4352237	-304	-64	15536	-18.544	-3.904	947.696	-1440	
4392047	-272	32	15584	-16.592	1.952	950.624	-1472	
4431856	-336	-48	15536	-20.496	-2.928	947.696	-1488	
4471664	-320	-16	15520	-19.520	-0.976	946.720	-1488	
4511474	-272	0	15568	-16.592	0.000	949.648	-1488	
4551286	-320	0	15552	-19.520	0.000	948.672	-1424	
4591094	-304	-64	15600	-18.544	-3.904	951.600	-1456	
4630903	-304	16	15552	-18.544	0.976	948.672	-1440	
4670716	-288	0	15584	-17.568	0.000	950.624	-1488	
4710527	-336	-32	15584	-20.496	-1.952	950.624	-1472	
4750339	-320	0	15584	-19.520	0.000	950.624	-1472	
4790150	-304	-48	15552	-18.544	-2.928	948.672	-1472	
4829962	-336	-16	15520	-20.496	-0.976	946.720	-1472	
4869774	-304	-80	15584	-18.544	-4.880	950.624	-1472	
4909588	-320	-32	15568	-19.520	-1.952	949.648	-1456	
4949400	-320	32	15520	-19.520	1.952	946.720	-1456	
4989211	-304	-32	15552	-18.544	-1.952	948.672	-1488	
5029024	-352	0	15520	-21.472	0.000	946.720	-1456	
5068835	-352	-64	15520	-21.472	-3.904	946.720	-1472	
5108645	-288	-16	15536	-17.568	-0.976	947.696	-1440	
5148455	-320	-48	15584	-19.520	-2.928	950.624	-1456	
5188261	-336	-32	15552	-20.496	-1.952	948.672	-1472	
5228070	-304	-80	15584	-18.544	-4.880	950.624	-1504	
5267880	-304	-48	15584	-18.544	-2.928	950.624	-1488	
5307693	-320	-48	15552	-19.520	-2.928	948.672	-1536	
5347502	-288	32	15616	-17.568	1.952	952.576	-1472	
5387313	-320	0	15584	-19.520	0.000	950.624	-1456	
5427122	-320	-48	15568	-19.520	-2.928	949.648	-1472	
5466932	-304	0	15552	-18.544	0.000	948.672	-1456	
5506736	-288	-32	15584	-17.568	-1.952	950.624	-1472	
5546545	-304	0	15584	-18.544	0.000	950.624	-1488	
5586355	-320	-48	15568	-19.520	-2.928	949.648	-1440	
5626167	-336	-48	15552	-20.496	-2.928	948.672	-1456	
5665978	-240	-32	15616	-14.640	-1.952	952.576	-1456	
5705788	-320	16	15552	-19.520	0.976	948.672	-1472	
5745597	-352	-16	15584	-21.472	-0.976	950.624	-1456	
5785407	-336	16	15584	-20.496	0.976	950.624	-1456	
5825217	-272	-16	15584	-16.592	-0.976	950.624	-1472	
5865027	-336	-32	15584	-20.496	-1.952	950.624	-1440	
5904838	-320	0	15584	-19.520	0.000	950.624	-1472	
5944649	-288	-16	15520	-17.568	-0.976	946.720	-1456	
5984460	-304	-48	15584	-18.544	-2.928	950.624	-1456	
6024271	-320	16	15584	-19.520	0.976	950.624	-1408	
6064084	-288	-64	15584	-17.568	-3.904	950.624	-1456	
6103895	-288	16	15520	-17.568	0.976	946.720	-1488	
6143706	-304	16	15648	-18.544	0.976	954.528	-1472	
6183512	-320	-32	15552	-19.520	-1.952	948.672	-1536	
6223321	-320	-16	15552	-19.520	-0.976	948.672	-1504	
6263131	-304	-32	15600	-18.544	-1.952	951.600	-1488	
6302942	-288	-32	15536	-17.568	-1.952	947.696	-1472	
6342753	-304	-48	15584	-18.544	-2.928	950.624	-1456	
6382565	-304	-48	15536	-18.544	-2.928	947.696	-1488	
6422375	-320	16	15584	-19.520	0.976	950.624	-1472	
6462185	-304	-16	15584	-18.544	-0.976	950.624	-1456	
6501995	-288	-64	15568	-17.568	-3.904	949.648	-1456	
6541804	-368	-16	15536	-22.448	-0.976	947.696	-1456	
6581613	-336	0	15536	-20.496	0.000	947.696	-1456	
6621421	-304	0	15552	-18.544	0.000	948.672	-1456	
6661228	-352	-32	15520	-21.472	-1.952	946.720	-1472	
6701039	-320	0	15584	-19.520	0.000	950.624	-1440	
6740848	-304	-32	15584	-18.544	-1.952	950.624	-1424	
6780656	-320	-16	15584	-19.520	-0.976	950.624	-1472	
6820466	-320	0	15584	-19.520	0.000	950.624	-1488	
6860276	-352	-32	15552	-21.472	-1.952	948.672	-1440	
6900085	-304	-48	15584	-18.544	-2.928	950.624	-1440	
6939894	-320	0	15584	-19.520	0.000	950.624	-1472	
6979702	-320	32	15504	-19.520	1.952	945.744	-1456	
7019511	-320	-32	15600	-19.520	-1.952	951.600	-1472	
7059321	-352	-16	15616	-21.472	-0.976	952.576	-1456	
7099130	-336	-80	15584	-20.496	-4.880	950.624	-1456	
7138940	-304	32	15568	-18.544	1.952	949.648	-1472	
7178749	-304	0	15584	-18.544	0.000	950.624	-1504	
7218557	-208	-112	15312	-12.688	-6.832	934.032	-1504	
7258366	-336	16	15552	-20.496	0.976	948.672	-1456	
7298175	-272	-80	15472	-16.592	-4.880	943.792	-1488	
7337986	-320	-48	15520	-19.520	-2.928	946.720	-1456	
7377795	-352	-64	15584	-21.472	-3.904	950.624	-1440	
7417606	-336	-16	15568	-20.496	-0.976	949.648	-1440	
7457416	-320	0	15552	-19.520	0.000	948.672	-1456	
7497226	-144	-64	15520	-8.784	-3.904	946.720	-1472	
7537036	-272	-64	15552	-16.592	-3.904	948.672	-1488	
7576845	-272	-16	15520	-16.592	-0.976	946.720	-1456	
7616653	-304	48	15536	-18.544	2.928	947.696	-1488	
7656463	-320	0	15568	-19.520	0.000	949.648	-1456	
7696274	-288	-80	15584	-17.568	-4.880	950.624	-1488	
7736082	-288	-32	15552	-17.568	-1.952	948.672	-1488	
7775890	-336	-48	15536	-20.496	-2.928	947.696	-1424	
7815700	-352	-32	15600	-21.472	-1.952	951.600	-1472	
7855509	-320	0	15584	-19.520	0.000	950.624	-1472	
7895319	-320	0	15600	-19.520	0.000	951.600	-1456	
7935127	-272	-32	15536	-16.592	-1.952	947.696	-1504	
7974938	-304	-64	15568	-18.544	-3.904	949.648	-1504	
8014749	-288	-16	15520	-17.568	-0.976	946.720	-1520	
8054561	-304	0	15552	-18.544	0.000	948.672	-1456	
8094373	-304	-80	15520	-18.544	-4.880	946.720	-1456	
8134184	-304	-32	15600	-18.544	-1.952	951.600	-1440	
8173992	-352	-16	15520	-21.472	-0.976	946.720	-1440	
8213799	-368	-48	15552	-22.448	-2.928	948.672	-1488	
8253607	-288	-48	15584	-17.568	-2.928	950.624	-1472	
8293417	-304	-16	15552	-18.544	-0.976	948.672	-1440	
8333226	-352	0	15568	-21.472	0.000	949.648	-1456	
8373037	-272	-64	15536	-16.592	-3.904	947.696	-1456	
8412848	-304	-48	15552	-18.544	-2.928	948.672	-1472	
8452659	-336	16	15584	-20.496	0.976	950.624	-1472	
8492469	-384	0	15536	-23.424	0.000	947.696	-1488	
8532278	-272	-32	15536	-16.592	-1.952	947.696	-1456	
8572088	-304	-32	15584	-18.544	-1.952	950.624	-1456	
8611900	-304	-32	15568	-18.544	-1.952	949.648	-1520	
8651710	-336	-32	15552	-20.496	-1.952	948.672	-1488	
8691519	-304	0	15536	-18.544	0.000	947.696	-1488	
8731331	-272	-16	15568	-16.592	-0.976	949.648	-1552	
8771142	-352	-64	15584	-21.472	-3.904	950.624	-1488	
8810951	-288	-16	15552	-17.568	-0.976	948.672	-1456	
8850760	-384	-32	15552	-23.424	-1.952	948.672	-1440	
8890572	-304	-32	15536	-18.544	-1.952	947.696	-1472	
8930384	-400	-16	15584	-24.400	-0.976	950.624	-1456	
8970199	-320	-32	15584	-19.520	-1.952	950.624	-1440	
9010010	-272	-32	15584	-16.592	-1.952	950.624	-1488	
9049822	-336	-32	15552	-20.496	-1.952	948.672	-1472	
9089634	-320	-32	15584	-19.520	-1.952	950.624	-1456	
9129443	-320	-16	15616	-19.520	-0.976	952.576	-1472	
9169255	-304	-48	15600	-18.544	-2.928	951.600	-1456	
9209069	-320	0	15552	-19.520	0.000	948.672	-1488	
9248880	-304	-16	15568	-18.544	-0.976	949.648	-1440	
9288694	-304	16	15568	-18.544	0.976	949.648	-1440	
9328505	-288	-64	15520	-17.568	-3.904	946.720	-1472	
9368316	-336	-64	15584	-20.496	-3.904	950.624	-1488	
9408125	-336	16	15600	-20.496	0.976	951.600	-1472	
9447935	-320	-16	15568	-19.520	-0.976	949.648	-1456	
9487745	-256	-96	15520	-15.616	-5.856	946.720	-1520	
9527555	-304	-48	15568	-18.544	-2.928	949.648	-1488	
9567363	-336	-16	15600	-20.496	-0.976	951.600	-1488	
9607173	-336	48	15568	-20.496	2.928	949.648	-1472	
9646985	-272	-32	15568	-16.592	-1.952	949.648	-1456	
9686795	-304	-80	15600	-18.544	-4.880	951.600	-1456	
9726603	-352	-48	15472	-21.472	-2.928	943.792	-1472	
9766414	-320	16	15552	-19.520	0.976	948.672	-1456	
9806225	-336	-16	15536	-20.496	-0.976	947.696	-1456	
9846036	-288	-16	15552	-17.568	-0.976	948.672	-1408	
9885845	-288	-48	15568	-17.568	-2.928	949.648	-1472	
9925652	-336	-16	15584	-20.496	-0.976	950.624	-1440	
9965461	-320	0	15552	-19.520	0.000	948.672	-1472	
10005271	-320	-48	15584	-19.520	-2.928	950.624	-1472	
10045082	-304	0	15600	-18.544	0.000	951.600	-1424	
10084891	-336	-48	15584	-20.496	-2.928	950.624	-1424	
10124701	-352	16	15584	-21.472	0.976	950.624	-1408	
10164512	-288	16	15552	-17.568	0.976	948.672	-1456	
10204322	-336	-48	15584	-20.496	-2.928	950.624	-1488	
10244130	-320	-32	15600	-19.520	-1.952	951.600	-1440	
10283939	-336	-48	15552	-20.496	-2.928	948.672	-1488	
10323749	-320	16	15568	-19.520	0.976	949.648	-1456	
10363559	-288	0	15520	-17.568	0.000	946.720	-1472	
10403367	-320	-16	15536	-19.520	-0.976	947.696	-1472	
10443176	-304	-48	15568	-18.544	-2.928	949.648	-1488	
10482986	-368	-80	15568	-22.448	-4.880	949.648	-1488	
10522798	-304	-64	15440	-18.544	-3.904	941.840	-1424	
10562606	-144	-64	15520	-8.784	-3.904	946.720	-1504	
10602418	-336	32	15584	-20.496	1.952	950.624	-1488	
10642230	-400	-32	15584	-24.400	-1.952	950.624	-1472	
10682041	-320	-48	15632	-19.520	-2.928	953.552	-1488	
10721851	-320	-80	15536	-19.520	-4.880	947.696	-1456	
10761663	-336	32	15584	-20.496	1.952	950.624	-1456	
10801472	-336	32	15584	-20.496	1.952	950.624	-1456	
10841283	-288	-48	15568	-17.568	-2.928	949.648	-1456	
10881094	-288	-64	15536	-17.568	-3.904	947.696	-1472	
10920905	-320	-16	15536	-19.520	-0.976	947.696	-1472	
10960716	-352	16	15552	-21.472	0.976	948.672	-1456	
11000530	-320	16	15584	-19.520	0.976	950.624	-1424	
11040341	-352	-32	15536	-21.472	-1.952	947.696	-1408	
11080150	-304	-64	15584	-18.544	-3.904	950.624	-1440	
11119961	-256	16	15552	-15.616	0.976	948.672	-1504	
11159771	-336	0	15584	-20.496	0.000	950.624	-1456	
11199580	-336	0	15584	-20.496	0.000	950.624	-1488	
11239395	-304	-80	15584	-18.544	-4.880	950.624	-1456	
11279204	-304	-16	15552	-18.544	-0.976	948.672	-1456	
11319014	-304	-32	15552	-18.544	-1.952	948.672	-1456	
11358825	-272	-64	15552	-16.592	-3.904	948.672	-1456	
11398635	-336	-48	15552	-20.496	-2.928	948.672	-1456	
11438444	-304	-32	15552	-18.544	-1.952	948.672	-1440	
11478256	-384	-32	15648	-23.424	-1.952	954.528	-1488	
11518070	-256	-32	15600	-15.616	-1.952	951.600	-1440	
11557879	-304	0	15568	-18.544	0.000	949.648	-1456	
11597690	-320	0	15568	-19.520	0.000	949.648	-1472	
11637502	-352	-32	15520	-21.472	-1.952	946.720	-1456	
11677313	-352	0	15616	-21.472	0.000	952.576	-1472	
11717125	-352	-16	15616	-21.472	-0.976	952.576	-1472	
11756936	-320	32	15584	-19.520	1.952	950.624	-1440	
11796746	-304	-64	15456	-18.544	-3.904	942.816	-1472	
11836557	-336	-16	15488	-20.496	-0.976	944.768	-1472	
11876368	-272	-32	15568	-16.592	-1.952	949.648	-1488	
11916178	-288	-16	15584	-17.568	-0.976	950.624	-1440	
11955988	-320	16	15584	-19.520	0.976	950.624	-1440	
11995796	-352	-48	15568	-21.472	-2.928	949.648	-1456	
12035606	-288	-32	15600	-17.568	-1.952	951.600	-1472	
12075416	-304	-16	15600	-18.544	-0.976	951.600	-1520	
12115226	-304	-48	15600	-18.544	-2.928	951.600	-1472	
12155038	-304	-32	15552	-18.544	-1.952	948.672	-1504	
12194849	-320	-48	15584	-19.520	-2.928	950.624	-1472	
12234662	-368	-64	15552	-22.448	-3.904	948.672	-1456	
12274476	-368	-16	15552	-22.448	-0.976	948.672	-1440	
12314289	-320	-32	15536	-19.520	-1.952	947.696	-1456	
12354100	-304	-16	15584	-18.544	-0.976	950.624	-1456	
12393908	-320	-48	15504	-19.520	-2.928	945.744	-1472	
12433718	-336	-96	15584	-20.496	-5.856	950.624	-1440	
12473529	-336	0	15552	-20.496	0.000	948.672	-1472	
12513342	-336	0	15584	-20.496	0.000	950.624	-1456	
12553155	-320	-48	15552	-19.520	-2.928	948.672	-1472	
12592964	-304	-32	15552	-18.544	-1.952	948.672	-1456	
12632775	-256	-16	15520	-15.616	-0.976	946.720	-1488	
12672588	-320	-32	15520	-19.520	-1.952	946.720	-1424	
12712398	-304	0	15536	-18.544	0.000	947.696	-1456	
12752208	-288	-32	15600	-17.568	-1.952	951.600	-1456	
12792022	-336	16	15600	-20.496	0.976	951.600	-1456	
12831833	-320	-48	15552	-19.520	-2.928	948.672	-1440	
12871643	-336	-48	15536	-20.496	-2.928	947.696	-1456	
12911456	-304	-16	15552	-18.544	-0.976	948.672	-1472	
12951268	-352	0	15536	-21.472	0.000	947.696	-1504	
12991080	-336	-96	15600	-20.496	-5.856	951.600	-1488	
13030891	-288	-16	15552	-17.568	-0.976	948.672	-1472	
13070704	-320	-16	15488	-19.520	-0.976	944.768	-1504	
13110514	-336	-32	15520	-20.496	-1.952	946.720	-1504	
13150327	-352	-32	15568	-21.472	-1.952	949.648	-1488	
13190139	-304	-48	15584	-18.544	-2.928	950.624	-1456	
13229950	-320	-16	15584	-19.520	-0.976	950.624	-1472	
13269759	-304	-48	15536	-18.544	-2.928	947.696	-1456	
13309570	-336	16	15584	-20.496	0.976	950.624	-1440	
13349381	-352	0	15568	-21.472	0.000	949.648	-1424	
13389189	-352	-48	15584	-21.472	-2.928	950.624	-1456	
13428998	-304	-32	15584	-18.544	-1.952	950.624	-1488	
13468808	-304	-16	15552	-18.544	-0.976	948.672	-1472	
13508618	-368	0	15584	-22.448	0.000	950.624	-1472	
13548428	-288	-16	15584	-17.568	-0.976	950.624	-1440	
13588240	-304	-16	15568	-18.544	-0.976	949.648	-1504	
13628051	-272	-16	15584	-16.592	-0.976	950.624	-1440	
13667863	-288	-64	15536	-17.568	-3.904	947.696	-1472	
13707672	-288	0	15568	-17.568	0.000	949.648	-1472	
13747483	-320	-48	15552	-19.520	-2.928	948.672	-1488	
13787294	-304	-16	15536	-18.544	-0.976	947.696	-1488	
13827106	-304	-16	15600	-18.544	-0.976	951.600	-1488	
13866917	-304	-48	15568	-18.544	-2.928	949.648	-1488	
13906729	-336	0	15520	-20.496	0.000	946.720	-1456	
13946539	-304	-80	15568	-18.544	-4.880	949.648	-1440	
13986349	-320	-48	15584	-19.520	-2.928	950.624	-1456	
14026160	-336	-48	15552	-20.496	-2.928	948.672	-1440	
14065971	-320	-48	15568	-19.520	-2.928	949.648	-1456	
14105783	-304	-64	15536	-18.544	-3.904	947.696	-1440	
14145595	-368	-16	15600	-22.448	-0.976	951.600	-1472	
14185407	-336	0	15584	-20.496	0.000	950.624	-1456	
14225219	-288	-48	15584	-17.568	-2.928	950.624	-1440	
14265032	-336	-16	15552	-20.496	-0.976	948.672	-1504	
14304843	-320	0	15584	-19.520	0.000	950.624	-1456	
14344658	-304	48	15584	-18.544	2.928	950.624	-1456	
14384471	-368	0	15568	-22.448	0.000	949.648	-1456	
14424282	-304	16	15584	-18.544	0.976	950.624	-1440	
14464094	-304	-16	15536	-18.544	-0.976	947.696	-1504	
14503906	-288	-16	15536	-17.568	-0.976	947.696	-1408	
14543719	-352	-64	15552	-21.472	-3.904	948.672	-1472	
14583530	-336	-48	15568	-20.496	-2.928	949.648	-1488	
14623346	-288	-48	15616	-17.568	-2.928	952.576	-1456	
14663157	-320	-32	15568	-19.520	-1.952	949.648	-1488	
14702970	-320	-48	15616	-19.520	-2.928	952.576	-1520	
14742782	-304	-32	15632	-18.544	-1.952	953.552	-1488	
14782594	-304	0	15536	-18.544	0.000	947.696	-1520	
14822404	-320	-16	15568	-19.520	-0.976	949.648	-1472	
14862219	-304	-32	15584	-18.544	-1.952	950.624	-1440	
14902033	-320	48	15584	-19.520	2.928	950.624	-1456	
14941846	-336	0	15568	-20.496	0.000	949.648	-1488	
14981660	-320	-32	15584	-19.520	-1.952	950.624	-1456	
15021473	-304	-32	15584	-18.544	-1.952	950.624	-1472	
15061285	-288	0	15552	-17.568	0.000	948.672	-1488	
15101096	-256	0	15520	-15.616	0.000	946.720	-1456	
15140907	-288	-32	15520	-17.568	-1.952	946.720	-1456	
15180718	-304	-16	15552	-18.544	-0.976	948.672	-1488	
15220530	-336	-48	15552	-20.496	-2.928	948.672	-1504	
15260340	-352	0	15568	-21.472	0.000	949.648	-1488	
15300151	-352	-32	15584	-21.472	-1.952	950.624	-1472	
15339963	-304	0	15552	-18.544	0.000	948.672	-1504	
15379775	-304	-16	15552	-18.544	-0.976	948.672	-1424	
15419587	-304	-64	15536	-18.544	-3.904	947.696	-1472	
15459399	-288	-16	15584	-17.568	-0.976	950.624	-1488	
15499208	-288	-32	15616	-17.568	-1.952	952.576	-1472	
15539017	-288	-48	15600	-17.568	-2.928	951.600	-1488	
15578824	-336	-32	15552	-20.496	-1.952	948.672	-1520	
15618633	-272	-32	15584	-16.592	-1.952	950.624	-1520	
15658444	-320	-32	15552	-19.520	-1.952	948.672	-1456	
15698255	-320	-16	15584	-19.520	-0.976	950.624	-1504	
15738066	-320	16	15584	-19.520	0.976	950.624	-1456	
15777877	-288	-32	15568	-17.568	-1.952	949.648	-1472	
15817692	-304	-64	15584	-18.544	-3.904	950.624	-1456	
15857502	-320	-16	15568	-19.520	-0.976	949.648	-1488	
15897315	-368	-48	15568	-22.448	-2.928	949.648	-1472	
15937126	-304	16	15536	-18.544	0.976	947.696	-1472	
15976937	-304	-64	15552	-18.544	-3.904	948.672	-1472	
16016748	-352	32	15536	-21.472	1.952	947.696	-1504	
16056556	-320	-32	15584	-19.520	-1.952	950.624	-1472	
16096364	-320	-16	15552	-19.520	-0.976	948.672	-1504	
16136173	-288	-32	15600	-17.568	-1.952	951.600	-1472	
16175982	-288	-48	15584	-17.568	-2.928	950.624	-1456	
16215791	-304	0	15584	-18.544	0.000	950.624	-1472	
16255600	-304	-16	15552	-18.544	-0.976	948.672	-1488	
16295410	-320	-48	15584	-19.520	-2.928	950.624	-1456	
16335221	-288	-64	15584	-17.568	-3.904	950.624	-1472	
16375027	-320	-48	15552	-19.520	-2.928	948.672	-1504	
16414835	-320	-16	15584	-19.520	-0.976	950.624	-1472	
16454645	-304	-32	15584	-18.544	-1.952	950.624	-1488	
16494458	-336	-64	15536	-20.496	-3.904	947.696	-1536	
16534266	-320	-16	15552	-19.520	-0.976	948.672	-1520	
16574073	-320	-16	15552	-19.520	-0.976	948.672	-1472	
16613883	-288	-64	15552	-17.568	-3.904	948.672	-1488	
16653692	-336	-16	15552	-20.496	-0.976	948.672	-1472	
16693502	-336	-16	15584	-20.496	-0.976	950.624	-1472	
16733316	-272	-32	15552	-16.592	-1.952	948.672	-1456	
16773124	-288	0	15552	-17.568	0.000	948.672	-1472	
16812931	-320	-64	15584	-19.520	-3.904	950.624	-1504	
16852740	-368	16	15552	-22.448	0.976	948.672	-1488	
16892551	-304	0	15520	-18.544	0.000	946.720	-1472	
16932361	-352	0	15584	-21.472	0.000	950.624	-1456	
16972169	-352	-16	15568	-21.472	-0.976	949.648	-1472	
17011979	-336	-48	15552	-20.496	-2.928	948.672	-1488	
17051788	-320	-16	15520	-19.520	-0.976	946.720	-1504	
17091598	-320	-16	15568	-19.520	-0.976	949.648	-1456	
17131408	-304	-16	15568	-18.544	-0.976	949.648	-1472	
17171219	-352	-48	15584	-21.472	-2.928	950.624	-1472	
17211032	-320	0	15584	-19.520	0.000	950.624	-1424	
17250845	-320	-64	15568	-19.520	-3.904	949.648	-1504	
17290654	-336	-48	15552	-20.496	-2.928	948.672	-1472	
17330463	-304	-80	15536	-18.544	-4.880	947.696	-1488	
17370275	-336	-32	15584	-20.496	-1.952	950.624	-1520	
17410084	-320	-32	15616	-19.520	-1.952	952.576	-1536	
17449893	-320	-32	15536	-19.520	-1.952	947.696	-1568	
17489702	-320	-32	15536	-19.520	-1.952	947.696	-1504	
17529512	-336	-32	15568	-20.496	-1.952	949.648	-1520	
17569320	-304	-32	15536	-18.544	-1.952	947.696	-1472	
17609131	-336	-48	15552	-20.496	-2.928	948.672	-1504	
17648939	-304	-32	15584	-18.544	-1.952	950.624	-1488	
17688748	-304	-64	15536	-18.544	-3.904	947.696	-1472	
17728561	-288	-32	15552	-17.568	-1.952	948.672	-1456	
17768372	-304	32	15536	-18.544	1.952	947.696	-1472	
17808180	-288	-32	15504	-17.568	-1.952	945.744	-1520	
17847989	-320	-64	15568	-19.520	-3.904	949.648	-1504	
17887801	-336	-32	15552	-20.496	-1.952	948.672	-1472	
17927614	-320	0	15584	-19.520	0.000	950.624	-1472	
17967422	-304	-48	15568	-18.544	-2.928	949.648	-1504	
18007233	-288	-16	15584	-17.568	-0.976	950.624	-1520	
18047043	-304	-48	15552	-18.544	-2.928	948.672	-1440	
18086851	-336	-16	15536	-20.496	-0.976	947.696	-1456	
18126663	-272	-64	15552	-16.592	-3.904	948.672	-1488	
18166473	-336	16	15600	-20.496	0.976	951.600	-1504	
18206280	-320	-32	15600	-19.520	-1.952	951.600	-1488	
18246092	-320	-48	15568	-19.520	-2.928	949.648	-1552	
18285903	-320	-16	15600	-19.520	-0.976	951.600	-1520	
18325715	-304	16	15584	-18.544	0.976	950.624	-1488	
18365524	-304	16	15488	-18.544	0.976	944.768	-1456	
18405333	-336	-16	15584	-20.496	-0.976	950.624	-1488	
18445146	-352	-32	15552	-21.472	-1.952	948.672	-1504	
18484957	-304	-64	15552	-18.544	-3.904	948.672	-1472	
18524767	-288	-32	15536	-17.568	-1.952	947.696	-1456	
18564579	-368	-16	15584	-22.448	-0.976	950.624	-1472	
18604391	-320	-48	15520	-19.520	-2.928	946.720	-1472	
18644202	-272	-16	15552	-16.592	-0.976	948.672	-1488	
18684013	-304	-32	15584	-18.544	-1.952	950.624	-1472	
18723823	-256	-48	15552	-15.616	-2.928	948.672	-1488	
18763637	-304	-16	15584	-18.544	-0.976	950.624	-1456	
18803448	-352	-16	15568	-21.472	-0.976	949.648	-1472	
18843261	-368	-32	15552	-22.448	-1.952	948.672	-1504	
18883073	-336	-32	15536	-20.496	-1.952	947.696	-1488	
18922886	-304	-32	15584	-18.544	-1.952	950.624	-1488	
18962697	-304	-32	15584	-18.544	-1.952	950.624	-1488	
19002508	-352	0	15584	-21.472	0.000	950.624	-1456	
19042320	-336	-32	15552	-20.496	-1.952	948.672	-1488	
19082131	-288	-64	15584	-17.568	-3.904	950.624	-1504	
19121941	-320	-16	15616	-19.520	-0.976	952.576	-1520	
19161754	-336	-16	15536	-20.496	-0.976	947.696	-1488	
19201564	-272	-16	15536	-16.592	-0.976	947.696	-1472	
19241376	-336	32	15584	-20.496	1.952	950.624	-1504	
19281186	-304	-48	15520	-18.544	-2.928	946.720	-1504	
19320997	-288	-32	15536	-17.568	-1.952	947.696	-1472	
19360807	-304	0	15552	-18.544	0.000	948.672	-1488	
19400617	-320	16	15584	-19.520	0.976	950.624	-1440	
19440431	-320	16	15552	-19.520	0.976	948.672	-1488	
19480243	-304	-16	15552	-18.544	-0.976	948.672	-1472	
19520053	-320	-48	15584	-19.520	-2.928	950.624	-1456	
19559864	-336	-48	15584	-20.496	-2.928	950.624	-1504	
19599675	-352	-16	15552	-21.472	-0.976	948.672	-1504	
19639488	-288	16	15552	-17.568	0.976	948.672	-1488	
19679301	-272	-48	15568	-16.592	-2.928	949.648	-1472	
19719112	-320	0	15584	-19.520	0.000	950.624	-1488	
19758924	-336	16	15552	-20.496	0.976	948.672	-1472	
19798738	-336	0	15536	-20.496	0.000	947.696	-1504	
19838549	-288	0	15568	-17.568	0.000	949.648	-1488	
19878361	-368	-16	15584	-22.448	-0.976	950.624	-1520	
19918173	-304	-48	15584	-18.544	-2.928	950.624	-1536	
19957985	-304	-48	15520	-18.544	-2.928	946.720	-1520	
19997799	-320	-16	15584	-19.520	-0.976	950.624	-1520	
20037610	-336	-16	15552	-20.496	-0.976	948.672	-1504	
20077423	-352	-32	15584	-21.472	-1.952	950.624	-1536	
20117232	-304	-64	15584	-18.544	-3.904	950.624	-1456	
20157042	-320	-48	15584	-19.520	-2.928	950.624	-1456	
20196854	-320	-16	15584	-19.520	-0.976	950.624	-1488	
20236665	-288	-16	15584	-17.568	-0.976	950.624	-1488	
20276477	-288	-16	15552	-17.568	-0.976	948.672	-1456	
20316285	-304	-16	15632	-18.544	-0.976	953.552	-1472	
20356095	-336	-48	15584	-20.496	-2.928	950.624	-1472	
20395904	-336	-16	15552	-20.496	-0.976	948.672	-1488	
20435713	-352	-16	15536	-21.472	-0.976	947.696	-1488	
20475524	-336	-16	15552	-20.496	-0.976	948.672	-1488	
20515333	-304	-32	15552	-18.544	-1.952	948.672	-1488	
20555146	-288	0	15616	-17.568	0.000	952.576	-1472	
20594955	-304	-32	15552	-18.544	-1.952	948.672	-1472	
20634763	-288	-16	15552	-17.568	-0.976	948.672	-1456	
20674573	-304	16	15536	-18.544	0.976	947.696	-1504	
20714383	-320	16	15616	-19.520	0.976	952.576	-1472	
20754191	-288	-32	15584	-17.568	-1.952	950.624	-1472	
20794002	-320	-16	15584	-19.520	-0.976	950.624	-1536	
20833811	-288	32	15600	-17.568	1.952	951.600	-1536	
20873624	-320	-48	15584	-19.520	-2.928	950.624	-1488	
20913436	-288	16	15568	-17.568	0.976	949.648	-1456	
20953249	-288	-16	15520	-17.568	-0.976	946.720	-1472	
20993061	-336	-32	15536	-20.496	-1.952	947.696	-1488	
21032874	-304	-64	15584	-18.544	-3.904	950.624	-1472	
21072683	-304	0	15568	-18.544	0.000	949.648	-1504	
21112491	-352	32	15568	-21.472	1.952	949.648	-1488	
21152301	-272	-48	15568	-16.592	-2.928	949.648	-1456	
21192114	-272	-48	15584	-16.592	-2.928	950.624	-1488	
21231928	-352	-16	15584	-21.472	-0.976	950.624	-1488	
21271740	-304	-16	15584	-18.544	-0.976	950.624	-1456	
21311553	-320	-16	15552	-19.520	-0.976	948.672	-1488	
21351365	-320	-32	15568	-19.520	-1.952	949.648	-1472	
21391174	-336	-32	15552	-20.496	-1.952	948.672	-1456	
21430983	-320	-32	15568	-19.520	-1.952	949.648	-1472	
21470792	-256	-16	15584	-15.616	-0.976	950.624	-1472	
21510602	-368	0	15568	-22.448	0.000	949.648	-1472	
21550411	-336	0	15584	-20.496	0.000	950.624	-1488	
21590218	-288	-48	15584	-17.568	-2.928	950.624	-1504	
21630028	-336	-32	15616	-20.496	-1.952	952.576	-1504	
21669838	-320	-32	15584	-19.520	-1.952	950.624	-1504	
21709647	-352	-64	15520	-21.472	-3.904	946.720	-1520	
21749456	-336	-16	15600	-20.496	-0.976	951.600	-1520	
21789266	-368	16	15584	-22.448	0.976	950.624	-1488	
21829078	-304	-64	15552	-18.544	-3.904	948.672	-1488	
21868886	-320	-16	15568	-19.520	-0.976	949.648	-1472	
21908695	-336	16	15536	-20.496	0.976	947.696	-1504	
21948506	-304	-32	15600	-18.544	-1.952	951.600	-1488	
21988316	-352	-16	15520	-21.472	-0.976	946.720	-1504	
22028124	-320	0	15584	-19.520	0.000	950.624	-1456	
22067933	-288	0	15552	-17.568	0.000	948.672	-1440	
22107744	-320	-32	15536	-19.520	-1.952	947.696	-1472	
22147555	-336	-32	15584	-20.496	-1.952	950.624	-1472	
22187367	-336	-16	15600	-20.496	-0.976	951.600	-1472	
22227177	-320	-48	15584	-19.520	-2.928	950.624	-1472	
22266989	-336	-64	15600	-20.496	-3.904	951.600	-1440	
22306801	-304	-48	15584	-18.544	-2.928	950.624	-1504	
22346613	-320	-48	15584	-19.520	-2.928	950.624	-1424	
22386424	-288	-80	15600	-17.568	-4.880	951.600	-1472	
22426235	-384	0	15552	-23.424	0.000	948.672	-1488	
22466045	-304	48	15568	-18.544	2.928	949.648	-1504	
22505853	-320	0	15536	-19.520	0.000	947.696	-1504	
22545663	-336	32	15584	-20.496	1.952	950.624	-1552	
22585474	-368	-32	15568	-22.448	-1.952	949.648	-1536	
22625283	-336	-48	15536	-20.496	-2.928	947.696	-1472	
22665093	-320	-16	15600	-19.520	-0.976	951.600	-1456	
22704903	-288	-48	15536	-17.568	-2.928	947.696	-1520	
22744713	-320	-16	15552	-19.520	-0.976	948.672	-1472	
22784520	-288	0	15584	-17.568	0.000	950.624	-1488	
22824328	-288	-80	15552	-17.568	-4.880	948.672	-1456	
22864139	-352	-16	15584	-21.472	-0.976	950.624	-1456	
22903945	-320	0	15536	-19.520	0.000	947.696	-1488	
22943755	-320	0	15520	-19.520	0.000	946.720	-1488	
22983564	-336	0	15552	-20.496	0.000	948.672	-1488	
23023374	-352	0	15552	-21.472	0.000	948.672	-1456	
23063182	-336	0	15600	-20.496	0.000	951.600	-1440	
23102998	-352	-16	15600	-21.472	-0.976	951.600	-1472	
23142812	-304	-16	15584	-18.544	-0.976	950.624	-1408	
23182623	-336	-32	15584	-20.496	-1.952	950.624	-1472	
23222432	-320	-32	15584	-19.520	-1.952	950.624	-1488	
23262242	-336	0	15552	-20.496	0.000	948.672	-1488	
23302054	-304	-32	15536	-18.544	-1.952	947.696	-1520	
23341864	-288	-16	15552	-17.568	-0.976	948.672	-1504	
23381675	-304	0	15584	-18.544	0.000	950.624	-1536	
23421483	-320	-16	15552	-19.520	-0.976	948.672	-1472	
23461293	-288	0	15552	-17.568	0.000	948.672	-1520	
23501100	-304	-16	15584	-18.544	-0.976	950.624	-1504	
23540910	-336	16	15568	-20.496	0.976	949.648	-1504	
23580724	-320	-32	15520	-19.520	-1.952	946.720	-1520	
23620535	-304	-32	15568	-18.544	-1.952	949.648	-1504	
23660342	-304	-64	15584	-18.544	-3.904	950.624	-1472	
23700149	-320	-32	15584	-19.520	-1.952	950.624	-1488	
23739960	-272	-32	15584	-16.592	-1.952	950.624	-1472	
23779770	-320	-64	15552	-19.520	-3.904	948.672	-1456	
23819581	-336	0	15616	-20.496	0.000	952.576	-1488	
23859391	-352	-32	15552	-21.472	-1.952	948.672	-1488	
23899201	-336	-16	15616	-20.496	-0.976	952.576	-1520	
23939009	-384	0	15584	-23.424	0.000	950.624	-1440	
23978820	-320	16	15552	-19.520	0.976	948.672	-1472	
24018632	-336	-48	15584	-20.496	-2.928	950.624	-1504	
24058441	-352	-16	15584	-21.472	-0.976	950.624	-1488	
24098251	-304	16	15520	-18.544	0.976	946.720	-1472	
24138061	-288	16	15600	-17.568	0.976	951.600	-1552	
24177870	-352	-32	15584	-21.472	-1.952	950.624	-1520	
24217679	-368	-16	15504	-22.448	-0.976	945.744	-1520	
24257491	-304	16	15568	-18.544	0.976	949.648	-1488	
24297298	-304	-16	15568	-18.544	-0.976	949.648	-1504	
24337108	-352	16	15584	-21.472	0.976	950.624	-1488	
24376917	-288	-16	15552	-17.568	-0.976	948.672	-1456	
24416727	-304	-32	15584	-18.544	-1.952	950.624	-1456	
24456538	-288	-64	15584	-17.568	-3.904	950.624	-1472	
24496349	-160	-32	15392	-9.760	-1.952	938.912	-1488	
24536160	-272	16	15648	-16.592	0.976	954.528	-1472	
24575969	-352	-32	15632	-21.472	-1.952	953.552	-1488	
24615779	-304	0	15584	-18.544	0.000	950.624	-1488	
24655591	-304	16	15568	-18.544	0.976	949.648	-1488	
24695398	-352	-32	15520	-21.472	-1.952	946.720	-1472	
24735207	-368	-32	15584	-22.448	-1.952	950.624	-1488	
24775017	-336	-64	15616	-20.496	-3.904	952.576	-1472	
24814830	-336	-64	15584	-20.496	-3.904	950.624	-1472	
24854641	-304	-48	15600	-18.544	-2.928	951.600	-1472	
24894456	-288	0	15520	-17.568	0.000	946.720	-1488	
24934269	-336	-32	15584	-20.496	-1.952	950.624	-1488	
24974080	-320	-16	15552	-19.520	-0.976	948.672	-1520	
25013891	-304	-16	15600	-18.544	-0.976	951.600	-1504	
25053700	-304	0	15552	-18.544	0.000	948.672	-1488	
25093509	-320	0	15552	-19.520	0.000	948.672	-1504	
25133322	-368	0	15584	-22.448	0.000	950.624	-1504	
25173132	-320	0	15552	-19.520	0.000	948.672	-1456	
25212943	-320	-48	15584	-19.520	-2.928	950.624	-1504	
25252752	-256	-64	15584	-15.616	-3.904	950.624	-1488	
25292563	-400	0	15536	-24.400	0.000	947.696	-1472	
25332371	-272	-32	15520	-16.592	-1.952	946.720	-1488	
25372181	-304	-64	15616	-18.544	-3.904	952.576	-1504	
25411994	-304	-32	15600	-18.544	-1.952	951.600	-1472	
25451807	-272	-16	15536	-16.592	-0.976	947.696	-1488	
25491616	-288	-32	15584	-17.568	-1.952	950.624	-1472	
25531426	-320	-48	15536	-19.520	-2.928	947.696	-1472	
25571235	-352	0	15536	-21.472	0.000	947.696	-1504	
25611045	-320	-48	15568	-19.520	-2.928	949.648	-1504	
25650854	-304	-32	15552	-18.544	-1.952	948.672	-1440	
25690663	-352	-32	15520	-21.472	-1.952	946.720	-1488	
25730471	-320	-48	15552	-19.520	-2.928	948.672	-1472	
25770284	-288	0	15520	-17.568	0.000	946.720	-1488	
25810094	-352	-32	15568	-21.472	-1.952	949.648	-1536	
25849906	-320	-32	15552	-19.520	-1.952	948.672	-1536	
25889715	-256	0	15584	-15.616	0.000	950.624	-1504	
25929524	-336	16	15552	-20.496	0.976	948.672	-1504	
25969335	-336	-32	15616	-20.496	-1.952	952.576	-1472	
26009147	-336	-16	15584	-20.496	-0.976	950.624	-1456	
26048957	-336	-48	15536	-20.496	-2.928	947.696	-1456	
26088767	-320	-48	15600	-19.520	-2.928	951.600	-1456	
26128575	-288	-16	15488	-17.568	-0.976	944.768	-1472	
26168383	-336	-48	15568	-20.496	-2.928	949.648	-1488	
26208195	-352	-16	15584	-21.472	-0.976	950.624	-1488	
26248006	-304	-16	15568	-18.544	-0.976	949.648	-1472	
26287817	-288	-80	15552	-17.568	-4.880	948.672	-1472	
26327627	-320	-16	15552	-19.520	-0.976	948.672	-1472	
26367436	-336	16	15568	-20.496	0.976	949.648	-1472	
26407245	-320	16	15568	-19.520	0.976	949.648	-1488	
26447053	-320	-48	15568	-19.520	-2.928	949.648	-1440	
26486862	-288	0	15600	-17.568	0.000	951.600	-1520	
26526673	-320	16	15536	-19.520	0.976	947.696	-1456	
26566485	-304	-48	15568	-18.544	-2.928	949.648	-1520	
26606292	-320	-32	15520	-19.520	-1.952	946.720	-1456	
26646100	-352	-32	15552	-21.472	-1.952	948.672	-1456	
26685908	-320	-48	15600	-19.520	-2.928	951.600	-1520	
26725718	-336	-32	15520	-20.496	-1.952	946.720	-1520	
26765529	-320	-16	15552	-19.520	-0.976	948.672	-1536	
26805340	-320	-16	15552	-19.520	-0.976	948.672	-1472	
26845149	-304	0	15584	-18.544	0.000	950.624	-1488	
26884957	-288	0	15584	-17.568	0.000	950.624	-1472	
26924766	-320	0	15552	-19.520	0.000	948.672	-1456	
26964575	-352	-16	15584	-21.472	-0.976	950.624	-1472	
27004384	-288	-16	15584	-17.568	-0.976	950.624	-1472	
27044194	-368	0	15584	-22.448	0.000	950.624	-1488	
27084003	-320	-64	15552	-19.520	-3.904	948.672	-1472	
27123816	-288	0	15536	-17.568	0.000	947.696	-1456	
27163627	-304	-48	15584	-18.544	-2.928	950.624	-1472	
27203438	-336	-48	15536	-20.496	-2.928	947.696	-1456	
27243247	-336	-32	15584	-20.496	-1.952	950.624	-1504	
27283059	-352	-32	15552	-21.472	-1.952	948.672	-1472	
27322867	-320	-16	15568	-19.520	-0.976	949.648	-1424	
27362672	-272	0	15584	-16.592	0.000	950.624	-1424	
27402481	-336	0	15504	-20.496	0.000	945.744	-1488	
27442290	-352	-16	15536	-21.472	-0.976	947.696	-1504	
27482099	-304	-16	15552	-18.544	-0.976	948.672	-1520	
27521906	-304	-16	15520	-18.544	-0.976	946.720	-1520	
27561715	-320	-16	15536	-19.520	-0.976	947.696	-1520	
27601524	-352	-32	15536	-21.472	-1.952	947.696	-1488	
27641332	-304	-32	15520	-18.544	-1.952	946.720	-1472	
27681141	-336	-32	15536	-20.496	-1.952	947.696	-1472	
27720948	-320	-32	15584	-19.520	-1.952	950.624	-1488	
27760757	-272	-32	15552	-16.592	-1.952	948.672	-1504	
27800567	-288	-80	15552	-17.568	-4.880	948.672	-1456	
27840376	-320	-48	15568	-19.520	-2.928	949.648	-1504	
27880186	-336	32	15584	-20.496	1.952	950.624	-1488	
27919993	-288	-32	15552	-17.568	-1.952	948.672	-1488	
27959800	-304	0	15520	-18.544	0.000	946.720	-1456	
27999607	-288	0	15584	-17.568	0.000	950.624	-1504	
28039415	-272	-32	15536	-16.592	-1.952	947.696	-1488	
28079223	-304	-16	15520	-18.544	-0.976	946.720	-1456	
28119030	-320	16	15536	-19.520	0.976	947.696	-1440	
28158836	-304	16	15568	-18.544	0.976	949.648	-1488	
28198646	-304	-32	15584	-18.544	-1.952	950.624	-1472	
28238453	-368	-16	15584	-22.448	-0.976	950.624	-1472	
28278260	-320	16	15520	-19.520	0.976	946.720	-1504	
28318068	-288	-32	15584	-17.568	-1.952	950.624	-1488	
28357876	-288	0	15552	-17.568	0.000	948.672	-1520	
28397683	-400	-48	15584	-24.400	-2.928	950.624	-1520	
28437492	-336	16	15552	-20.496	0.976	948.672	-1520	
28477301	-336	-16	15520	-20.496	-0.976	946.720	-1488	
28517107	-304	-32	15584	-18.544	-1.952	950.624	-1488	
28556913	-304	-32	15552	-18.544	-1.952	948.672	-1520	
28596721	-320	-64	15552	-19.520	-3.904	948.672	-1488	
28636526	-304	-32	15536	-18.544	-1.952	947.696	-1488	
28676333	-336	-16	15536	-20.496	-0.976	947.696	-1472	
28716142	-336	-16	15584	-20.496	-0.976	950.624	-1472	
28755953	-304	0	15552	-18.544	0.000	948.672	-1472	
28795759	-320	0	15552	-19.520	0.000	948.672	-1472	
28835567	-304	-32	15568	-18.544	-1.952	949.648	-1472	
28875377	-304	-48	15568	-18.544	-2.928	949.648	-1520	
28915185	-336	-64	15536	-20.496	-3.904	947.696	-1472	
28954992	-304	-16	15536	-18.544	-0.976	947.696	-1456	
28994800	-304	-64	15584	-18.544	-3.904	950.624	-1520	
29034607	-288	0	15600	-17.568	0.000	951.600	-1440	
29074418	-336	-16	15520	-20.496	-0.976	946.720	-1488	
29114227	-320	-16	15536	-19.520	-0.976	947.696	-1488	
29154035	-304	-32	15536	-18.544	-1.952	947.696	-1456	
29193844	-400	0	15536	-24.400	0.000	947.696	-1504	
29233651	-272	-32	15568	-16.592	-1.952	949.648	-1552	
29273459	-304	-32	15584	-18.544	-1.952	950.624	-1488	
29313269	-320	-32	15584	-19.520	-1.952	950.624	-1472	
29353078	-320	-16	15584	-19.520	-0.976	950.624	-1472	
29392887	-304	-32	15552	-18.544	-1.952	948.672	-1472	
29432696	-368	-16	15632	-22.448	-0.976	953.552	-1456	
29472504	-288	-16	15600	-17.568	-0.976	951.600	-1472	
29512312	-368	-32	15552	-22.448	-1.952	948.672	-1456	
29552120	-336	-64	15600	-20.496	-3.904	951.600	-1472	
29591928	-352	-32	15584	-21.472	-1.952	950.624	-1456	
29631736	-288	-48	15552	-17.568	-2.928	948.672	-1488	
29671545	-352	-48	15520	-21.472	-2.928	946.720	-1472	
29711354	-336	0	15584	-20.496	0.000	950.624	-1472	
29751165	-336	-32	15584	-20.496	-1.952	950.624	-1456	
29790975	-288	-48	15568	-17.568	-2.928	949.648	-1472	
29830789	-288	-16	15568	-17.568	-0.976	949.648	-1504	
29870599	-320	-16	15584	-19.520	-0.976	950.624	-1488	
29910408	-320	-48	15584	-19.520	-2.928	950.624	-1504	
29950220	-320	16	15584	-19.520	0.976	950.624	-1488	
29990030	-304	-16	15600	-18.544	-0.976	951.600	-1472	
30029841	-320	32	15584	-19.520	1.952	950.624	-1520	
30069651	-288	-32	15536	-17.568	-1.952	947.696	-1520	
30109460	-352	-16	15536	-21.472	-0.976	947.696	-1504	
30149270	-320	-32	15568	-19.520	-1.952	949.648	-1520	
30189082	-320	-64	15536	-19.520	-3.904	947.696	-1520	
30228893	-320	0	15552	-19.520	0.000	948.672	-1488	
30268703	-288	-32	15536	-17.568	-1.952	947.696	-1520	
30308514	-336	-16	15520	-20.496	-0.976	946.720	-1520	
30348326	-336	-32	15552	-20.496	-1.952	948.672	-1488	
30388136	-288	-16	15600	-17.568	-0.976	951.600	-1472	
30427944	-304	-16	15584	-18.544	-0.976	950.624	-1488	
30467754	-272	-32	15600	-16.592	-1.952	951.600	-1504	
30507561	-320	0	15584	-19.520	0.000	950.624	-1488	
30547368	-304	-16	15568	-18.544	-0.976	949.648	-1456	
30587176	-336	-32	15520	-20.496	-1.952	946.720	-1472	
30626985	-352	-16	15600	-21.472	-0.976	951.600	-1488	
30666795	-320	-16	15616	-19.520	-0.976	952.576	-1472	
30706604	-304	16	15536	-18.544	0.976	947.696	-1472	
30746413	-256	-48	15584	-15.616	-2.928	950.624	-1440	
30786220	-320	-64	15600	-19.520	-3.904	951.600	-1536	
30826029	-368	-48	15552	-22.448	-2.928	948.672	-1456	
30865838	-320	-48	15600	-19.520	-2.928	951.600	-1504	
30905647	-256	-16	15584	-15.616	-0.976	950.624	-1456	
30945458	-304	-16	15568	-18.544	-0.976	949.648	-1504	
30985266	-320	-32	15584	-19.520	-1.952	950.624	-1456	
31025075	-304	-16	15600	-18.544	-0.976	951.600	-1552	
31064886	-336	-80	15584	-20.496	-4.880	950.624	-1504	
31104699	-272	-32	15536	-16.592	-1.952	947.696	-1488	
31144508	-288	-32	15568	-17.568	-1.952	949.648	-1472	
31184321	-304	-48	15552	-18.544	-2.928	948.672	-1472	
31224132	-304	-48	15536	-18.544	-2.928	947.696	-1472	
31263941	-304	-16	15552	-18.544	-0.976	948.672	-1488	
31303750	-336	-32	15536	-20.496	-1.952	947.696	-1488	
31343559	-320	32	15536	-19.520	1.952	947.696	-1472	
31383367	-288	0	15600	-17.568	0.000	951.600	-1488	
31423178	-272	16	15552	-16.592	0.976	948.672	-1440	
31462991	-304	-80	15584	-18.544	-4.880	950.624	-1504	
31502801	-320	-32	15600	-19.520	-1.952	951.600	-1504	
31542612	-368	-32	15552	-22.448	-1.952	948.672	-1440	
31582421	-320	0	15536	-19.520	0.000	947.696	-1504	
31622229	-368	0	15584	-22.448	0.000	950.624	-1488	
31662038	-272	16	15584	-16.592	0.976	950.624	-1472	
31701850	-304	-16	15584	-18.544	-0.976	950.624	-1520	
31741659	-320	-16	15536	-19.520	-0.976	947.696	-1504	
31781469	-320	-16	15536	-19.520	-0.976	947.696	-1472	
31821280	-352	-32	15584	-21.472	-1.952	950.624	-1456	
31861092	-336	-48	15536	-20.496	-2.928	947.696	-1520	
31900902	-272	-32	15584	-16.592	-1.952	950.624	-1520	
31940714	-320	-32	15536	-19.520	-1.952	947.696	-1472	
31980524	-336	0	15616	-20.496	0.000	952.576	-1472	
32020336	-336	0	15600	-20.496	0.000	951.600	-1520	
32060145	-368	-16	15552	-22.448	-0.976	948.672	-1504	
32099953	-288	16	15632	-17.568	0.976	953.552	-1472	
32139762	-400	-64	15552	-24.400	-3.904	948.672	-1504	
32179574	-320	-16	15568	-19.520	-0.976	949.648	-1504	
32219384	-336	-16	15568	-20.496	-0.976	949.648	-1504	
32259195	-320	32	15568	-19.520	1.952	949.648	-1504	
32299006	-352	0	15584	-21.472	0.000	950.624	-1504	
32338820	-320	-32	15584	-19.520	-1.952	950.624	-1472	
32378630	-304	-48	15584	-18.544	-2.928	950.624	-1472	
32418439	-368	-32	15536	-22.448	-1.952	947.696	-1424	
32458251	-352	-16	15536	-21.472	-0.976	947.696	-1504	
32498060	-336	0	15536	-20.496	0.000	947.696	-1472	
32537868	-304	0	15584	-18.544	0.000	950.624	-1488	
32577682	-320	-32	15600	-19.520	-1.952	951.600	-1504	
32617490	-320	-16	15600	-19.520	-0.976	951.600	-1504	
32657301	-288	-64	15568	-17.568	-3.904	949.648	-1536	
32697112	-352	0	15552	-21.472	0.000	948.672	-1520	
32736922	-352	0	15584	-21.472	0.000	950.624	-1536	
32776731	-288	-64	15568	-17.568	-3.904	949.648	-1520	
32816542	-304	-16	15584	-18.544	-0.976	950.624	-1520	
32856351	-352	16	15584	-21.472	0.976	950.624	-1488	
32896158	-336	-32	15536	-20.496	-1.952	947.696	-1472	
32935969	-304	-32	15584	-18.544	-1.952	950.624	-1456	
32975779	-336	32	15584	-20.496	1.952	950.624	-1472	
33015587	-352	0	15568	-21.472	0.000	949.648	-1504	
33055397	-288	-64	15584	-17.568	-3.904	950.624	-1520	
33095205	-336	-32	15584	-20.496	-1.952	950.624	-1504	
33135015	-368	-48	15536	-22.448	-2.928	947.696	-1488	
33174826	-336	-32	15536	-20.496	-1.952	947.696	-1488	
33214639	-336	0	15584	-20.496	0.000	950.624	-1552	
33254451	-320	32	15568	-19.520	1.952	949.648	-1504	
33294263	-320	-48	15584	-19.520	-2.928	950.624	-1504	
33334075	-288	-16	15600	-17.568	-0.976	951.600	-1488	
33373887	-288	-16	15536	-17.568	-0.976	947.696	-1520	
33413700	-288	-48	15584	-17.568	-2.928	950.624	-1520	
33453512	-256	-48	15536	-15.616	-2.928	947.696	-1552	
33493324	-336	-16	15536	-20.496	-0.976	947.696	-1520	
33533135	-336	-16	15568	-20.496	-0.976	949.648	-1520	
33572946	-352	-64	15584	-21.472	-3.904	950.624	-1504	
33612759	-288	-48	15584	-17.568	-2.928	950.624	-1520	
33652571	-320	-32	15584	-19.520	-1.952	950.624	-1504	
33692383	-336	0	15536	-20.496	0.000	947.696	-1504	
33732194	-288	-32	15568	-17.568	-1.952	949.648	-1488	
33772005	-336	-16	15600	-20.496	-0.976	951.600	-1472	
33811819	-336	-16	15552	-20.496	-0.976	948.672	-1472	
33851629	-304	-48	15584	-18.544	-2.928	950.624	-1488	
33891441	-320	-32	15568	-19.520	-1.952	949.648	-1488	
33931253	-272	-32	15568	-16.592	-1.952	949.648	-1472	
33971064	-304	-48	15536	-18.544	-2.928	947.696	-1488	
34010876	-288	-32	15584	-17.568	-1.952	950.624	-1504	
34050688	-272	-32	15600	-16.592	-1.952	951.600	-1504	
34090502	-288	-64	15568	-17.568	-3.904	949.648	-1456	
34130313	-336	-32	15584	-20.496	-1.952	950.624	-1488	
34170127	-336	-32	15568	-20.496	-1.952	949.648	-1536	
34209939	-352	16	15584	-21.472	0.976	950.624	-1488	
34249750	-304	16	15552	-18.544	0.976	948.672	-1520	
34289562	-304	0	15600	-18.544	0.000	951.600	-1568	
34329369	-320	0	15568	-19.520	0.000	949.648	-1488	
34369177	-320	-16	15584	-19.520	-0.976	950.624	-1504	
34408986	-272	-16	15584	-16.592	-0.976	950.624	-1504	
34448797	-400	-64	15584	-24.400	-3.904	950.624	-1488	
34488607	-320	-16	15552	-19.520	-0.976	948.672	-1472	
34528418	-320	-32	15536	-19.520	-1.952	947.696	-1488	
34568225	-304	-48	15584	-18.544	-2.928	950.624	-1472	
34608034	-352	16	15568	-21.472	0.976	949.648	-1488	
34647842	-352	-32	15600	-21.472	-1.952	951.600	-1472	
34687652	-336	-48	15584	-20.496	-2.928	950.624	-1488	
34727459	-336	16	15568	-20.496	0.976	949.648	-1488	
34767269	-320	16	15536	-19.520	0.976	947.696	-1504	
34807077	-352	-32	15536	-21.472	-1.952	947.696	-1488	
34846885	-304	-32	15568	-18.544	-1.952	949.648	-1504	
34886694	-336	0	15536	-20.496	0.000	947.696	-1520	
34926502	-352	16	15552	-21.472	0.976	948.672	-1456	
34966309	-352	-48	15552	-21.472	-2.928	948.672	-1472	
35006117	-368	-32	15584	-22.448	-1.952	950.624	-1504	
35045926	-288	-32	15520	-17.568	-1.952	946.720	-1504	
35085738	-336	-64	15552	-20.496	-3.904	948.672	-1520	
35125545	-320	-32	15568	-19.520	-1.952	949.648	-1536	
35165356	-304	-32	15568	-18.544	-1.952	949.648	-1536	
35205167	-288	16	15568	-17.568	0.976	949.648	-1536	
35244976	-320	-16	15632	-19.520	-0.976	953.552	-1456	
35284783	-304	-48	15552	-18.544	-2.928	948.672	-1504	
35324593	-320	16	15584	-19.520	0.976	950.624	-1504	
35364404	-336	-48	15552	-20.496	-2.928	948.672	-1488	
35404213	-352	-32	15552	-21.472	-1.952	948.672	-1520	
35444023	-304	-16	15584	-18.544	-0.976	950.624	-1520	
35483834	-352	-48	15568	-21.472	-2.928	949.648	-1472	
35523645	-320	-48	15584	-19.520	-2.928	950.624	-1488	
35563454	-368	-16	15536	-22.448	-0.976	947.696	-1520	
35603265	-336	-32	15584	-20.496	-1.952	950.624	-1488	
35643074	-320	0	15568	-19.520	0.000	949.648	-1520	
35682883	-336	0	15584	-20.496	0.000	950.624	-1472	
35722693	-304	16	15568	-18.544	0.976	949.648	-1504	
35762501	-256	-32	15520	-15.616	-1.952	946.720	-1440	
35802310	-336	-16	15536	-20.496	-0.976	947.696	-1520	
35842116	-352	-48	15584	-21.472	-2.928	950.624	-1488	
35881925	-304	-32	15584	-18.544	-1.952	950.624	-1520	
35921736	-288	-16	15568	-17.568	-0.976	949.648	-1504	
35961537	-320	32	15536	-19.520	1.952	947.696	-1520	
36001345	-304	-32	15584	-18.544	-1.952	950.624	-1520	
36041155	-336	-64	15552	-20.496	-3.904	948.672	-1488	
36080964	-320	-16	15552	-19.520	-0.976	948.672	-1488	
36120775	-336	-16	15568	-20.496	-0.976	949.648	-1504	
36160585	-320	-32	15552	-19.520	-1.952	948.672	-1488	
36200397	-336	-48	15584	-20.496	-2.928	950.624	-1488	
36240207	-320	16	15536	-19.520	0.976	947.696	-1472	
36280016	-320	-80	15568	-19.520	-4.880	949.648	-1488	
36319827	-336	32	15552	-20.496	1.952	948.672	-1488	
36359638	-320	-32	15584	-19.520	-1.952	950.624	-1504	
36399448	-272	-16	15536	-16.592	-0.976	947.696	-1520	
36439258	-320	-32	15584	-19.520	-1.952	950.624	-1520	
36479067	-336	-64	15520	-20.496	-3.904	946.720	-1488	
36518874	-352	16	15584	-21.472	0.976	950.624	-1536	
36558687	-336	-48	15552	-20.496	-2.928	948.672	-1488	
36598498	-272	-16	15600	-16.592	-0.976	951.600	-1520	
36638309	-368	-16	15568	-22.448	-0.976	949.648	-1520	
36678119	-320	-48	15568	-19.520	-2.928	949.648	-1488	
36717929	-320	-16	15568	-19.520	-0.976	949.648	-1536	
36757738	-304	0	15552	-18.544	0.000	948.672	-1552	
36797551	-288	-32	15568	-17.568	-1.952	949.648	-1536	
36837360	-288	-32	15552	-17.568	-1.952	948.672	-1520	
36877168	-352	-16	15552	-21.472	-0.976	948.672	-1488	
36916978	-352	-16	15536	-21.472	-0.976	947.696	-1520	
36956788	-352	16	15584	-21.472	0.976	950.624	-1520	
36996597	-304	-32	15536	-18.544	-1.952	947.696	-1488	
37036406	-320	-48	15568	-19.520	-2.928	949.648	-1520	
37076218	-352	0	15552	-21.472	0.000	948.672	-1488	
37116029	-320	-16	15600	-19.520	-0.976	951.600	-1504	
37155839	-400	-48	15584	-24.400	-2.928	950.624	-1488	
37195649	-304	16	15520	-18.544	0.976	946.720	-1488	
37235461	-288	-32	15600	-17.568	-1.952	951.600	-1520	
37275272	-320	-32	15584	-19.520	-1.952	950.624	-1504	
37315082	-320	0	15600	-19.520	0.000	951.600	-1472	
37354888	-320	-16	15552	-19.520	-0.976	948.672	-1488	
37394697	-320	-48	15584	-19.520	-2.928	950.624	-1520	
37434507	-352	-16	15552	-21.472	-0.976	948.672	-1536	
37474319	-368	0	15584	-22.448	0.000	950.624	-1520	
37514129	-336	-80	15584	-20.496	-4.880	950.624	-1536	
37553937	-320	-16	15584	-19.520	-0.976	950.624	-1536	
37593748	-320	0	15552	-19.520	0.000	948.672	-1504	
37633560	-336	-80	15584	-20.496	-4.880	950.624	-1520	
37673372	-336	0	15600	-20.496	0.000	951.600	-1504	
37713188	-256	-16	15536	-15.616	-0.976	947.696	-1520	
37752999	-304	16	15520	-18.544	0.976	946.720	-1504	
37792806	-304	-16	15552	-18.544	-0.976	948.672	-1520	
37832616	-368	-32	15584	-22.448	-1.952	950.624	-1472	
37872427	-304	0	15584	-18.544	0.000	950.624	-1536	
37912237	-304	-32	15568	-18.544	-1.952	949.648	-1504	
37952049	-320	-32	15584	-19.520	-1.952	950.624	-1520	
37991862	-272	16	15600	-16.592	0.976	951.600	-1488	
38031674	-320	48	15584	-19.520	2.928	950.624	-1504	
38071485	-320	-48	15584	-19.520	-2.928	950.624	-1504	
38111298	-320	16	15536	-19.520	0.976	947.696	-1520	
38151109	-336	-48	15520	-20.496	-2.928	946.720	-1488	
38190920	-336	-16	15584	-20.496	-0.976	950.624	-1520	
38230733	-336	-32	15552	-20.496	-1.952	948.672	-1536	
38270544	-320	0	15584	-19.520	0.000	950.624	-1488	
38310354	-272	-64	15568	-16.592	-3.904	949.648	-1520	
38350163	-304	-32	15568	-18.544	-1.952	949.648	-1504	
38389976	-320	16	15552	-19.520	0.976	948.672	-1568	
38429789	-368	-16	15520	-22.448	-0.976	946.720	-1488	
38469600	-256	0	15584	-15.616	0.000	950.624	-1504	
38509410	-320	-80	15552	-19.520	-4.880	948.672	-1536	
38549220	-352	48	15520	-21.472	2.928	946.720	-1472	
38589032	-304	16	15552	-18.544	0.976	948.672	-1504	
38628844	-304	-48	15600	-18.544	-2.928	951.600	-1504	
38668658	-288	16	15568	-17.568	0.976	949.648	-1504	
38708470	-352	0	15552	-21.472	0.000	948.672	-1520	
38748283	-288	0	15552	-17.568	0.000	948.672	-1504	
38788097	-336	-48	15584	-20.496	-2.928	950.624	-1472	
38827909	-352	-32	15552	-21.472	-1.952	948.672	-1520	
38867721	-288	-32	15584	-17.568	-1.952	950.624	-1488	
38907535	-304	16	15552	-18.544	0.976	948.672	-1504	
38947346	-288	-64	15552	-17.568	-3.904	948.672	-1520	
38987157	-336	-48	15600	-20.496	-2.928	951.600	-1504	
39026965	-304	-48	15568	-18.544	-2.928	949.648	-1488	
39066776	-320	-32	15584	-19.520	-1.952	950.624	-1488	
39106587	-336	16	15536	-20.496	0.976	947.696	-1472	
39146398	-288	-80	15536	-17.568	-4.880	947.696	-1504	
39186211	-288	-48	15584	-17.568	-2.928	950.624	-1536	
39226026	-320	-64	15552	-19.520	-3.904	948.672	-1536	
39265839	-336	-16	15536	-20.496	-0.976	947.696	-1552	
39305653	-304	16	15632	-18.544	0.976	953.552	-1536	
39345466	-336	-16	15584	-20.496	-0.976	950.624	-1488	
39385279	-304	-32	15584	-18.544	-1.952	950.624	-1488	
39425092	-320	0	15600	-19.520	0.000	951.600	-1536	
39464902	-368	32	15536	-22.448	1.952	947.696	-1520	
39504712	-320	-32	15552	-19.520	-1.952	948.672	-1504	
39544523	-288	-48	15584	-17.568	-2.928	950.624	-1472	
39584335	-352	-32	15584	-21.472	-1.952	950.624	-1488	
39624147	-336	-16	15600	-20.496	-0.976	951.600	-1488	
39663959	-272	-32	15568	-16.592	-1.952	949.648	-1488	
39703768	-288	-16	15536	-17.568	-0.976	947.696	-1472	
39743579	-304	0	15616	-18.544	0.000	952.576	-1488	
39783389	-304	0	15472	-18.544	0.000	943.792	-1504	
39823198	-320	-32	15552	-19.520	-1.952	948.672	-1504	
39863008	-400	-32	15568	-24.400	-1.952	949.648	-1504	
39902820	-320	-16	15536	-19.520	-0.976	947.696	-1472	
39942629	-336	32	15584	-20.496	1.952	950.624	-1504	
39982442	-320	-16	15552	-19.520	-0.976	948.672	-1488	
40022255	-320	16	15584	-19.520	0.976	950.624	-1504	
40062068	-320	-80	15552	-19.520	-4.880	948.672	-1488	
40101878	-288	-32	15552	-17.568	-1.952	948.672	-1536	
40141693	-352	16	15632	-21.472	0.976	953.552	-1520	
40181504	-352	-48	15568	-21.472	-2.928	949.648	-1504	
40221317	-336	-48	15584	-20.496	-2.928	950.624	-1520	
40261126	-304	-32	15584	-18.544	-1.952	950.624	-1456	
40300935	-320	0	15584	-19.520	0.000	950.624	-1520	
40340745	-304	-32	15584	-18.544	-1.952	950.624	-1536	
40380558	-320	-48	15584	-19.520	-2.928	950.624	-1504	
40420368	-336	32	15584	-20.496	1.952	950.624	-1488	
40460179	-352	-32	15536	-21.472	-1.952	947.696	-1472	
40499989	-352	-32	15584	-21.472	-1.952	950.624	-1520	
40539801	-336	-48	15616	-20.496	-2.928	952.576	-1488	
40579609	-288	0	15584	-17.568	0.000	950.624	-1504	
40619420	-288	-32	15584	-17.568	-1.952	950.624	-1504	
40659231	-336	-48	15520	-20.496	-2.928	946.720	-1536	
40699040	-304	32	15584	-18.544	1.952	950.624	-1488	
40738850	-288	-48	15552	-17.568	-2.928	948.672	-1520	
40778659	-320	-32	15568	-19.520	-1.952	949.648	-1520	
40818469	-320	-32	15584	-19.520	-1.952	950.624	-1504	
40858281	-352	16	15568	-21.472	0.976	949.648	-1520	
40898093	-336	-48	15536	-20.496	-2.928	947.696	-1552	
40937907	-320	16	15552	-19.520	0.976	948.672	-1536	
40977717	-304	-32	15616	-18.544	-1.952	952.576	-1504	
41017530	-320	-64	15520	-19.520	-3.904	946.720	-1504	
41057340	-336	-16	15584	-20.496	-0.976	950.624	-1504	
41097150	-368	0	15552	-22.448	0.000	948.672	-1488	
41136962	-304	-32	15600	-18.544	-1.952	951.600	-1520	
41176775	-304	-16	15584	-18.544	-0.976	950.624	-1504	
41216586	-288	0	15568	-17.568	0.000	949.648	-1504	
41256395	-288	-32	15584	-17.568	-1.952	950.624	-1504	
41296205	-304	-80	15584	-18.544	-4.880	950.624	-1488	
41336015	-336	0	15584	-20.496	0.000	950.624	-1488	
41375824	-368	-16	15552	-22.448	-0.976	948.672	-1472	
41415635	-288	-32	15552	-17.568	-1.952	948.672	-1568	
41455443	-336	-32	15600	-20.496	-1.952	951.600	-1456	
41495253	-352	0	15552	-21.472	0.000	948.672	-1504	
41535062	-320	-80	15552	-19.520	-4.880	948.672	-1504	
41574875	-304	-32	15552	-18.544	-1.952	948.672	-1520	
41614687	-336	-32	15584	-20.496	-1.952	950.624	-1520	
41654498	-304	0	15488	-18.544	0.000	944.768	-1520	
41694308	-288	-48	15552	-17.568	-2.928	948.672	-1520	
41734121	-384	-32	15584	-23.424	-1.952	950.624	-1488	
41773931	-320	-16	15520	-19.520	-0.976	946.720	-1520	
41813744	-288	0	15552	-17.568	0.000	948.672	-1488	
41853555	-336	-32	15536	-20.496	-1.952	947.696	-1504	
41893367	-336	-32	15584	-20.496	-1.952	950.624	-1472	
41933178	-336	-16	15584	-20.496	-0.976	950.624	-1504	
41972991	-304	-48	15552	-18.544	-2.928	948.672	-1536	
42012801	-336	0	15600	-20.496	0.000	951.600	-1488	
42052612	-272	-48	15584	-16.592	-2.928	950.624	-1504	
42092425	-368	32	15584	-22.448	1.952	950.624	-1488	
42132237	-320	-16	15600	-19.520	-0.976	951.600	-1520	
42172049	-272	0	15568	-16.592	0.000	949.648	-1488	
42211861	-320	-16	15584	-19.520	-0.976	950.624	-1472	
42251674	-368	-64	15568	-22.448	-3.904	949.648	-1488	
42291486	-368	-16	15520	-22.448	-0.976	946.720	-1504	
42331296	-320	-16	15568	-19.520	-0.976	949.648	-1520	
42371107	-304	-32	15520	-18.544	-1.952	946.720	-1488	
42410919	-288	-48	15536	-17.568	-2.928	947.696	-1536	
42450729	-304	16	15552	-18.544	0.976	948.672	-1504	
42490538	-272	-16	15584	-16.592	-0.976	950.624	-1552	
42530349	-304	-16	15584	-18.544	-0.976	950.624	-1504	
42570160	-384	0	15584	-23.424	0.000	950.624	-1536	
42609968	-304	0	15584	-18.544	0.000	950.624	-1488	
42649777	-336	0	15568	-20.496	0.000	949.648	-1488	
42689588	-336	-48	15536	-20.496	-2.928	947.696	-1488	
42729399	-272	-32	15584	-16.592	-1.952	950.624	-1488	
42769211	-336	-16	15568	-20.496	-0.976	949.648	-1488	
42809021	-320	0	15552	-19.520	0.000	948.672	-1488	
42848831	-336	0	15584	-20.496	0.000	950.624	-1488	
42888645	-336	-16	15584	-20.496	-0.976	950.624	-1472	
42928458	-320	0	15568	-19.520	0.000	949.648	-1488	
42968272	-368	-48	15552	-22.448	-2.928	948.672	-1488	
43008082	-336	-32	15536	-20.496	-1.952	947.696	-1472	
43047894	-336	-16	15584	-20.496	-0.976	950.624	-1536	
43087705	-368	-32	15584	-22.448	-1.952	950.624	-1456	
43127516	-272	-32	15584	-16.592	-1.952	950.624	-1504	
43167324	-336	-64	15568	-20.496	-3.904	949.648	-1504	
43207132	-320	-64	15584	-19.520	-3.904	950.624	-1536	
43246941	-336	-64	15616	-20.496	-3.904	952.576	-1520	
43286748	-288	-48	15552	-17.568	-2.928	948.672	-1536	
43326559	-352	0	15536	-21.472	0.000	947.696	-1536	
43366369	-352	-32	15568	-21.472	-1.952	949.648	-1520	
43406179	-336	-32	15536	-20.496	-1.952	947.696	-1488	
43445990	-288	-16	15568	-17.568	-0.976	949.648	-1456	
43485802	-336	32	15552	-20.496	1.952	948.672	-1488	
43525612	-288	-16	15584	-17.568	-0.976	950.624	-1488	
43565422	-288	-16	15520	-17.568	-0.976	946.720	-1504	
43605232	-320	-48	15616	-19.520	-2.928	952.576	-1488	
43645041	-272	0	15584	-16.592	0.000	950.624	-1520	
43684854	-352	0	15520	-21.472	0.000	946.720	-1472	
43724665	-304	-16	15584	-18.544	-0.976	950.624	-1504	
43764479	-336	-32	15600	-20.496	-1.952	951.600	-1504	
43804291	-320	-16	15520	-19.520	-0.976	946.720	-1504	
43844100	-320	-48	15568	-19.520	-2.928	949.648	-1488	
43883914	-352	-16	15536	-21.472	-0.976	947.696	-1488	
43923727	-288	-16	15552	-17.568	-0.976	948.672	-1520	
43963537	-320	-80	15552	-19.520	-4.880	948.672	-1472	
44003346	-304	-16	15520	-18.544	-0.976	946.720	-1520	
44043153	-320	-48	15536	-19.520	-2.928	947.696	-1520	
44082963	-288	-32	15584	-17.568	-1.952	950.624	-1536	
44122773	-272	-48	15536	-16.592	-2.928	947.696	-1520	
44162583	-304	-32	15552	-18.544	-1.952	948.672	-1536	
44202396	-304	-16	15584	-18.544	-0.976	950.624	-1536	
44242207	-320	-32	15536	-19.520	-1.952	947.696	-1504	
44282018	-336	-48	15600	-20.496	-2.928	951.600	-1488	
44321826	-384	-32	15584	-23.424	-1.952	950.624	-1472	
44361638	-240	-48	15568	-14.640	-2.928	949.648	-1520	
44401449	-272	-64	15600	-16.592	-3.904	951.600	-1504	
44441261	-320	0	15568	-19.520	0.000	949.648	-1520	
44481071	-336	-16	15520	-20.496	-0.976	946.720	-1488	
44520882	-304	-32	15568	-18.544	-1.952	949.648	-1488	
44560696	-336	16	15536	-20.496	0.976	947.696	-1504	
44600505	-288	0	15552	-17.568	0.000	948.672	-1456	
44640316	-336	-32	15552	-20.496	-1.952	948.672	-1472	
44680126	-320	-16	15584	-19.520	-0.976	950.624	-1472	
44719936	-336	-48	15584	-20.496	-2.928	950.624	-1504	
44759747	-304	-48	15584	-18.544	-2.928	950.624	-1472	
44799557	-368	-48	15616	-22.448	-2.928	952.576	-1488	
44839370	-352	-16	15584	-21.472	-0.976	950.624	-1472	
44879183	-336	-16	15552	-20.496	-0.976	948.672	-1504	
44918994	-288	-64	15536	-17.568	-3.904	947.696	-1520	
44958806	-320	-16	15536	-19.520	-0.976	947.696	-1488	
44998618	-320	0	15552	-19.520	0.000	948.672	-1504	
45038430	-320	-32	15552	-19.520	-1.952	948.672	-1552	
45078242	-320	-16	15552	-19.520	-0.976	948.672	-1520	
45118056	-320	0	15536	-19.520	0.000	947.696	-1472	
45157868	-336	-16	15600	-20.496	-0.976	951.600	-1504	
45197679	-288	0	15600	-17.568	0.000	951.600	-1504	
45237490	-320	-16	15584	-19.520	-0.976	950.624	-1520	
45277298	-352	-48	15568	-21.472	-2.928	949.648	-1504	
45317106	-336	0	15536	-20.496	0.000	947.696	-1488	
45356914	-288	0	15584	-17.568	0.000	950.624	-1504	
45396722	-320	-16	15584	-19.520	-0.976	950.624	-1520	
45436531	-336	-32	15584	-20.496	-1.952	950.624	-1472	
45476339	-320	-16	15520	-19.520	-0.976	946.720	-1472	
45516147	-288	0	15536	-17.568	0.000	947.696	-1520	
45555958	-320	-16	15584	-19.520	-0.976	950.624	-1520	
45595770	-352	-48	15552	-21.472	-2.928	948.672	-1472	
45635582	-336	-16	15600	-20.496	-0.976	951.600	-1504	
45675392	-352	0	15552	-21.472	0.000	948.672	-1520	
45715204	-336	16	15552	-20.496	0.976	948.672	-1536	
45755016	-352	0	15536	-21.472	0.000	947.696	-1536	
45794826	-320	16	15552	-19.520	0.976	948.672	-1568	
45834638	-320	0	15536	-19.520	0.000	947.696	-1536	
45874448	-288	-32	15584	-17.568	-1.952	950.624	-1472	
45914262	-304	-32	15584	-18.544	-1.952	950.624	-1536	
45954074	-336	-16	15552	-20.496	-0.976	948.672	-1488	
45993888	-320	-48	15584	-19.520	-2.928	950.624	-1536	
46033704	-288	0	15600	-17.568	0.000	951.600	-1472	
46073516	-352	-32	15552	-21.472	-1.952	948.672	-1488	
46113328	-288	-48	15600	-17.568	-2.928	951.600	-1472	
46153138	-320	0	15552	-19.520	0.000	948.672	-1536	
46192948	-304	-16	15552	-18.544	-0.976	948.672	-1520	
46232762	-304	-32	15568	-18.544	-1.952	949.648	-1488	
46272573	-288	-16	15616	-17.568	-0.976	952.576	-1504	
46312384	-336	16	15520	-20.496	0.976	946.720	-1504	
46352195	-336	-48	15584	-20.496	-2.928	950.624	-1504	
46392007	-288	16	15536	-17.568	0.976	947.696	-1488	
46431819	-320	-16	15584	-19.520	-0.976	950.624	-1520	
46471633	-304	-48	15568	-18.544	-2.928	949.648	-1488	
46511444	-320	16	15584	-19.520	0.976	950.624	-1520	
46551255	-336	-32	15552	-20.496	-1.952	948.672	-1552	
46591067	-320	-48	15568	-19.520	-2.928	949.648	-1568	
46630876	-288	-48	15520	-17.568	-2.928	946.720	-1472	
46670688	-304	-16	15600	-18.544	-0.976	951.600	-1504	
46710497	-336	0	15584	-20.496	0.000	950.624	-1520	
46750309	-304	-48	15520	-18.544	-2.928	946.720	-1504	
46790118	-320	-32	15536	-19.520	-1.952	947.696	-1488	
46829930	-320	-32	15520	-19.520	-1.952	946.720	-1504	
46869741	-320	0	15552	-19.520	0.000	948.672	-1488	
46909551	-320	-32	15600	-19.520	-1.952	951.600	-1504	
46949363	-304	-16	15584	-18.544	-0.976	950.624	-1488	
46989173	-336	-16	15520	-20.496	-0.976	946.720	-1488	
47028986	-320	-16	15600	-19.520	-0.976	951.600	-1456	
47068798	-368	16	15584	-22.448	0.976	950.624	-1488	
47108612	-304	0	15584	-18.544	0.000	950.624	-1520	
47148424	-304	-32	15584	-18.544	-1.952	950.624	-1520	
47188239	-320	-32	15584	-19.520	-1.952	950.624	-1568	
47228051	-320	-16	15600	-19.520	-0.976	951.600	-1488	
47267864	-320	-32	15584	-19.520	-1.952	950.624	-1488	
47307676	-320	-16	15568	-19.520	-0.976	949.648	-1504	
47347490	-304	-16	15584	-18.544	-0.976	950.624	-1520	
47387303	-288	16	15584	-17.568	0.976	950.624	-1520	
47427117	-304	-48	15552	-18.544	-2.928	948.672	-1520	
47466928	-272	0	15552	-16.592	0.000	948.672	-1520	
47506741	-288	-16	15552	-17.568	-0.976	948.672	-1536	
47546555	-320	16	15536	-19.520	0.976	947.696	-1504	
47586367	-336	-16	15536	-20.496	-0.976	947.696	-1488	
47626182	-304	16	15584	-18.544	0.976	950.624	-1520	
47665996	-320	-64	15552	-19.520	-3.904	948.672	-1504	
47705807	-304	-64	15584	-18.544	-3.904	950.624	-1472	
47745622	-320	-48	15584	-19.520	-2.928	950.624	-1520	
47785436	-336	0	15552	-20.496	0.000	948.672	-1536	
47825250	-304	-32	15552	-18.544	-1.952	948.672	-1504	
47865064	-336	-48	15600	-20.496	-2.928	951.600	-1504	
47904877	-320	-32	15584	-19.520	-1.952	950.624	-1472	
47944689	-288	-48	15552	-17.568	-2.928	948.672	-1504	
47984501	-288	0	15552	-17.568	0.000	948.672	-1488	
48024315	-336	-64	15536	-20.496	-3.904	947.696	-1552	
48064129	-352	-32	15552	-21.472	-1.952	948.672	-1536	
48103943	-304	-32	15584	-18.544	-1.952	950.624	-1440	
48143757	-320	-32	15584	-19.520	-1.952	950.624	-1472	
48183568	-288	-64	15536	-17.568	-3.904	947.696	-1520	
48223378	-288	-32	15536	-17.568	-1.952	947.696	-1504	
48263191	-272	-64	15568	-16.592	-3.904	949.648	-1552	
48303004	-288	-32	15616	-17.568	-1.952	952.576	-1504	
48342817	-320	-16	15584	-19.520	-0.976	950.624	-1520	
48382628	-320	-48	15600	-19.520	-2.928	951.600	-1488	
48422440	-304	-16	15552	-18.544	-0.976	948.672	-1504	
48462249	-352	-16	15584	-21.472	-0.976	950.624	-1520	
48502061	-336	0	15584	-20.496	0.000	950.624	-1488	
48541872	-288	-16	15536	-17.568	-0.976	947.696	-1520	
48581684	-320	-32	15600	-19.520	-1.952	951.600	-1520	
48621496	-336	-32	15584	-20.496	-1.952	950.624	-1472	
48661309	-320	0	15520	-19.520	0.000	946.720	-1520	
48701120	-368	16	15584	-22.448	0.976	950.624	-1504	
48740929	-304	-48	15552	-18.544	-2.928	948.672	-1472	
48780742	-320	-32	15584	-19.520	-1.952	950.624	-1520	
48820551	-320	-48	15584	-19.520	-2.928	950.624	-1504	
48860363	-352	-32	15536	-21.472	-1.952	947.696	-1504	
48900174	-352	-48	15584	-21.472	-2.928	950.624	-1488	
48939984	-400	-64	15584	-24.400	-3.904	950.624	-1520	
48979794	-304	-32	15584	-18.544	-1.952	950.624	-1504	
49019607	-304	-48	15552	-18.544	-2.928	948.672	-1504	
49059420	-352	-48	15584	-21.472	-2.928	950.624	-1488	
49099233	-352	-32	15552	-21.472	-1.952	948.672	-1520	
49139045	-352	-16	15552	-21.472	-0.976	948.672	-1520	
49178857	-320	-48	15584	-19.520	-2.928	950.624	-1568	
49218670	-256	16	15584	-15.616	0.976	950.624	-1488	
49258481	-320	-32	15584	-19.520	-1.952	950.624	-1488	
49298290	-320	-16	15584	-19.520	-0.976	950.624	-1520	
49338102	-304	-32	15584	-18.544	-1.952	950.624	-1520	
49377915	-336	-16	15568	-20.496	-0.976	949.648	-1520	
49417727	-320	-48	15584	-19.520	-2.928	950.624	-1488	
49457539	-320	-16	15552	-19.520	-0.976	948.672	-1488	
49497350	-336	-48	15584	-20.496	-2.928	950.624	-1504	
49537163	-336	-16	15552	-20.496	-0.976	948.672	-1488	
49576975	-336	-16	15600	-20.496	-0.976	951.600	-1504	
49616788	-336	0	15600	-20.496	0.000	951.600	-1504	
49656600	-304	-32	15600	-18.544	-1.952	951.600	-1488	
49696412	-352	-48	15552	-21.472	-2.928	948.672	-1552	
49736223	-304	-32	15568	-18.544	-1.952	949.648	-1440	
49776035	-336	0	15552	-20.496	0.000	948.672	-1472	
49815845	-288	-48	15568	-17.568	-2.928	949.648	-1520	
49855656	-288	-32	15600	-17.568	-1.952	951.600	-1488	
49895467	-320	-96	15520	-19.520	-5.856	946.720	-1520	
49935279	-352	0	15568	-21.472	0.000	949.648	-1520	
49975091	-336	0	15616	-20.496	0.000	952.576	-1504	
50014903	-320	0	15536	-19.520	0.000	947.696	-1520	
50054716	-320	-48	15568	-19.520	-2.928	949.648	-1488	
50094527	-336	48	15552	-20.496	2.928	948.672	-1488	
50134340	-320	-16	15568	-19.520	-0.976	949.648	-1488	
50174153	-320	-32	15584	-19.520	-1.952	950.624	-1520	
50213965	-352	-64	15552	-21.472	-3.904	948.672	-1520	
50253776	-320	16	15584	-19.520	0.976	950.624	-1488	
50293586	-288	-48	15584	-17.568	-2.928	950.624	-1520	
50333396	-336	-16	15568	-20.496	-0.976	949.648	-1472	
50373206	-304	0	15568	-18.544	0.000	949.648	-1520	
50413014	-320	-48	15600	-19.520	-2.928	951.600	-1504	
50452827	-320	-32	15584	-19.520	-1.952	950.624	-1520	
50492639	-320	0	15568	-19.520	0.000	949.648	-1504	
50532452	-304	0	15536	-18.544	0.000	947.696	-1504	
50572264	-352	-32	15552	-21.472	-1.952	948.672	-1504	
50612074	-336	-32	15584	-20.496	-1.952	950.624	-1504	
50651884	-352	48	15568	-21.472	2.928	949.648	-1520	
50691695	-368	-16	15568	-22.448	-0.976	949.648	-1536	
50731507	-304	-48	15552	-18.544	-2.928	948.672	-1536	
50771320	-320	-32	15584	-19.520	-1.952	950.624	-1504	
50811135	-320	-32	15584	-19.520	-1.952	950.624	-1488	
50850945	-304	16	15616	-18.544	0.976	952.576	-1504	
50890757	-336	-16	15584	-20.496	-0.976	950.624	-1504	
50930569	-320	-32	15600	-19.520	-1.952	951.600	-1520	
50970380	-288	-48	15568	-17.568	-2.928	949.648	-1520	
51010191	-336	0	15568	-20.496	0.000	949.648	-1504	
51050004	-288	16	15600	-17.568	0.976	951.600	-1488	
51089815	-320	-48	15600	-19.520	-2.928	951.600	-1488	
51129625	-288	0	15568	-17.568	0.000	949.648	-1520	
51169436	-320	-16	15584	-19.520	-0.976	950.624	-1504	
51209248	-352	0	15568	-21.472	0.000	949.648	-1520	
51249058	-336	-32	15536	-20.496	-1.952	947.696	-1504	
51288871	-368	-16	15600	-22.448	-0.976	951.600	-1472	
51328682	-320	-32	15552	-19.520	-1.952	948.672	-1520	
51368493	-320	-32	15568	-19.520	-1.952	949.648	-1520	
51408303	-320	-16	15552	-19.520	-0.976	948.672	-1504	
51448117	-320	16	15520	-19.520	0.976	946.720	-1504	
51487926	-320	-32	15536	-19.520	-1.952	947.696	-1536	
51527738	-288	-16	15584	-17.568	-0.976	950.624	-1504	
51567546	-352	-16	15536	-21.472	-0.976	947.696	-1504	
51607357	-304	-48	15536	-18.544	-2.928	947.696	-1504	
51647169	-320	-16	15584	-19.520	-0.976	950.624	-1488	
51686982	-320	16	15600	-19.520	0.976	951.600	-1488	
51726795	-304	-16	15584	-18.544	-0.976	950.624	-1504	
51766606	-368	-32	15584	-22.448	-1.952	950.624	-1472	
51806416	-336	-32	15568	-20.496	-1.952	949.648	-1488	
51846227	-304	-48	15600	-18.544	-2.928	951.600	-1504	
51886038	-304	-48	15584	-18.544	-2.928	950.624	-1488	
51925848	-320	-16	15584	-19.520	-0.976	950.624	-1520	
51965660	-368	-16	15568	-22.448	-0.976	949.648	-1488	
52005471	-272	0	15584	-16.592	0.000	950.624	-1520	
52045283	-272	-16	15552	-16.592	-0.976	948.672	-1504	
52085091	-336	-16	15584	-20.496	-0.976	950.624	-1520	
52124902	-320	-16	15584	-19.520	-0.976	950.624	-1488	
52164715	-320	16	15568	-19.520	0.976	949.648	-1536	
52204528	-320	-16	15552	-19.520	-0.976	948.672	-1504	
52244338	-352	-64	15536	-21.472	-3.904	947.696	-1520	
52284147	-320	-80	15584	-19.520	-4.880	950.624	-1520	
52323959	-320	0	15552	-19.520	0.000	948.672	-1504	
52363770	-336	-48	15536	-20.496	-2.928	947.696	-1536	
52403582	-352	-64	15584	-21.472	-3.904	950.624	-1520	
52443392	-320	-48	15520	-19.520	-2.928	946.720	-1504	
52483204	-336	-48	15552	-20.496	-2.928	948.672	-1504	
52523015	-288	-32	15584	-17.568	-1.952	950.624	-1520	
52562827	-320	-32	15568	-19.520	-1.952	949.648	-1504	
52602641	-288	0	15536	-17.568	0.000	947.696	-1488	
52642452	-288	16	15552	-17.568	0.976	948.672	-1520	
52682263	-304	16	15552	-18.544	0.976	948.672	-1504	
52722072	-336	-48	15552	-20.496	-2.928	948.672	-1488	
52761882	-320	-16	15584	-19.520	-0.976	950.624	-1488	
52801692	-320	-32	15584	-19.520	-1.952	950.624	-1488	
52841506	-320	-64	15520	-19.520	-3.904	946.720	-1536	
52881317	-336	0	15536	-20.496	0.000	947.696	-1504	
52921127	-336	-16	15584	-20.496	-0.976	950.624	-1504	
52960938	-336	0	15584	-20.496	0.000	950.624	-1504	
53000747	-352	-48	15552	-21.472	-2.928	948.672	-1504	
53040558	-288	-32	15552	-17.568	-1.952	948.672	-1472	
53080368	-368	0	15584	-22.448	0.000	950.624	-1472	
53120177	-352	-32	15584	-21.472	-1.952	950.624	-1504	
53159984	-288	-32	15520	-17.568	-1.952	946.720	-1520	
53199794	-320	-32	15584	-19.520	-1.952	950.624	-1504	
53239604	-304	32	15552	-18.544	1.952	948.672	-1568	
53279416	-352	0	15584	-21.472	0.000	950.624	-1536	
53319224	-336	-32	15584	-20.496	-1.952	950.624	-1520	
53359036	-352	0	15584	-21.472	0.000	950.624	-1520	
53398847	-256	-48	15600	-15.616	-2.928	951.600	-1520	
53438659	-320	-16	15552	-19.520	-0.976	948.672	-1488	
53478470	-352	0	15568	-21.472	0.000	949.648	-1488	
53518281	-320	-32	15536	-19.520	-1.952	947.696	-1504	
53558092	-304	0	15584	-18.544	0.000	950.624	-1472	
53597904	-336	-32	15584	-20.496	-1.952	950.624	-1472	
53637714	-352	-32	15584	-21.472	-1.952	950.624	-1504	
53677524	-352	-16	15584	-21.472	-0.976	950.624	-1520	
53717335	-336	-16	15584	-20.496	-0.976	950.624	-1520	
53757147	-320	-48	15568	-19.520	-2.928	949.648	-1536	
53796958	-336	-32	15584	-20.496	-1.952	950.624	-1472	
53836767	-304	-32	15584	-18.544	-1.952	950.624	-1472	
53876578	-320	-16	15584	-19.520	-0.976	950.624	-1520	
53916389	-336	0	15536	-20.496	0.000	947.696	-1504	
53956198	-352	-16	15536	-21.472	-0.976	947.696	-1520	
53996007	-368	16	15552	-22.448	0.976	948.672	-1568	
54035816	-352	16	15584	-21.472	0.976	950.624	-1552	
54075626	-336	-80	15552	-20.496	-4.880	948.672	-1504	
54115435	-304	-16	15520	-18.544	-0.976	946.720	-1488	
54155244	-320	16	15600	-19.520	0.976	951.600	-1504	
54195053	-336	-32	15520	-20.496	-1.952	946.720	-1504	
54234864	-304	-64	15600	-18.544	-3.904	951.600	-1536	
54274675	-288	-16	15584	-17.568	-0.976	950.624	-1504	
54314488	-304	-16	15584	-18.544	-0.976	950.624	-1504	
54354297	-336	-32	15552	-20.496	-1.952	948.672	-1504	
54394107	-352	-16	15568	-21.472	-0.976	949.648	-1488	
54433917	-320	-16	15648	-19.520	-0.976	954.528	-1536	
54473729	-320	-96	15552	-19.520	-5.856	948.672	-1504	
54513541	-320	0	15552	-19.520	0.000	948.672	-1472	
54553353	-304	16	15552	-18.544	0.976	948.672	-1488	
54593166	-320	-32	15520	-19.520	-1.952	946.720	-1504	
54632978	-288	-32	15616	-17.568	-1.952	952.576	-1536	
54672789	-320	0	15600	-19.520	0.000	951.600	-1536	
54712603	-336	0	15552	-20.496	0.000	948.672	-1552	
54752416	-320	-32	15616	-19.520	-1.952	952.576	-1552	
54792228	-336	-32	15584	-20.496	-1.952	950.624	-1488	
54832041	-320	0	15584	-19.520	0.000	950.624	-1536	
54871851	-288	0	15552	-17.568	0.000	948.672	-1520	
54911660	-304	-16	15584	-18.544	-0.976	950.624	-1520	
54951470	-320	-64	15552	-19.520	-3.904	948.672	-1520	
54991282	-304	-32	15568	-18.544	-1.952	949.648	-1520	
55031095	-320	-16	15536	-19.520	-0.976	947.696	-1520	
55070907	-320	-32	15600	-19.520	-1.952	951.600	-1504	
55110716	-304	-48	15584	-18.544	-2.928	950.624	-1488	
55150526	-320	-48	15552	-19.520	-2.928	948.672	-1536	
55190337	-336	-48	15552	-20.496	-2.928	948.672	-1504	
55230147	-320	-16	15600	-19.520	-0.976	951.600	-1504	
55269959	-288	-16	15552	-17.568	-0.976	948.672	-1536	
55309772	-304	-32	15536	-18.544	-1.952	947.696	-1488	
55349583	-320	-32	15552	-19.520	-1.952	948.672	-1488	
55389395	-320	-32	15536	-19.520	-1.952	947.696	-1504	
55429205	-320	-32	15616	-19.520	-1.952	952.576	-1520	
55469014	-352	-16	15584	-21.472	-0.976	950.624	-1504	
55508824	-304	-80	15584	-18.544	-4.880	950.624	-1552	
55548634	-288	-32	15584	-17.568	-1.952	950.624	-1536	
55588446	-352	-32	15600	-21.472	-1.952	951.600	-1536	
55628260	-352	0	15568	-21.472	0.000	949.648	-1488	
55668073	-320	-32	15552	-19.520	-1.952	948.672	-1488	
55707885	-336	16	15552	-20.496	0.976	948.672	-1504	
55747698	-400	-48	15600	-24.400	-2.928	951.600	-1488	
55787511	-304	-16	15568	-18.544	-0.976	949.648	-1472	
55827322	-304	-32	15552	-18.544	-1.952	948.672	-1520	
55867133	-320	-48	15568	-19.520	-2.928	949.648	-1520	
55906942	-352	-16	15584	-21.472	-0.976	950.624	-1488	
55946754	-256	-16	15568	-15.616	-0.976	949.648	-1504	
55986565	-352	0	15584	-21.472	0.000	950.624	-1504	
56026378	-320	-16	15552	-19.520	-0.976	948.672	-1488	
56066186	-336	-16	15552	-20.496	-0.976	948.672	-1568	
56105996	-288	-32	15552	-17.568	-1.952	948.672	-1456	
56145805	-336	-48	15552	-20.496	-2.928	948.672	-1520	
56185614	-336	-64	15536	-20.496	-3.904	947.696	-1504	
56225423	-336	-48	15520	-20.496	-2.928	946.720	-1504	
56265232	-304	-16	15584	-18.544	-0.976	950.624	-1504	
56305041	-304	-32	15584	-18.544	-1.952	950.624	-1584	
56344847	-272	0	15600	-16.592	0.000	951.600	-1520	
56384652	-320	-16	15584	-19.520	-0.976	950.624	-1504	
56424460	-320	-32	15520	-19.520	-1.952	946.720	-1504	
56464268	-320	-16	15552	-19.520	-0.976	948.672	-1520	
56504076	-320	0	15536	-19.520	0.000	947.696	-1520	
56543887	-288	-48	15600	-17.568	-2.928	951.600	-1488	
56583697	-352	-48	15600	-21.472	-2.928	951.600	-1504	
56623505	-320	-64	15552	-19.520	-3.904	948.672	-1488	
56663314	-352	-16	15568	-21.472	-0.976	949.648	-1504	
56703124	-256	-32	15536	-15.616	-1.952	947.696	-1520	
56742933	-368	-48	15552	-22.448	-2.928	948.672	-1488	
56782743	-304	-16	15552	-18.544	-0.976	948.672	-1504	
56822551	-352	0	15616	-21.472	0.000	952.576	-1504	
56862359	-320	-48	15536	-19.520	-2.928	947.696	-1520	
56902170	-304	-16	15584	-18.544	-0.976	950.624	-1552	
56941979	-352	-48	15584	-21.472	-2.928	950.624	-1488	
56981789	-304	-32	15584	-18.544	-1.952	950.624	-1504	
57021600	-336	-64	15584	-20.496	-3.904	950.624	-1520	
57061409	-288	-32	15584	-17.568	-1.952	950.624	-1504	
57101219	-336	-16	15568	-20.496	-0.976	949.648	-1504	
57141027	-288	-16	15600	-17.568	-0.976	951.600	-1584	
57180836	-304	-32	15552	-18.544	-1.952	948.672	-1552	
57220644	-352	-64	15520	-21.472	-3.904	946.720	-1504	
57260454	-352	-32	15536	-21.472	-1.952	947.696	-1472	
57300264	-320	-16	15536	-19.520	-0.976	947.696	-1536	
57340073	-352	-32	15568	-21.472	-1.952	949.648	-1504	
57379884	-320	0	15600	-19.520	0.000	951.600	-1472	
57419694	-288	-48	15584	-17.568	-2.928	950.624	-1488	
57459503	-304	-48	15616	-18.544	-2.928	952.576	-1520	
57499311	-336	48	15536	-20.496	2.928	947.696	-1520	
57539119	-336	-32	15536	-20.496	-1.952	947.696	-1504	
57578928	-256	-32	15584	-15.616	-1.952	950.624	-1520	
57618739	-336	-16	15584	-20.496	-0.976	950.624	-1504	
57658548	-272	-32	15584	-16.592	-1.952	950.624	-1504	
57698359	-304	-48	15568	-18.544	-2.928	949.648	-1520	
57738170	-368	-16	15584	-22.448	-0.976	950.624	-1504	
57777978	-304	-16	15552	-18.544	-0.976	948.672	-1488	
57817788	-288	-16	15600	-17.568	-0.976	951.600	-1488	
57857600	-336	-32	15552	-20.496	-1.952	948.672	-1568	
57897408	-368	-64	15568	-22.448	-3.904	949.648	-1536	
57937217	-352	-16	15584	-21.472	-0.976	950.624	-1504	
57977026	-288	-48	15552	-17.568	-2.928	948.672	-1552	
58016837	-304	-16	15584	-18.544	-0.976	950.624	-1536	
58056648	-336	-16	15584	-20.496	-0.976	950.624	-1488	
58096459	-320	-16	15584	-19.520	-0.976	950.624	-1536	
58136270	-336	-48	15520	-20.496	-2.928	946.720	-1536	
58176081	-352	0	15584	-21.472	0.000	950.624	-1504	
58215892	-320	-64	15584	-19.520	-3.904	950.624	-1520	
58255704	-320	-16	15568	-19.520	-0.976	949.648	-1520	
58295510	-368	-32	15584	-22.448	-1.952	950.624	-1488	
58335319	-352	0	15600	-21.472	0.000	951.600	-1520	
58375127	-336	-16	15584	-20.496	-0.976	950.624	-1520	
58414935	-336	0	15616	-20.496	0.000	952.576	-1488	
58454746	-336	16	15536	-20.496	0.976	947.696	-1504	
58494555	-352	-32	15552	-21.472	-1.952	948.672	-1472	
58534363	-304	-64	15584	-18.544	-3.904	950.624	-1520	
58574170	-336	0	15536	-20.496	0.000	947.696	-1504	
58613975	-368	-16	15584	-22.448	-0.976	950.624	-1520	
58653786	-336	0	15584	-20.496	0.000	950.624	-1536	
58693595	-304	0	15552	-18.544	0.000	948.672	-1568	
58733403	-320	0	15600	-19.520	0.000	951.600	-1584	
58773213	-304	-48	15520	-18.544	-2.928	946.720	-1520	
58813023	-320	-32	15520	-19.520	-1.952	946.720	-1504	
58852833	-320	-32	15552	-19.520	-1.952	948.672	-1504	
58892644	-336	-16	15584	-20.496	-0.976	950.624	-1536	
58932453	-288	-32	15568	-17.568	-1.952	949.648	-1488	
58972261	-320	0	15616	-19.520	0.000	952.576	-1520	
59012069	-352	0	15536	-21.472	0.000	947.696	-1504	
59051878	-304	0	15552	-18.544	0.000	948.672	-1568	
59091688	-320	-48	15568	-19.520	-2.928	949.648	-1504	
59131498	-336	16	15584	-20.496	0.976	950.624	-1504	
59171307	-304	-48	15584	-18.544	-2.928	950.624	-1520	
59211116	-320	-16	15600	-19.520	-0.976	951.600	-1520	
59250924	-352	-16	15552	-21.472	-0.976	948.672	-1520	
59290733	-320	16	15632	-19.520	0.976	953.552	-1488	
59330543	-320	-48	15536	-19.520	-2.928	947.696	-1488	
59370351	-320	0	15584	-19.520	0.000	950.624	-1520	
59410159	-368	-48	15552	-22.448	-2.928	948.672	-1520	
59449969	-336	-16	15552	-20.496	-0.976	948.672	-1536	
59489778	-288	32	15536	-17.568	1.952	947.696	-1504	
59529591	-368	-48	15584	-22.448	-2.928	950.624	-1568	
59569400	-336	-32	15520	-20.496	-1.952	946.720	-1504	
59609206	-288	-48	15584	-17.568	-2.928	950.624	-1536	
59649017	-336	0	15600	-20.496	0.000	951.600	-1520	
59688829	-288	-16	15584	-17.568	-0.976	950.624	-1536	
59728639	-320	-48	15536	-19.520	-2.928	947.696	-1536	
59768452	-304	-48	15584	-18.544	-2.928	950.624	-1536	
59808263	-304	-16	15584	-18.544	-0.976	950.624	-1520	
59848075	-352	-16	15584	-21.472	-0.976	950.624	-1504	
59887887	-320	-16	15584	-19.520	-0.976	950.624	-1504	
59927699	-352	-48	15600	-21.472	-2.928	951.600	-1520	
59967511	-336	-16	15568	-20.496	-0.976	949.648	-1504	
60007322	-272	-48	15600	-16.592	-2.928	951.600	-1520	
60047131	-304	-32	15536	-18.544	-1.952	947.696	-1536	
60086943	-368	16	15584	-22.448	0.976	950.624	-1536	
60126754	-288	-64	15584	-17.568	-3.904	950.624	-1488	
60166562	-368	-32	15536	-22.448	-1.952	947.696	-1520	
60206372	-320	-32	15552	-19.520	-1.952	948.672	-1536	
60246182	-352	16	15600	-21.472	0.976	951.600	-1520	
60285991	-336	-32	15520	-20.496	-1.952	946.720	-1536	
60325802	-352	-48	15568	-21.472	-2.928	949.648	-1536	
60365612	-352	-32	15600	-21.472	-1.952	951.600	-1504	
60405421	-368	16	15568	-22.448	0.976	949.648	-1536	
60445231	-320	-16	15616	-19.520	-0.976	952.576	-1488	
60485041	-336	-32	15584	-20.496	-1.952	950.624	-1520	
60524849	-288	-16	15584	-17.568	-0.976	950.624	-1504	
60564661	-224	-64	15600	-13.664	-3.904	951.600	-1504	
60604471	-336	-32	15552	-20.496	-1.952	948.672	-1520	
60644281	-320	0	15584	-19.520	0.000	950.624	-1536	
60684093	-288	-48	15584	-17.568	-2.928	950.624	-1552	
60723903	-240	-48	15584	-14.640	-2.928	950.624	-1520	
60763714	-304	-16	15584	-18.544	-0.976	950.624	-1520	
60803527	-336	16	15584	-20.496	0.976	950.624	-1536	
60843337	-336	-16	15552	-20.496	-0.976	948.672	-1536	
60883149	-304	-64	15568	-18.544	-3.904	949.648	-1472	
60922964	-320	-32	15536	-19.520	-1.952	947.696	-1488	
60962778	-320	-16	15568	-19.520	-0.976	949.648	-1520	
61002590	-336	-16	15616	-20.496	-0.976	952.576	-1520	
61042401	-288	-32	15552	-17.568	-1.952	948.672	-1552	
61082215	-352	-16	15600	-21.472	-0.976	951.600	-1552	
61122027	-320	-32	15520	-19.520	-1.952	946.720	-1536	
61161839	-304	32	15600	-18.544	1.952	951.600	-1552	
61201648	-320	-32	15584	-19.520	-1.952	950.624	-1504	
61241460	-336	-32	15568	-20.496	-1.952	949.648	-1504	
61281270	-304	0	15552	-18.544	0.000	948.672	-1472	
61321080	-336	-16	15584	-20.496	-0.976	950.624	-1520	
61360891	-320	-16	15536	-19.520	-0.976	947.696	-1520	
61400702	-256	-80	15552	-15.616	-4.880	948.672	-1520	
61440515	-304	-32	15536	-18.544	-1.952	947.696	-1472	
61480324	-64	-80	15008	-3.904	-4.880	915.488	-1504	
61520137	-416	32	15584	-25.376	1.952	950.624	-1488	
61559948	-400	0	15520	-24.400	0.000	946.720	-1536	
61599761	-272	-48	15600	-16.592	-2.928	951.600	-1440	
61639572	-320	0	15520	-19.520	0.000	946.720	-1520	
61679383	-400	-16	15552	-24.400	-0.976	948.672	-1488	
61719196	-304	0	15568	-18.544	0.000	949.648	-1520	
61759007	-304	-80	15568	-18.544	-4.880	949.648	-1536	
61798821	-288	-16	15600	-17.568	-0.976	951.600	-1552	
61838633	-368	0	15568	-22.448	0.000	949.648	-1552	
61878443	-288	0	15520	-17.568	0.000	946.720	-1520	
61918253	-336	-48	15520	-20.496	-2.928	946.720	-1520	
61958064	-320	-32	15584	-19.520	-1.952	950.624	-1488	
61997875	-352	-16	15600	-21.472	-0.976	951.600	-1520	
62037688	-352	0	15568	-21.472	0.000	949.648	-1504	
62077495	-288	-16	15584	-17.568	-0.976	950.624	-1488	
62117302	-352	-64	15552	-21.472	-3.904	948.672	-1504	
62157112	-320	-16	15584	-19.520	-0.976	950.624	-1504	
62196923	-352	16	15552	-21.472	0.976	948.672	-1504	
62236732	-368	-32	15584	-22.448	-1.952	950.624	-1488	
62276543	-352	-32	15584	-21.472	-1.952	950.624	-1488	
62316351	-304	-48	15552	-18.544	-2.928	948.672	-1504	
62356164	-336	-64	15536	-20.496	-3.904	947.696	-1520	
62395975	-368	32	15584	-22.448	1.952	950.624	-1504	
62435787	-288	-16	15552	-17.568	-0.976	948.672	-1552	
62475598	-320	-16	15552	-19.520	-0.976	948.672	-1568	
62515411	-320	0	15584	-19.520	0.000	950.624	-1520	
62555223	-304	48	15584	-18.544	2.928	950.624	-1504	
62595033	-304	-48	15584	-18.544	-2.928	950.624	-1536	
62634842	-288	-16	15552	-17.568	-0.976	948.672	-1488	
62674652	-368	-48	15552	-22.448	-2.928	948.672	-1472	
62714465	-304	-16	15552	-18.544	-0.976	948.672	-1472	
62754275	-320	-32	15552	-19.520	-1.952	948.672	-1488	
62794089	-320	0	15568	-19.520	0.000	949.648	-1472	
62833901	-304	-16	15568	-18.544	-0.976	949.648	-1520	
62873714	-336	-16	15552	-20.496	-0.976	948.672	-1488	
62913526	-304	-64	15584	-18.544	-3.904	950.624	-1552	
62953339	-288	16	15584	-17.568	0.976	950.624	-1456	
62993152	-320	16	15584	-19.520	0.976	950.624	-1488	
63032962	-304	-48	15552	-18.544	-2.928	948.672	-1504	
63072774	-288	-48	15600	-17.568	-2.928	951.600	-1504	
63112586	-352	-64	15584	-21.472	-3.904	950.624	-1536	
63152399	-304	-48	15584	-18.544	-2.928	950.624	-1568	
63192211	-1312	304	16864	-80.032	18.544	1028.704	-1536	
63232024	-752	320	15376	-45.872	19.520	937.936	-1504	
63271838	-576	48	15568	-35.136	2.928	949.648	-1488	
63311652	-352	-16	15488	-21.472	-0.976	944.768	-1504	
63351461	-272	-16	15536	-16.592	-0.976	947.696	-1488	
63391272	-272	-64	15552	-16.592	-3.904	948.672	-1504	
63431084	-256	-64	15600	-15.616	-3.904	951.600	-1504	
63470897	-304	-48	15552	-18.544	-2.928	948.672	-1552	
63510708	-352	0	15584	-21.472	0.000	950.624	-1536	
63550523	-272	-16	15520	-16.592	-0.976	946.720	-1504	
63590334	-352	-64	15552	-21.472	-3.904	948.672	-1504	
63630145	-320	-32	15520	-19.520	-1.952	946.720	-1520	
63669957	-304	0	15520	-18.544	0.000	946.720	-1488	
63709769	-304	-32	15568	-18.544	-1.952	949.648	-1504	
63749581	-352	-32	15568	-21.472	-1.952	949.648	-1488	
63789392	-288	-48	15536	-17.568	-2.928	947.696	-1536	
63829204	-336	-16	15568	-20.496	-0.976	949.648	-1536	
63869015	-320	0	15616	-19.520	0.000	952.576	-1536	
63908828	-304	16	15568	-18.544	0.976	949.648	-1488	
63948641	-320	0	15616	-19.520	0.000	952.576	-1520	
63988452	-288	0	15568	-17.568	0.000	949.648	-1504	
64028265	-512	192	15648	-31.232	11.712	954.528	-1520	
64068079	-688	176	15392	-41.968	10.736	938.912	-1488	
64107894	-528	64	15472	-32.208	3.904	943.792	-1488	
64147709	-512	48	15456	-31.232	2.928	942.816	-1504	
64187526	-432	16	15552	-26.352	0.976	948.672	-1472	
64227340	-320	-32	15552	-19.520	-1.952	948.672	-1504	
64267154	-320	16	15552	-19.520	0.976	948.672	-1488	
64306968	-288	-48	15568	-17.568	-2.928	949.648	-1456	
64346782	-288	-48	15616	-17.568	-2.928	952.576	-1504	
64386593	-320	0	15568	-19.520	0.000	949.648	-1552	
64426408	-368	-16	15584	-22.448	-0.976	950.624	-1520	
64466222	-336	-16	15568	-20.496	-0.976	949.648	-1520	
64506033	-336	-16	15536	-20.496	-0.976	947.696	-1568	
64545843	-304	-32	15552	-18.544	-1.952	948.672	-1488	
64585656	-320	16	15584	-19.520	0.976	950.624	-1504	
64625467	-272	-32	15584	-16.592	-1.952	950.624	-1536	
64665279	-352	48	15568	-21.472	2.928	949.648	-1488	
64705091	-320	-48	15552	-19.520	-2.928	948.672	-1504	
64744901	-336	-32	15600	-20.496	-1.952	951.600	-1488	
64784712	-304	-16	15520	-18.544	-0.976	946.720	-1504	
64824522	-336	32	15568	-20.496	1.952	949.648	-1504	
64864334	768	-672	15200	46.848	-40.992	927.200	-1488	
64904144	-832	96	15248	-50.752	5.856	930.128	-1552	
64943954	-368	32	15504	-22.448	1.952	945.744	-1488	
64983769	-368	16	15552	-22.448	0.976	948.672	-1488	
65023581	-288	-32	15552	-17.568	-1.952	948.672	-1488	
65063395	-304	-16	15536	-18.544	-0.976	947.696	-1520	
65103205	-288	-16	15584	-17.568	-0.976	950.624	-1520	
65143014	-288	-32	15536	-17.568	-1.952	947.696	-1568	
65182826	-320	-48	15552	-19.520	-2.928	948.672	-1552	
65222636	-320	-48	15600	-19.520	-2.928	951.600	-1520	
65262447	-320	-16	15584	-19.520	-0.976	950.624	-1488	
65302257	-320	0	15552	-19.520	0.000	948.672	-1472	
65342069	-352	-16	15584	-21.472	-0.976	950.624	-1536	
65381880	-304	0	15520	-18.544	0.000	946.720	-1504	
65421690	-352	-64	15568	-21.472	-3.904	949.648	-1504	
65461502	-320	-32	15584	-19.520	-1.952	950.624	-1504	
65501315	-336	-16	15568	-20.496	-0.976	949.648	-1472	
65541126	-320	0	15536	-19.520	0.000	947.696	-1488	
65580937	-304	-64	15536	-18.544	-3.904	947.696	-1488	
65620747	-336	-48	15552	-20.496	-2.928	948.672	-1488	
65660558	-352	0	15520	-21.472	0.000	946.720	-1488	
65700371	-304	-64	15520	-18.544	-3.904	946.720	-1504	
65740184	-336	-48	15584	-20.496	-2.928	950.624	-1520	
65779994	-944	208	16928	-57.584	12.688	1032.608	-1536	
65819806	-688	256	15584	-41.968	15.616	950.624	-1504	
65859619	-416	0	15680	-25.376	0.000	956.480	-1536	
65899430	-288	16	15504	-17.568	0.976	945.744	-1520	
65939242	-400	16	15568	-24.400	0.976	949.648	-1488	
65979053	-272	-48	15584	-16.592	-2.928	950.624	-1472	
66018866	-336	-16	15632	-20.496	-0.976	953.552	-1520	
66058678	-352	-32	15584	-21.472	-1.952	950.624	-1520	
66098488	-352	-32	15568	-21.472	-1.952	949.648	-1536	
66138299	-272	-32	15552	-16.592	-1.952	948.672	-1472	
66178107	-320	-48	15536	-19.520	-2.928	947.696	-1488	
66217919	-272	-32	15520	-16.592	-1.952	946.720	-1504	
66257729	-352	0	15584	-21.472	0.000	950.624	-1472	
66297542	-320	-32	15568	-19.520	-1.952	949.648	-1536	
66337354	-352	0	15568	-21.472	0.000	949.648	-1472	
66377165	-352	-64	15568	-21.472	-3.904	949.648	-1552	
66416976	-304	-64	15552	-18.544	-3.904	948.672	-1520	
66456788	-320	-32	15536	-19.520	-1.952	947.696	-1520	
66496600	-336	-32	15536	-20.496	-1.952	947.696	-1536	
66536412	-304	-96	15552	-18.544	-5.856	948.672	-1568	
66576223	-336	-48	15584	-20.496	-2.928	950.624	-1536	
66616034	-320	-16	15584	-19.520	-0.976	950.624	-1504	
66655848	-272	-16	15552	-16.592	-0.976	948.672	-1536	
66695661	-352	-16	15584	-21.472	-0.976	950.624	-1488	
66735471	-288	-48	15520	-17.568	-2.928	946.720	-1472	
66775283	-320	-32	15552	-19.520	-1.952	948.672	-1520	
66815097	-320	-32	15568	-19.520	-1.952	949.648	-1520	
66854910	-304	-16	15552	-18.544	-0.976	948.672	-1488	
66894721	-320	-16	15584	-19.520	-0.976	950.624	-1520	
66934536	-336	16	15584	-20.496	0.976	950.624	-1504	
66974348	-304	-64	15536	-18.544	-3.904	947.696	-1520	
67014160	-320	-32	15584	-19.520	-1.952	950.624	-1504	
67053973	-336	-48	15568	-20.496	-2.928	949.648	-1472	
67093785	-288	-32	15584	-17.568	-1.952	950.624	-1552	
67133599	-304	0	15568	-18.544	0.000	949.648	-1520	
67173410	-320	-32	15584	-19.520	-1.952	950.624	-1536	
67213224	-352	-64	15600	-21.472	-3.904	951.600	-1504	
67253037	-272	16	15552	-16.592	0.976	948.672	-1520	
67292851	-304	-64	15552	-18.544	-3.904	948.672	-1552	
67332665	-288	-32	15584	-17.568	-1.952	950.624	-1488	
67372478	-336	-16	15568	-20.496	-0.976	949.648	-1488	
67412287	-336	32	15552	-20.496	1.952	948.672	-1504	
67452100	-320	-32	15584	-19.520	-1.952	950.624	-1504	
67491908	-288	0	15600	-17.568	0.000	951.600	-1488	
67531718	-320	-48	15552	-19.520	-2.928	948.672	-1488	
67571529	-288	0	15568	-17.568	0.000	949.648	-1520	
67611342	-288	-80	15536	-17.568	-4.880	947.696	-1520	
67651152	-352	-64	15520	-21.472	-3.904	946.720	-1488	
67690964	-288	0	15552	-17.568	0.000	948.672	-1472	
67730775	-304	0	15600	-18.544	0.000	951.600	-1488	
67770586	-368	0	15600	-22.448	0.000	951.600	-1472	
67810398	-336	-16	15600	-20.496	-0.976	951.600	-1520	
67850211	-304	-32	15616	-18.544	-1.952	952.576	-1456	
67890021	-352	-32	15584	-21.472	-1.952	950.624	-1520	
67929835	-336	-16	15584	-20.496	-0.976	950.624	-1488	
67969648	-304	-64	15600	-18.544	-3.904	951.600	-1488	
68009464	-336	-48	15600	-20.496	-2.928	951.600	-1568	
68049279	-288	-16	15536	-17.568	-0.976	947.696	-1520	
68089093	-320	-32	15584	-19.520	-1.952	950.624	-1584	
68128907	-352	-32	15568	-21.472	-1.952	949.648	-1520	
68168718	-304	0	15600	-18.544	0.000	951.600	-1472	
68208530	-288	16	15600	-17.568	0.976	951.600	-1520	
68248344	-336	-48	15584	-20.496	-2.928	950.624	-1488	
68288155	-304	-64	15584	-18.544	-3.904	950.624	-1488	
68327967	-320	16	15600	-19.520	0.976	951.600	-1472	
68367775	-320	-32	15536	-19.520	-1.952	947.696	-1488	
68407585	-320	16	15520	-19.520	0.976	946.720	-1536	
68447397	-320	-32	15584	-19.520	-1.952	950.624	-1472	
68487209	-304	-48	15520	-18.544	-2.928	946.720	-1536	
68527020	-320	16	15568	-19.520	0.976	949.648	-1488	
68566829	-288	-48	15552	-17.568	-2.928	948.672	-1504	
68606640	-304	-48	15584	-18.544	-2.928	950.624	-1488	
68646453	-320	-64	15568	-19.520	-3.904	949.648	-1520	
68686265	-352	-32	15600	-21.472	-1.952	951.600	-1488	
68726078	-352	-16	15584	-21.472	-0.976	950.624	-1504	
68765895	-320	0	15552	-19.520	0.000	948.672	-1520	
68805707	-304	-32	15584	-18.544	-1.952	950.624	-1520	
68845518	-272	0	15584	-16.592	0.000	950.624	-1488	
68885328	-336	-48	15584	-20.496	-2.928	950.624	-1552	
68925140	-288	-16	15520	-17.568	-0.976	946.720	-1520	
68964951	-352	0	15616	-21.472	0.000	952.576	-1504	
69004763	-320	0	15584	-19.520	0.000	950.624	-1504	
69044577	-336	-80	15568	-20.496	-4.880	949.648	-1536	
69084392	-304	-32	15600	-18.544	-1.952	951.600	-1488	
69124203	-320	-16	15584	-19.520	-0.976	950.624	-1552	
69164015	-320	0	15584	-19.520	0.000	950.624	-1504	
69203825	-320	-16	15600	-19.520	-0.976	951.600	-1536	
69243636	-256	-32	15536	-15.616	-1.952	947.696	-1472	
69283447	-304	-32	15584	-18.544	-1.952	950.624	-1504	
69323257	-352	-48	15648	-21.472	-2.928	954.528	-1520	
69363067	-336	16	15584	-20.496	0.976	950.624	-1504	
69402880	-304	16	15616	-18.544	0.976	952.576	-1504	
69442692	-336	-32	15536	-20.496	-1.952	947.696	-1504	
69482501	-336	48	15600	-20.496	2.928	951.600	-1536	
69522313	-320	-32	15584	-19.520	-1.952	950.624	-1488	
69562124	-272	-16	15600	-16.592	-0.976	951.600	-1504	
69601933	-336	-48	15584	-20.496	-2.928	950.624	-1488	
69641743	-336	0	15600	-20.496	0.000	951.600	-1504	
69681551	-336	-32	15552	-20.496	-1.952	948.672	-1552	
69721362	-320	0	15600	-19.520	0.000	951.600	-1536	
69761172	-304	0	15584	-18.544	0.000	950.624	-1520	
69800984	-304	0	15552	-18.544	0.000	948.672	-1488	
69840795	-352	-32	15584	-21.472	-1.952	950.624	-1504	
69880605	-304	0	15536	-18.544	0.000	947.696	-1536	
69920418	-320	-16	15584	-19.520	-0.976	950.624	-1504	
69960230	-352	0	15536	-21.472	0.000	947.696	-1504	
70000042	-352	-48	15584	-21.472	-2.928	950.624	-1504	
70039852	-320	-48	15568	-19.520	-2.928	949.648	-1504	
70079661	-288	-16	15520	-17.568	-0.976	946.720	-1472	
70119470	-288	16	15552	-17.568	0.976	948.672	-1520	
70159281	-304	0	15552	-18.544	0.000	948.672	-1504	
70199093	-320	32	15584	-19.520	1.952	950.624	-1552	
70238905	-304	-64	15568	-18.544	-3.904	949.648	-1488	
70278717	-272	-48	15536	-16.592	-2.928	947.696	-1504	
70318530	-288	-16	15552	-17.568	-0.976	948.672	-1456	
70358341	-320	-16	15568	-19.520	-0.976	949.648	-1488	
70398154	-304	-32	15584	-18.544	-1.952	950.624	-1472	
70437965	-304	0	15584	-18.544	0.000	950.624	-1520	
70477778	-240	-32	15456	-14.640	-1.952	942.816	-1520	
70517591	-528	112	15888	-32.208	6.832	969.168	-1520	
70557403	-352	64	15680	-21.472	3.904	956.480	-1536	
70597213	-864	160	15360	-52.704	9.760	936.960	-1520	
70637025	-432	0	15392	-26.352	0.000	938.912	-1488	
70676837	-416	64	15520	-25.376	3.904	946.720	-1520	
70716647	-368	80	15520	-22.448	4.880	946.720	-1488	
70756457	-336	32	15584	-20.496	1.952	950.624	-1488	
70796268	-272	-48	15616	-16.592	-2.928	952.576	-1520	
70836080	-352	-32	15584	-21.472	-1.952	950.624	-1488	
70875890	-352	64	15584	-21.472	3.904	950.624	-1504	
70915701	-320	0	15568	-19.520	0.000	949.648	-1504	
70955514	-288	-32	15568	-17.568	-1.952	949.648	-1488	
70995328	-336	-32	15584	-20.496	-1.952	950.624	-1520	
71035141	-304	0	15584	-18.544	0.000	950.624	-1504	
71074951	-352	-16	15600	-21.472	-0.976	951.600	-1520	
71114762	-304	-48	15616	-18.544	-2.928	952.576	-1552	
71154576	-320	-32	15584	-19.520	-1.952	950.624	-1488	
71194386	-304	-16	15600	-18.544	-0.976	951.600	-1488	
71234196	-320	16	15584	-19.520	0.976	950.624	-1520	
71274010	-320	16	15536	-19.520	0.976	947.696	-1520	
71313822	-304	-32	15584	-18.544	-1.952	950.624	-1520	
71353635	-304	-32	15568	-18.544	-1.952	949.648	-1536	
71393446	-336	-16	15536	-20.496	-0.976	947.696	-1568	
71433258	-336	0	15520	-20.496	0.000	946.720	-1504	
71473070	-320	-48	15568	-19.520	-2.928	949.648	-1520	
71512882	-256	0	15568	-15.616	0.000	949.648	-1520	
71552692	-336	-32	15552	-20.496	-1.952	948.672	-1552	
71592505	-320	-16	15552	-19.520	-0.976	948.672	-1504	
71632313	-368	16	15568	-22.448	0.976	949.648	-1488	
71672123	-320	-16	15616	-19.520	-0.976	952.576	-1488	
71711933	-320	-48	15600	-19.520	-2.928	951.600	-1488	
71751744	-352	-48	15552	-21.472	-2.928	948.672	-1520	
71791559	-304	-16	15552	-18.544	-0.976	948.672	-1504	
71831370	-272	0	15536	-16.592	0.000	947.696	-1504	
71871182	-304	-80	15568	-18.544	-4.880	949.648	-1536	
71910995	-352	-48	15584	-21.472	-2.928	950.624	-1472	
71950806	-304	32	15536	-18.544	1.952	947.696	-1504	
71990619	-304	0	15584	-18.544	0.000	950.624	-1520	
72030430	-320	-16	15520	-19.520	-0.976	946.720	-1472	
72070239	-320	-16	15552	-19.520	-0.976	948.672	-1504	
72110048	-320	-16	15552	-19.520	-0.976	948.672	-1536	
72149861	-304	-16	15584	-18.544	-0.976	950.624	-1520	
72189673	-320	-16	15568	-19.520	-0.976	949.648	-1488	
72229485	-304	32	15616	-18.544	1.952	952.576	-1504	
72269298	-352	-32	15536	-21.472	-1.952	947.696	-1456	
72309111	-272	-32	15552	-16.592	-1.952	948.672	-1520	
72348924	-320	-16	15584	-19.520	-0.976	950.624	-1488	
72388734	-304	-32	15536	-18.544	-1.952	947.696	-1504	
72428547	-320	0	15568	-19.520	0.000	949.648	-1520	
72468359	-368	-32	15632	-22.448	-1.952	953.552	-1504	
72508168	-288	32	15584	-17.568	1.952	950.624	-1520	
72547976	-336	-32	15616	-20.496	-1.952	952.576	-1488	
72587787	-304	-16	15552	-18.544	-0.976	948.672	-1504	
72627595	-336	-16	15552	-20.496	-0.976	948.672	-1536	
72667408	-288	-48	15552	-17.568	-2.928	948.672	-1456	
72707218	-352	0	15552	-21.472	0.000	948.672	-1488	
72747029	-368	0	15568	-22.448	0.000	949.648	-1536	
72786842	-272	-80	15520	-16.592	-4.880	946.720	-1488	
72826654	-320	-32	15584	-19.520	-1.952	950.624	-1536	
72866465	-336	16	15552	-20.496	0.976	948.672	-1536	
72906275	-304	-32	15552	-18.544	-1.952	948.672	-1520	
72946084	-320	-48	15584	-19.520	-2.928	950.624	-1504	
72985896	-288	0	15584	-17.568	0.000	950.624	-1504	
73025707	-336	-16	15584	-20.496	-0.976	950.624	-1488	
73065519	-288	-80	15584	-17.568	-4.880	950.624	-1488	
73105333	-368	-32	15552	-22.448	-1.952	948.672	-1472	
73145148	-320	-16	15520	-19.520	-0.976	946.720	-1504	
73184959	-336	-16	15536	-20.496	-0.976	947.696	-1504	
73224772	-272	0	15536	-16.592	0.000	947.696	-1488	
73264586	-320	-48	15536	-19.520	-2.928	947.696	-1472	
73304397	-288	-48	15552	-17.568	-2.928	948.672	-1536	
73344208	-336	32	15456	-20.496	1.952	942.816	-1488	
73384020	-304	-48	15600	-18.544	-2.928	951.600	-1504	
73423833	-352	16	15568	-21.472	0.976	949.648	-1504	
73463646	-320	-32	15552	-19.520	-1.952	948.672	-1472	
73503456	-272	-64	15584	-16.592	-3.904	950.624	-1504	
73543264	-288	-48	15600	-17.568	-2.928	951.600	-1520	
73583076	-288	-64	15536	-17.568	-3.904	947.696	-1520	
73622889	-304	16	15600	-18.544	0.976	951.600	-1568	
73662702	-688	624	15968	-41.968	38.064	974.048	-1536	
73702514	-1216	352	15280	-74.176	21.472	932.080	-1520	
73742327	-512	48	15456	-31.232	2.928	942.816	-1520	
