Timestamp [us]	A_X [LSB]	A_Y [LSB]	A_Z [LSB]	A_X [mg]	A_Y [mg]	A_Z [mg]	QVAR [LSB]	
13320	-464	64	15776	-28.304	3.904	962.336	-1472	
53132	-288	32	15328	-17.568	1.952	935.008	-1472	
92939	-272	-80	15536	-16.592	-4.880	947.696	-1424	
132750	-224	-64	15520	-13.664	-3.904	946.720	-1440	
172557	-352	-96	15632	-21.472	-5.856	953.552	-1408	
212366	-352	0	15552	-21.472	0.000	948.672	-1424	
252172	-352	-32	15552	-21.472	-1.952	948.672	-1456	
291981	-256	-16	15552	-15.616	-0.976	948.672	-1456	
331791	-288	-48	15568	-17.568	-2.928	949.648	-1424	
371603	-272	16	15584	-16.592	0.976	950.624	-1488	
411414	-304	16	15600	-18.544	0.976	951.600	-1424	
451226	-320	-48	15552	-19.520	-2.928	948.672	-1424	
491037	-272	-16	15536	-16.592	-0.976	947.696	-1456	
530849	-320	-32	15568	-19.520	-1.952	949.648	-1488	
570660	-336	16	15584	-20.496	0.976	950.624	-1456	
610470	-336	-16	15568	-20.496	-0.976	949.648	-1472	
650280	-288	-64	15552	-17.568	-3.904	948.672	-1504	
690092	-320	0	15552	-19.520	0.000	948.672	-1440	
729902	-352	16	15584	-21.472	0.976	950.624	-1440	
769714	-336	0	15584	-20.496	0.000	950.624	-1440	
809525	-288	-48	15520	-17.568	-2.928	946.720	-1440	
849335	-288	-32	15600	-17.568	-1.952	951.600	-1408	
889146	-304	-48	15536	-18.544	-2.928	947.696	-1456	
928956	-320	0	15568	-19.520	0.000	949.648	-1440	
968766	-320	-32	15552	-19.520	-1.952	948.672	-1424	
1008576	-320	16	15536	-19.520	0.976	947.696	-1456	
1048387	-336	-64	15536	-20.496	-3.904	947.696	-1488	
1088202	-288	-32	15568	-17.568	-1.952	949.648	-1408	
1128012	-272	-16	15536	-16.592	-0.976	947.696	-1472	
1167822	-336	0	15536	-20.496	0.000	947.696	-1472	
1207630	-320	-32	15536	-19.520	-1.952	947.696	-1456	
1247440	-368	32	15536	-22.448	1.952	947.696	-1472	
1287250	-320	-32	15584	-19.520	-1.952	950.624	-1456	
1327060	-304	0	15584	-18.544	0.000	950.624	-1472	
1366870	-368	-32	15552	-22.448	-1.952	948.672	-1488	
1406680	-272	-32	15584	-16.592	-1.952	950.624	-1456	
1446493	-288	-64	15600	-17.568	-3.904	951.600	-1424	
1486306	-288	-16	15536	-17.568	-0.976	947.696	-1440	
1526117	-368	-48	15584	-22.448	-2.928	950.624	-1472	
1565930	-320	-32	15552	-19.520	-1.952	948.672	-1472	
1605741	-352	-16	15552	-21.472	-0.976	948.672	-1472	
1645552	-288	-16	15552	-17.568	-0.976	948.672	-1488	
1685366	-320	-48	15584	-19.520	-2.928	950.624	-1488	
1725176	-320	-16	15552	-19.520	-0.976	948.672	-1456	
1764988	-272	0	15552	-16.592	0.000	948.672	-1456	
1804798	-336	-32	15584	-20.496	-1.952	950.624	-1456	
1844609	-320	0	15568	-19.520	0.000	949.648	-1440	
1884418	-304	-16	15584	-18.544	-0.976	950.624	-1456	
1924229	-336	0	15568	-20.496	0.000	949.648	-1472	
1964041	-304	-32	15600	-18.544	-1.952	951.600	-1472	
2003850	-320	-32	15584	-19.520	-1.952	950.624	-1504	
2043659	-336	-32	15536	-20.496	-1.952	947.696	-1472	
2083470	-336	-16	15536	-20.496	-0.976	947.696	-1456	
2123280	-352	-16	15584	-21.472	-0.976	950.624	-1456	
2163087	-336	-16	15600	-20.496	-0.976	951.600	-1472	
2202898	-272	0	15552	-16.592	0.000	948.672	-1472	
2242708	-320	-48	15552	-19.520	-2.928	948.672	-1472	
2282519	-336	-32	15552	-20.496	-1.952	948.672	-1440	
2322330	-320	-16	15584	-19.520	-0.976	950.624	-1456	
2362140	-336	-16	15552	-20.496	-0.976	948.672	-1456	
2401949	-320	-48	15584	-19.520	-2.928	950.624	-1456	
2441760	-304	-64	15520	-18.544	-3.904	946.720	-1456	
2481570	-288	-16	15552	-17.568	-0.976	948.672	-1520	
2521381	-320	-48	15568	-19.520	-2.928	949.648	-1424	
2561191	-336	-32	15584	-20.496	-1.952	950.624	-1424	
2601001	-304	-16	15552	-18.544	-0.976	948.672	-1488	
2640814	-320	-80	15552	-19.520	-4.880	948.672	-1488	
2680627	-320	-48	15568	-19.520	-2.928	949.648	-1504	
2720438	-288	-16	15536	-17.568	-0.976	947.696	-1488	
2760247	-320	-16	15584	-19.520	-0.976	950.624	-1504	
2800056	-288	-32	15552	-17.568	-1.952	948.672	-1456	
2839864	-336	-32	15600	-20.496	-1.952	951.600	-1440	
2879676	-352	-32	15584	-21.472	-1.952	950.624	-1472	
2919485	-304	-64	15568	-18.544	-3.904	949.648	-1488	
2959294	-320	-32	15616	-19.520	-1.952	952.576	-1440	
2999103	-336	0	15584	-20.496	0.000	950.624	-1488	
3038914	-288	-16	15536	-17.568	-0.976	947.696	-1488	
3078724	-320	-16	15568	-19.520	-0.976	949.648	-1504	
3118532	-384	16	15584	-23.424	0.976	950.624	-1472	
3158340	-320	-32	15584	-19.520	-1.952	950.624	-1456	
3198149	-288	-48	15584	-17.568	-2.928	950.624	-1488	
3237958	-272	0	15584	-16.592	0.000	950.624	-1456	
3277766	-288	-48	15600	-17.568	-2.928	951.600	-1408	
3317576	-304	-32	15568	-18.544	-1.952	949.648	-1440	
3357389	-352	-32	15536	-21.472	-1.952	947.696	-1472	
3397199	-320	0	15552	-19.520	0.000	948.672	-1456	
3437010	-336	-16	15584	-20.496	-0.976	950.624	-1472	
3476822	-304	-48	15536	-18.544	-2.928	947.696	-1488	
3516629	-336	-16	15584	-20.496	-0.976	950.624	-1520	
3556440	-320	-32	15568	-19.520	-1.952	949.648	-1456	
3596252	-320	-64	15600	-19.520	-3.904	951.600	-1456	
3636062	-320	-32	15568	-19.520	-1.952	949.648	-1472	
3675875	-336	-16	15584	-20.496	-0.976	950.624	-1472	
3715684	-304	-48	15584	-18.544	-2.928	950.624	-1488	
3755494	-304	-48	15536	-18.544	-2.928	947.696	-1488	
3795304	-320	-48	15536	-19.520	-2.928	947.696	-1472	
3835115	-320	-16	15600	-19.520	-0.976	951.600	-1504	
3874924	-256	-48	15552	-15.616	-2.928	948.672	-1440	
3914733	-320	-16	15584	-19.520	-0.976	950.624	-1472	
3954543	-304	-48	15536	-18.544	-2.928	947.696	-1488	
3994354	-304	0	15552	-18.544	0.000	948.672	-1456	
4034163	-288	-16	15584	-17.568	-0.976	950.624	-1440	
4073973	-336	-64	15584	-20.496	-3.904	950.624	-1440	
4113784	-336	0	15584	-20.496	0.000	950.624	-1456	
4153596	-272	-64	15520	-16.592	-3.904	946.720	-1504	
4193404	-304	-32	15584	-18.544	-1.952	950.624	-1456	
4233217	-336	0	15536	-20.496	0.000	947.696	-1472	
4273026	-320	-16	15584	-19.520	-0.976	950.624	-1504	
4312836	-304	-80	15584	-18.544	-4.880	950.624	-1472	
4352649	-320	-32	15568	-19.520	-1.952	949.648	-1488	
4392460	-336	0	15600	-20.496	0.000	951.600	-1456	
4432270	-288	0	15584	-17.568	0.000	950.624	-1472	
4472082	-368	0	15552	-22.448	0.000	948.672	-1472	
4511898	-288	-16	15520	-17.568	-0.976	946.720	-1488	
4551709	-288	-64	15584	-17.568	-3.904	950.624	-1440	
4591521	-336	16	15584	-20.496	0.976	950.624	-1456	
4631333	-320	-32	15584	-19.520	-1.952	950.624	-1488	
4671145	-320	-16	15536	-19.520	-0.976	947.696	-1456	
4710957	-304	-48	15552	-18.544	-2.928	948.672	-1504	
4750766	-352	-32	15536	-21.472	-1.952	947.696	-1488	
4790576	-336	-16	15552	-20.496	-0.976	948.672	-1440	
4830387	-320	-48	15584	-19.520	-2.928	950.624	-1472	
4870199	-352	-32	15536	-21.472	-1.952	947.696	-1456	
4910008	-288	-64	15584	-17.568	-3.904	950.624	-1440	
4949821	-320	0	15568	-19.520	0.000	949.648	-1472	
4989635	-320	-64	15568	-19.520	-3.904	949.648	-1472	
5029446	-352	0	15568	-21.472	0.000	949.648	-1504	
5069257	-304	-16	15520	-18.544	-0.976	946.720	-1536	
5109067	-272	-16	15600	-16.592	-0.976	951.600	-1488	
5148882	-320	-16	15616	-19.520	-0.976	952.576	-1472	
5188692	-336	-16	15520	-20.496	-0.976	946.720	-1488	
5228502	-336	-32	15536	-20.496	-1.952	947.696	-1456	
5268311	-368	-32	15568	-22.448	-1.952	949.648	-1488	
5308123	-320	-32	15584	-19.520	-1.952	950.624	-1456	
5347936	-272	-48	15536	-16.592	-2.928	947.696	-1488	
5387747	-336	-16	15552	-20.496	-0.976	948.672	-1472	
5427561	-336	-16	15552	-20.496	-0.976	948.672	-1488	
5467372	-352	16	15584	-21.472	0.976	950.624	-1472	
5507181	-272	-32	15600	-16.592	-1.952	951.600	-1488	
5546992	-304	-48	15520	-18.544	-2.928	946.720	-1472	
5586803	-304	-32	15568	-18.544	-1.952	949.648	-1472	
5626611	-320	-32	15584	-19.520	-1.952	950.624	-1440	
5666418	-320	0	15568	-19.520	0.000	949.648	-1488	
5706228	-288	16	15616	-17.568	0.976	952.576	-1472	
5746038	-304	-32	15584	-18.544	-1.952	950.624	-1472	
5785851	-288	0	15552	-17.568	0.000	948.672	-1456	
5825661	-352	-16	15584	-21.472	-0.976	950.624	-1520	
5865470	-304	-16	15584	-18.544	-0.976	950.624	-1504	
5905276	-288	-16	15552	-17.568	-0.976	948.672	-1504	
5945083	-352	-64	15584	-21.472	-3.904	950.624	-1488	
5984892	-272	-48	15568	-16.592	-2.928	949.648	-1488	
6024700	-304	-32	15536	-18.544	-1.952	947.696	-1472	
6064509	-336	-16	15552	-20.496	-0.976	948.672	-1472	
6104319	-368	-32	15600	-22.448	-1.952	951.600	-1456	
6144132	-272	-64	15536	-16.592	-3.904	947.696	-1488	
6183943	-320	0	15520	-19.520	0.000	946.720	-1472	
6223755	-336	0	15584	-20.496	0.000	950.624	-1488	
6263565	-336	-32	15584	-20.496	-1.952	950.624	-1456	
6303377	-304	-48	15552	-18.544	-2.928	948.672	-1504	
6343189	-336	-48	15600	-20.496	-2.928	951.600	-1488	
6382999	-336	16	15600	-20.496	0.976	951.600	-1536	
6422811	-336	-48	15584	-20.496	-2.928	950.624	-1440	
6462622	-336	-48	15600	-20.496	-2.928	951.600	-1472	
6502429	-336	-16	15648	-20.496	-0.976	954.528	-1440	
6542241	-320	-32	15584	-19.520	-1.952	950.624	-1520	
6582054	-304	-32	15520	-18.544	-1.952	946.720	-1504	
6621864	-336	-32	15584	-20.496	-1.952	950.624	-1504	
6661675	-320	16	15568	-19.520	0.976	949.648	-1488	
6701485	-304	-48	15568	-18.544	-2.928	949.648	-1488	
6741295	-288	-48	15600	-17.568	-2.928	951.600	-1472	
6781105	-336	0	15552	-20.496	0.000	948.672	-1520	
6820915	-304	0	15584	-18.544	0.000	950.624	-1504	
6860725	-304	-32	15584	-18.544	-1.952	950.624	-1472	
6900535	-320	16	15536	-19.520	0.976	947.696	-1488	
6940343	-304	-32	15584	-18.544	-1.952	950.624	-1488	
6980152	-320	-64	15584	-19.520	-3.904	950.624	-1472	
7019961	-336	0	15584	-20.496	0.000	950.624	-1488	
7059774	-304	-32	15584	-18.544	-1.952	950.624	-1536	
7099586	-320	-64	15552	-19.520	-3.904	948.672	-1488	
7139397	-304	-16	15600	-18.544	-0.976	951.600	-1520	
7179206	-320	-16	15536	-19.520	-0.976	947.696	-1472	
7219017	-304	0	15552	-18.544	0.000	948.672	-1440	
7258828	-304	-64	15584	-18.544	-3.904	950.624	-1504	
7298641	-320	-32	15552	-19.520	-1.952	948.672	-1456	
7338451	-352	-48	15536	-21.472	-2.928	947.696	-1488	
7378262	-288	16	15568	-17.568	0.976	949.648	-1504	
7418076	-304	-16	15568	-18.544	-0.976	949.648	-1504	
7457888	-352	0	15504	-21.472	0.000	945.744	-1536	
7497700	-336	-64	15568	-20.496	-3.904	949.648	-1504	
7537511	-352	-48	15584	-21.472	-2.928	950.624	-1456	
7577321	-320	0	15584	-19.520	0.000	950.624	-1472	
7617131	-304	0	15568	-18.544	0.000	949.648	-1456	
7656942	-336	32	15600	-20.496	1.952	951.600	-1472	
7696751	-336	16	15584	-20.496	0.976	950.624	-1488	
7736562	-336	-16	15584	-20.496	-0.976	950.624	-1504	
7776376	-288	48	15584	-17.568	2.928	950.624	-1472	
7816188	-336	0	15600	-20.496	0.000	951.600	-1472	
7855999	-288	-16	15584	-17.568	-0.976	950.624	-1472	
7895810	-336	-32	15568	-20.496	-1.952	949.648	-1488	
7935621	-304	-48	15568	-18.544	-2.928	949.648	-1456	
7975433	-336	0	15584	-20.496	0.000	950.624	-1488	
8015246	-336	32	15552	-20.496	1.952	948.672	-1504	
8055059	-320	0	15616	-19.520	0.000	952.576	-1536	
8094869	-272	16	15616	-16.592	0.976	952.576	-1440	
8134680	-400	-48	15552	-24.400	-2.928	948.672	-1472	
8174489	-304	-48	15584	-18.544	-2.928	950.624	-1488	
8214300	-304	-48	15616	-18.544	-2.928	952.576	-1472	
8254110	-320	16	15536	-19.520	0.976	947.696	-1488	
8293917	-320	-48	15568	-19.520	-2.928	949.648	-1504	
8333724	-336	-16	15536	-20.496	-0.976	947.696	-1504	
8373531	-320	0	15552	-19.520	0.000	948.672	-1520	
8413340	-320	-48	15584	-19.520	-2.928	950.624	-1488	
8453149	-320	-48	15584	-19.520	-2.928	950.624	-1488	
8492957	-272	-48	15536	-16.592	-2.928	947.696	-1504	
8532767	-304	-32	15552	-18.544	-1.952	948.672	-1504	
8572577	-304	-48	15552	-18.544	-2.928	948.672	-1472	
8612386	-288	16	15552	-17.568	0.976	948.672	-1520	
8652195	-288	-32	15552	-17.568	-1.952	948.672	-1504	
8692006	-336	-48	15584	-20.496	-2.928	950.624	-1504	
8731817	-288	0	15568	-17.568	0.000	949.648	-1472	
8771629	-304	-64	15584	-18.544	-3.904	950.624	-1520	
8811441	-336	-32	15552	-20.496	-1.952	948.672	-1504	
8851252	-336	-64	15584	-20.496	-3.904	950.624	-1504	
8891060	-304	-32	15616	-18.544	-1.952	952.576	-1488	
8930869	-320	-32	15584	-19.520	-1.952	950.624	-1504	
8970676	-336	0	15568	-20.496	0.000	949.648	-1440	
9010488	-272	-32	15536	-16.592	-1.952	947.696	-1488	
9050297	-336	0	15600	-20.496	0.000	951.600	-1488	
9090106	-320	16	15584	-19.520	0.976	950.624	-1504	
9129914	-272	-64	15600	-16.592	-3.904	951.600	-1520	
9169719	-288	-32	15584	-17.568	-1.952	950.624	-1568	
9209529	-304	-16	15520	-18.544	-0.976	946.720	-1504	
9249334	-320	-32	15584	-19.520	-1.952	950.624	-1504	
9289142	-272	-32	15536	-16.592	-1.952	947.696	-1488	
9328951	-320	-16	15568	-19.520	-0.976	949.648	-1504	
9368761	-320	0	15584	-19.520	0.000	950.624	-1504	
9408571	-304	-64	15520	-18.544	-3.904	946.720	-1504	
9448379	-336	0	15552	-20.496	0.000	948.672	-1472	
9488191	-304	-48	15584	-18.544	-2.928	950.624	-1520	
9528001	-288	-48	15584	-17.568	-2.928	950.624	-1488	
9567810	-256	-48	15584	-15.616	-2.928	950.624	-1504	
9607622	-320	-16	15600	-19.520	-0.976	951.600	-1488	
9647430	-320	-32	15568	-19.520	-1.952	949.648	-1488	
9687242	-352	-80	15680	-21.472	-4.880	956.480	-1456	
9727053	-368	0	15600	-22.448	0.000	951.600	-1488	
9766861	-304	-16	15568	-18.544	-0.976	949.648	-1488	
9806667	-368	0	15568	-22.448	0.000	949.648	-1472	
9846475	-368	-32	15552	-22.448	-1.952	948.672	-1488	
9886285	-288	16	15520	-17.568	0.976	946.720	-1472	
9926095	-320	-16	15648	-19.520	-0.976	954.528	-1504	
9965905	-320	-64	15600	-19.520	-3.904	951.600	-1536	
10005714	-272	16	15520	-16.592	0.976	946.720	-1520	
10045522	-336	-48	15536	-20.496	-2.928	947.696	-1520	
10085334	-352	-32	15600	-21.472	-1.952	951.600	-1520	
10125144	-320	16	15616	-19.520	0.976	952.576	-1472	
10164951	-320	0	15568	-19.520	0.000	949.648	-1520	
10204762	-368	-32	15600	-22.448	-1.952	951.600	-1488	
10244573	-336	-64	15568	-20.496	-3.904	949.648	-1488	
10284382	-320	-32	15600	-19.520	-1.952	951.600	-1488	
10324190	-304	-16	15584	-18.544	-0.976	950.624	-1488	
10364002	-256	-32	15600	-15.616	-1.952	951.600	-1472	
10403813	-304	-16	15616	-18.544	-0.976	952.576	-1488	
10443624	-336	-32	15600	-20.496	-1.952	951.600	-1504	
10483434	-288	-48	15552	-17.568	-2.928	948.672	-1504	
10523244	-336	-16	15552	-20.496	-0.976	948.672	-1536	
10563055	-352	-48	15568	-21.472	-2.928	949.648	-1504	
10602867	-288	-16	15648	-17.568	-0.976	954.528	-1472	
10642676	-320	-32	15568	-19.520	-1.952	949.648	-1504	
10682483	-288	32	15568	-17.568	1.952	949.648	-1504	
10722291	-352	-32	15520	-21.472	-1.952	946.720	-1472	
10762100	-304	-32	15584	-18.544	-1.952	950.624	-1536	
10801908	-336	-32	15600	-20.496	-1.952	951.600	-1488	
10841717	-400	0	15536	-24.400	0.000	947.696	-1472	
10881526	-256	-32	15520	-15.616	-1.952	946.720	-1504	
10921337	-384	16	15584	-23.424	0.976	950.624	-1488	
10961145	-192	-16	15520	-11.712	-0.976	946.720	-1488	
11000953	-320	-48	15600	-19.520	-2.928	951.600	-1472	
11040760	-320	-16	15600	-19.520	-0.976	951.600	-1488	
11080573	-352	0	15536	-21.472	0.000	947.696	-1504	
11120386	-400	-32	15600	-24.400	-1.952	951.600	-1488	
11160196	-320	0	15584	-19.520	0.000	950.624	-1488	
11200009	-304	-48	15600	-18.544	-2.928	951.600	-1488	
11239816	-320	0	15552	-19.520	0.000	948.672	-1520	
11279626	-320	0	15584	-19.520	0.000	950.624	-1488	
11319437	-336	-32	15584	-20.496	-1.952	950.624	-1472	
11359248	-320	-32	15584	-19.520	-1.952	950.624	-1472	
11399059	-400	0	15616	-24.400	0.000	952.576	-1488	
11438871	-368	16	15584	-22.448	0.976	950.624	-1488	
11478682	-336	16	15536	-20.496	0.976	947.696	-1504	
11518492	-336	-48	15552	-20.496	-2.928	948.672	-1488	
11558301	-368	-16	15536	-22.448	-0.976	947.696	-1520	
11598112	-304	-16	15536	-18.544	-0.976	947.696	-1536	
11637923	-288	-16	15584	-17.568	-0.976	950.624	-1520	
11677736	-368	-48	15552	-22.448	-2.928	948.672	-1520	
11717545	-320	-64	15552	-19.520	-3.904	948.672	-1488	
11757357	-400	0	15552	-24.400	0.000	948.672	-1536	
11797169	-320	16	15552	-19.520	0.976	948.672	-1488	
11836978	-304	-48	15584	-18.544	-2.928	950.624	-1520	
11876791	-304	-48	15568	-18.544	-2.928	949.648	-1488	
11916600	-288	-48	15520	-17.568	-2.928	946.720	-1536	
11956409	-320	-16	15536	-19.520	-0.976	947.696	-1504	
11996216	-320	-48	15552	-19.520	-2.928	948.672	-1488	
12036024	-352	-32	15584	-21.472	-1.952	950.624	-1472	
12075834	-352	-16	15552	-21.472	-0.976	948.672	-1488	
12115645	-336	0	15568	-20.496	0.000	949.648	-1488	
12155455	-352	16	15600	-21.472	0.976	951.600	-1472	
12195264	-304	32	15568	-18.544	1.952	949.648	-1488	
12235074	-320	-32	15584	-19.520	-1.952	950.624	-1472	
12274882	-288	-32	15552	-17.568	-1.952	948.672	-1456	
12314692	-320	16	15600	-19.520	0.976	951.600	-1472	
12354502	-320	-32	15584	-19.520	-1.952	950.624	-1504	
12394311	-288	-32	15600	-17.568	-1.952	951.600	-1536	
12434121	-368	-16	15520	-22.448	-0.976	946.720	-1536	
12473931	-400	0	15584	-24.400	0.000	950.624	-1552	
12513740	-288	0	15552	-17.568	0.000	948.672	-1520	
12553549	-304	-64	15584	-18.544	-3.904	950.624	-1504	
12593361	-304	16	15584	-18.544	0.976	950.624	-1488	
12633170	-288	0	15584	-17.568	0.000	950.624	-1488	
12672978	-304	-32	15552	-18.544	-1.952	948.672	-1488	
12712786	-304	-16	15584	-18.544	-0.976	950.624	-1504	
12752596	-336	-16	15520	-20.496	-0.976	946.720	-1504	
12792404	-288	-16	15568	-17.568	-0.976	949.648	-1472	
12832214	-240	-16	15600	-14.640	-0.976	951.600	-1504	
12872022	-272	-48	15584	-16.592	-2.928	950.624	-1504	
12911833	-272	-16	15568	-16.592	-0.976	949.648	-1504	
12951642	-304	-80	15552	-18.544	-4.880	948.672	-1488	
12991449	-368	0	15536	-22.448	0.000	947.696	-1472	
13031258	-320	-64	15600	-19.520	-3.904	951.600	-1520	
13071068	-272	-32	15552	-16.592	-1.952	948.672	-1472	
13110879	-320	-80	15600	-19.520	-4.880	951.600	-1536	
13150692	-304	-32	15536	-18.544	-1.952	947.696	-1456	
13190505	-336	-32	15568	-20.496	-1.952	949.648	-1520	
13230316	-320	-16	15584	-19.520	-0.976	950.624	-1472	
13270129	-352	-32	15536	-21.472	-1.952	947.696	-1536	
13309939	-320	-16	15552	-19.520	-0.976	948.672	-1520	
13349748	-336	-32	15600	-20.496	-1.952	951.600	-1520	
13389558	-336	-32	15584	-20.496	-1.952	950.624	-1520	
13429367	-288	-32	15536	-17.568	-1.952	947.696	-1520	
13469175	-272	-48	15520	-16.592	-2.928	946.720	-1504	
13508988	-288	0	15584	-17.568	0.000	950.624	-1520	
13548796	-368	32	15568	-22.448	1.952	949.648	-1472	
13588608	-256	-48	15584	-15.616	-2.928	950.624	-1504	
13628418	-304	-16	15568	-18.544	-0.976	949.648	-1472	
13668225	-304	0	15600	-18.544	0.000	951.600	-1536	
13708033	-400	-16	15568	-24.400	-0.976	949.648	-1488	
13747842	-320	16	15584	-19.520	0.976	950.624	-1504	
13787652	-320	-48	15536	-19.520	-2.928	947.696	-1488	
13827457	-336	-16	15600	-20.496	-0.976	951.600	-1488	
13867266	-288	-32	15584	-17.568	-1.952	950.624	-1488	
13907077	-304	0	15536	-18.544	0.000	947.696	-1456	
13946887	-352	32	15584	-21.472	1.952	950.624	-1472	
13986697	-304	-64	15584	-18.544	-3.904	950.624	-1472	
14026505	-336	-48	15584	-20.496	-2.928	950.624	-1488	
14066313	-400	0	15536	-24.400	0.000	947.696	-1520	
14106123	-336	-16	15616	-20.496	-0.976	952.576	-1520	
14145931	-336	-16	15600	-20.496	-0.976	951.600	-1568	
14185740	-368	-16	15584	-22.448	-0.976	950.624	-1520	
14225548	-320	-48	15584	-19.520	-2.928	950.624	-1488	
14265359	-336	0	15520	-20.496	0.000	946.720	-1472	
14305167	-320	-80	15616	-19.520	-4.880	952.576	-1472	
14344975	-336	-16	15584	-20.496	-0.976	950.624	-1488	
14384784	-304	-80	15536	-18.544	-4.880	947.696	-1488	
14424593	-304	-80	15552	-18.544	-4.880	948.672	-1472	
14464400	-320	-16	15584	-19.520	-0.976	950.624	-1488	
14504210	-336	16	15568	-20.496	0.976	949.648	-1472	
14544020	-320	-48	15584	-19.520	-2.928	950.624	-1504	
14583831	-288	-64	15584	-17.568	-3.904	950.624	-1488	
14623638	-320	-48	15600	-19.520	-2.928	951.600	-1472	
14663450	-288	0	15536	-17.568	0.000	947.696	-1472	
14703259	-272	-48	15568	-16.592	-2.928	949.648	-1488	
14743065	-336	-16	15568	-20.496	-0.976	949.648	-1472	
14782874	-320	-48	15584	-19.520	-2.928	950.624	-1472	
14822681	-288	-16	15552	-17.568	-0.976	948.672	-1472	
14862488	-304	-32	15568	-18.544	-1.952	949.648	-1504	
14902298	-336	-48	15552	-20.496	-2.928	948.672	-1536	
14942106	-320	-16	15568	-19.520	-0.976	949.648	-1536	
14981915	-352	-16	15568	-21.472	-0.976	949.648	-1504	
15021725	-336	-32	15568	-20.496	-1.952	949.648	-1504	
15061534	-352	-16	15568	-21.472	-0.976	949.648	-1504	
15101345	-336	-64	15520	-20.496	-3.904	946.720	-1504	
15141153	-288	-32	15552	-17.568	-1.952	948.672	-1472	
15180962	-320	-64	15536	-19.520	-3.904	947.696	-1488	
15220772	-368	-48	15568	-22.448	-2.928	949.648	-1504	
15260581	-336	-64	15568	-20.496	-3.904	949.648	-1472	
15300386	-336	-16	15552	-20.496	-0.976	948.672	-1504	
15340195	-304	16	15584	-18.544	0.976	950.624	-1504	
15380002	-336	-64	15520	-20.496	-3.904	946.720	-1520	
15419813	-256	-16	15584	-15.616	-0.976	950.624	-1472	
15459621	-320	-32	15584	-19.520	-1.952	950.624	-1472	
15499430	-352	0	15600	-21.472	0.000	951.600	-1520	
15539240	-304	-32	15600	-18.544	-1.952	951.600	-1456	
15579052	-288	-48	15584	-17.568	-2.928	950.624	-1520	
15618862	-272	-32	15552	-16.592	-1.952	948.672	-1488	
15658673	-272	16	15584	-16.592	0.976	950.624	-1504	
15698485	-288	16	15584	-17.568	0.976	950.624	-1568	
15738297	-352	-32	15584	-21.472	-1.952	950.624	-1520	
15778107	-320	-32	15568	-19.520	-1.952	949.648	-1520	
15817915	-352	-32	15552	-21.472	-1.952	948.672	-1520	
15857724	-288	-80	15536	-17.568	-4.880	947.696	-1488	
15897531	-320	-16	15584	-19.520	-0.976	950.624	-1456	
15937340	-320	-64	15600	-19.520	-3.904	951.600	-1472	
15977147	-320	32	15584	-19.520	1.952	950.624	-1536	
16016956	-352	-32	15584	-21.472	-1.952	950.624	-1520	
16056762	-336	-32	15584	-20.496	-1.952	950.624	-1488	
16096571	-304	0	15584	-18.544	0.000	950.624	-1488	
16136379	-320	0	15552	-19.520	0.000	948.672	-1520	
16176190	-304	-16	15568	-18.544	-0.976	949.648	-1472	
16215996	-304	0	15568	-18.544	0.000	949.648	-1456	
16255804	-320	16	15600	-19.520	0.976	951.600	-1488	
16295615	-272	-16	15552	-16.592	-0.976	948.672	-1472	
16335425	-304	-16	15584	-18.544	-0.976	950.624	-1536	
16375233	-320	-32	15600	-19.520	-1.952	951.600	-1456	
16415041	-304	-48	15600	-18.544	-2.928	951.600	-1520	
16454848	-320	0	15584	-19.520	0.000	950.624	-1520	
16494656	-320	0	15536	-19.520	0.000	947.696	-1488	
16534469	-336	-48	15472	-20.496	-2.928	943.792	-1520	
16574281	-336	16	15552	-20.496	0.976	948.672	-1568	
16614091	-336	0	15568	-20.496	0.000	949.648	-1488	
16653902	-336	-80	15584	-20.496	-4.880	950.624	-1504	
16693717	-320	16	15536	-19.520	0.976	947.696	-1488	
16733528	-352	-80	15552	-21.472	-4.880	948.672	-1520	
16773339	-336	-16	15552	-20.496	-0.976	948.672	-1504	
16813152	-336	-16	15584	-20.496	-0.976	950.624	-1472	
16852964	-304	-48	15520	-18.544	-2.928	946.720	-1504	
16892775	-304	-16	15584	-18.544	-0.976	950.624	-1488	
16932585	-304	-16	15552	-18.544	-0.976	948.672	-1488	
16972395	-288	-32	15552	-17.568	-1.952	948.672	-1488	
17012205	-320	-48	15584	-19.520	-2.928	950.624	-1488	
17052016	-368	-48	15584	-22.448	-2.928	950.624	-1472	
17091827	-304	-48	15568	-18.544	-2.928	949.648	-1504	
17131639	-320	-16	15616	-19.520	-0.976	952.576	-1472	
17171450	-304	0	15536	-18.544	0.000	947.696	-1536	
17211260	-320	0	15600	-19.520	0.000	951.600	-1488	
17251072	-256	-16	15552	-15.616	-0.976	948.672	-1472	
17290884	-304	-16	15568	-18.544	-0.976	949.648	-1504	
17330696	-352	-64	15600	-21.472	-3.904	951.600	-1504	
17370508	-336	-32	15600	-20.496	-1.952	951.600	-1504	
17410318	-320	-48	15552	-19.520	-2.928	948.672	-1504	
17450128	-320	16	15584	-19.520	0.976	950.624	-1520	
17489939	-320	32	15584	-19.520	1.952	950.624	-1504	
17529748	-336	0	15520	-20.496	0.000	946.720	-1488	
17569557	-320	0	15632	-19.520	0.000	953.552	-1456	
17609367	-304	0	15568	-18.544	0.000	949.648	-1488	
17649175	-304	-32	15520	-18.544	-1.952	946.720	-1472	
17688986	-368	-32	15584	-22.448	-1.952	950.624	-1472	
17728798	-336	0	15536	-20.496	0.000	947.696	-1472	
17768608	-352	-32	15568	-21.472	-1.952	949.648	-1472	
17808417	-320	-48	15584	-19.520	-2.928	950.624	-1456	
17848223	-336	-16	15600	-20.496	-0.976	951.600	-1488	
17888032	-320	16	15584	-19.520	0.976	950.624	-1488	
17927841	-320	-32	15568	-19.520	-1.952	949.648	-1504	
17967652	-352	-16	15584	-21.472	-0.976	950.624	-1504	
18007459	-304	-16	15536	-18.544	-0.976	947.696	-1520	
18047269	-336	-32	15568	-20.496	-1.952	949.648	-1488	
18087079	-336	16	15600	-20.496	0.976	951.600	-1472	
18126889	-368	16	15536	-22.448	0.976	947.696	-1488	
18166701	-320	-32	15536	-19.520	-1.952	947.696	-1520	
18206511	-336	0	15536	-20.496	0.000	947.696	-1536	
18246322	-352	16	15552	-21.472	0.976	948.672	-1520	
18286133	-288	-32	15584	-17.568	-1.952	950.624	-1520	
18325943	-304	0	15552	-18.544	0.000	948.672	-1504	
18365755	-352	-64	15552	-21.472	-3.904	948.672	-1520	
18405567	-368	-48	15584	-22.448	-2.928	950.624	-1488	
18445378	-320	0	15584	-19.520	0.000	950.624	-1504	
18485188	-304	-48	15520	-18.544	-2.928	946.720	-1520	
18524999	-320	0	15600	-19.520	0.000	951.600	-1520	
18564809	-320	32	15552	-19.520	1.952	948.672	-1504	
18604622	-304	-32	15584	-18.544	-1.952	950.624	-1488	
18644435	-336	-32	15568	-20.496	-1.952	949.648	-1520	
18684246	-320	0	15584	-19.520	0.000	950.624	-1472	
18724056	-320	-32	15600	-19.520	-1.952	951.600	-1536	
18763866	-288	16	15552	-17.568	0.976	948.672	-1488	
18803677	-304	-16	15568	-18.544	-0.976	949.648	-1536	
18843485	-288	0	15536	-17.568	0.000	947.696	-1488	
18883295	-288	-48	15552	-17.568	-2.928	948.672	-1504	
18923103	-320	0	15584	-19.520	0.000	950.624	-1552	
18962912	-288	-32	15616	-17.568	-1.952	952.576	-1568	
19002720	-320	-32	15600	-19.520	-1.952	951.600	-1536	
19042528	-320	16	15584	-19.520	0.976	950.624	-1504	
19082339	-320	-16	15552	-19.520	-0.976	948.672	-1504	
19122148	-304	0	15552	-18.544	0.000	948.672	-1504	
19161961	-288	-32	15600	-17.568	-1.952	951.600	-1536	
19201772	-288	-16	15600	-17.568	-0.976	951.600	-1488	
19241583	-320	-16	15616	-19.520	-0.976	952.576	-1520	
19281395	-304	-32	15552	-18.544	-1.952	948.672	-1488	
19321204	-320	0	15584	-19.520	0.000	950.624	-1488	
19361013	-336	0	15552	-20.496	0.000	948.672	-1520	
19400822	-288	-32	15584	-17.568	-1.952	950.624	-1504	
19440632	-320	-32	15552	-19.520	-1.952	948.672	-1488	
19480441	-304	-32	15584	-18.544	-1.952	950.624	-1504	
19520251	-320	-32	15536	-19.520	-1.952	947.696	-1472	
19560059	-352	-16	15584	-21.472	-0.976	950.624	-1504	
19599867	-320	0	15600	-19.520	0.000	951.600	-1488	
19639672	-336	0	15616	-20.496	0.000	952.576	-1504	
19679481	-320	-16	15568	-19.520	-0.976	949.648	-1536	
19719290	-304	-32	15568	-18.544	-1.952	949.648	-1504	
19759093	-320	-48	15584	-19.520	-2.928	950.624	-1488	
19798901	-272	-32	15552	-16.592	-1.952	948.672	-1520	
19838708	-304	-64	15536	-18.544	-3.904	947.696	-1536	
19878517	-336	0	15536	-20.496	0.000	947.696	-1504	
19918325	-304	0	15584	-18.544	0.000	950.624	-1504	
19958135	-304	-80	15552	-18.544	-4.880	948.672	-1536	
19997944	-320	-48	15600	-19.520	-2.928	951.600	-1472	
20037752	-352	0	15552	-21.472	0.000	948.672	-1472	
20077561	-304	-32	15536	-18.544	-1.952	947.696	-1520	
20117370	-352	0	15536	-21.472	0.000	947.696	-1488	
20157181	-320	0	15568	-19.520	0.000	949.648	-1504	
20196990	-304	-16	15584	-18.544	-0.976	950.624	-1488	
20236798	-304	-32	15552	-18.544	-1.952	948.672	-1536	
20276609	-336	-16	15584	-20.496	-0.976	950.624	-1504	
20316419	-304	-48	15536	-18.544	-2.928	947.696	-1536	
20356229	-304	-96	15552	-18.544	-5.856	948.672	-1504	
20396036	-304	16	15520	-18.544	0.976	946.720	-1520	
20435845	-320	0	15552	-19.520	0.000	948.672	-1520	
20475655	-288	-16	15552	-17.568	-0.976	948.672	-1504	
20515463	-320	-48	15552	-19.520	-2.928	948.672	-1504	
20555273	-336	-32	15552	-20.496	-1.952	948.672	-1520	
20595083	-304	32	15584	-18.544	1.952	950.624	-1488	
20634893	-336	-16	15568	-20.496	-0.976	949.648	-1504	
20674703	-304	32	15488	-18.544	1.952	944.768	-1488	
20714512	-272	-16	15568	-16.592	-0.976	949.648	-1488	
20754321	-320	-16	15520	-19.520	-0.976	946.720	-1488	
20794132	-304	-64	15536	-18.544	-3.904	947.696	-1488	
20833940	-352	-48	15552	-21.472	-2.928	948.672	-1536	
20873752	-288	-48	15552	-17.568	-2.928	948.672	-1520	
20913564	-288	-32	15584	-17.568	-1.952	950.624	-1488	
20953371	-336	0	15536	-20.496	0.000	947.696	-1520	
20993181	-304	-16	15520	-18.544	-0.976	946.720	-1472	
21032990	-320	-48	15584	-19.520	-2.928	950.624	-1504	
21072796	-304	-16	15552	-18.544	-0.976	948.672	-1472	
21112607	-336	-48	15616	-20.496	-2.928	952.576	-1488	
21152416	-304	-16	15536	-18.544	-0.976	947.696	-1488	
21192227	-288	16	15584	-17.568	0.976	950.624	-1472	
21232039	-320	-16	15552	-19.520	-0.976	948.672	-1536	
21271849	-304	0	15552	-18.544	0.000	948.672	-1568	
21311660	-320	0	15584	-19.520	0.000	950.624	-1520	
21351471	-336	-48	15600	-20.496	-2.928	951.600	-1552	
21391282	-336	-64	15536	-20.496	-3.904	947.696	-1488	
21431092	-336	-32	15568	-20.496	-1.952	949.648	-1504	
21470899	-336	-16	15584	-20.496	-0.976	950.624	-1488	
21510707	-288	32	15584	-17.568	1.952	950.624	-1472	
21550515	-368	-32	15600	-22.448	-1.952	951.600	-1504	
21590323	-288	16	15536	-17.568	0.976	947.696	-1488	
21630132	-320	-16	15600	-19.520	-0.976	951.600	-1488	
21669943	-320	0	15584	-19.520	0.000	950.624	-1472	
21709755	-336	-48	15584	-20.496	-2.928	950.624	-1488	
21749566	-336	-16	15536	-20.496	-0.976	947.696	-1504	
21789374	-288	-48	15536	-17.568	-2.928	947.696	-1472	
21829181	-256	-16	15552	-15.616	-0.976	948.672	-1472	
21868986	-320	16	15536	-19.520	0.976	947.696	-1472	
21908794	-304	16	15584	-18.544	0.976	950.624	-1472	
21948603	-320	-32	15584	-19.520	-1.952	950.624	-1504	
21988413	-272	-16	15552	-16.592	-0.976	948.672	-1504	
22028222	-368	0	15584	-22.448	0.000	950.624	-1536	
22068032	-352	0	15520	-21.472	0.000	946.720	-1488	
22107841	-336	-16	15552	-20.496	-0.976	948.672	-1552	
22147651	-304	-48	15584	-18.544	-2.928	950.624	-1520	
22187460	-336	-32	15520	-20.496	-1.952	946.720	-1520	
22227272	-288	-16	15600	-17.568	-0.976	951.600	-1488	
22267083	-352	-32	15552	-21.472	-1.952	948.672	-1504	
22306890	-336	-64	15536	-20.496	-3.904	947.696	-1520	
22346701	-320	-32	15584	-19.520	-1.952	950.624	-1472	
22386512	-320	-32	15536	-19.520	-1.952	947.696	-1472	
22426322	-304	0	15568	-18.544	0.000	949.648	-1488	
22466132	-320	-16	15568	-19.520	-0.976	949.648	-1488	
22505941	-384	0	15584	-23.424	0.000	950.624	-1520	
22545750	-304	-16	15520	-18.544	-0.976	946.720	-1520	
22585558	-288	-16	15568	-17.568	-0.976	949.648	-1488	
22625368	-288	-48	15568	-17.568	-2.928	949.648	-1520	
22665180	-352	-48	15584	-21.472	-2.928	950.624	-1504	
22704991	-320	0	15552	-19.520	0.000	948.672	-1536	
22744804	-352	-16	15584	-21.472	-0.976	950.624	-1456	
22784614	-304	-64	15584	-18.544	-3.904	950.624	-1488	
22824424	-304	-16	15552	-18.544	-0.976	948.672	-1520	
22864233	-320	-32	15536	-19.520	-1.952	947.696	-1488	
22904043	-320	-32	15536	-19.520	-1.952	947.696	-1536	
22943854	-320	-16	15488	-19.520	-0.976	944.768	-1552	
22983661	-320	16	15600	-19.520	0.976	951.600	-1552	
23023468	-288	0	15600	-17.568	0.000	951.600	-1520	
23063278	-272	-48	15568	-16.592	-2.928	949.648	-1552	
23103091	-304	0	15568	-18.544	0.000	949.648	-1504	
23142905	-320	0	15584	-19.520	0.000	950.624	-1504	
23182718	-320	-16	15568	-19.520	-0.976	949.648	-1520	
23222529	-336	0	15520	-20.496	0.000	946.720	-1488	
23262341	-336	-16	15552	-20.496	-0.976	948.672	-1504	
23302151	-288	0	15584	-17.568	0.000	950.624	-1472	
23341962	-320	-16	15536	-19.520	-0.976	947.696	-1520	
23381770	-320	-48	15584	-19.520	-2.928	950.624	-1504	
23421579	-320	-32	15552	-19.520	-1.952	948.672	-1488	
23461389	-304	-16	15536	-18.544	-0.976	947.696	-1472	
23501200	-320	-32	15584	-19.520	-1.952	950.624	-1504	
23541012	-336	-48	15584	-20.496	-2.928	950.624	-1472	
23580821	-304	-32	15536	-18.544	-1.952	947.696	-1504	
23620632	-320	-80	15520	-19.520	-4.880	946.720	-1488	
23660445	-320	0	15568	-19.520	0.000	949.648	-1552	
23700258	-288	-16	15536	-17.568	-0.976	947.696	-1552	
23740066	-288	-48	15568	-17.568	-2.928	949.648	-1520	
23779877	-272	-48	15568	-16.592	-2.928	949.648	-1504	
23819687	-288	-48	15536	-17.568	-2.928	947.696	-1488	
23859499	-320	-16	15584	-19.520	-0.976	950.624	-1504	
23899310	-320	-64	15536	-19.520	-3.904	947.696	-1488	
23939117	-320	0	15552	-19.520	0.000	948.672	-1504	
23978924	-352	-16	15520	-21.472	-0.976	946.720	-1536	
24018731	-288	-48	15600	-17.568	-2.928	951.600	-1488	
24058540	-288	-80	15536	-17.568	-4.880	947.696	-1504	
24098350	-272	-48	15552	-16.592	-2.928	948.672	-1504	
24138162	-256	-16	15568	-15.616	-0.976	949.648	-1504	
24177973	-304	16	15552	-18.544	0.976	948.672	-1520	
24217783	-320	-16	15568	-19.520	-0.976	949.648	-1536	
24257592	-304	-48	15552	-18.544	-2.928	948.672	-1456	
24297401	-304	-48	15584	-18.544	-2.928	950.624	-1520	
24337207	-288	-48	15552	-17.568	-2.928	948.672	-1504	
24377015	-304	-16	15584	-18.544	-0.976	950.624	-1504	
24416824	-304	-32	15552	-18.544	-1.952	948.672	-1520	
24456631	-304	16	15536	-18.544	0.976	947.696	-1536	
24496441	-320	-80	15552	-19.520	-4.880	948.672	-1504	
24536250	-336	32	15520	-20.496	1.952	946.720	-1488	
24576062	-320	-32	15536	-19.520	-1.952	947.696	-1488	
24615874	-336	32	15552	-20.496	1.952	948.672	-1504	
24655686	-336	-48	15536	-20.496	-2.928	947.696	-1504	
24695494	-272	-32	15552	-16.592	-1.952	948.672	-1488	
24735304	-320	-32	15584	-19.520	-1.952	950.624	-1520	
24775114	-272	-16	15552	-16.592	-0.976	948.672	-1520	
24814920	-288	-48	15568	-17.568	-2.928	949.648	-1488	
24854724	-352	-16	15600	-21.472	-0.976	951.600	-1504	
24894535	-320	-32	15568	-19.520	-1.952	949.648	-1504	
24934343	-288	0	15568	-17.568	0.000	949.648	-1488	
24974151	-352	0	15584	-21.472	0.000	950.624	-1504	
25013956	-320	-32	15536	-19.520	-1.952	947.696	-1472	
25053765	-304	-48	15600	-18.544	-2.928	951.600	-1504	
25093575	-304	-32	15552	-18.544	-1.952	948.672	-1488	
25133383	-384	64	15584	-23.424	3.904	950.624	-1504	
25173190	-304	-32	15552	-18.544	-1.952	948.672	-1520	
25213000	-320	-32	15584	-19.520	-1.952	950.624	-1552	
25252806	-256	-16	15552	-15.616	-0.976	948.672	-1520	
25292614	-288	16	15536	-17.568	0.976	947.696	-1536	
25332422	-304	-16	15552	-18.544	-0.976	948.672	-1536	
25372231	-336	-48	15504	-20.496	-2.928	945.744	-1488	
25412040	-320	-16	15536	-19.520	-0.976	947.696	-1520	
25451847	-336	-64	15536	-20.496	-3.904	947.696	-1504	
25491655	-352	-16	15616	-21.472	-0.976	952.576	-1504	
25531463	-320	-16	15536	-19.520	-0.976	947.696	-1536	
25571270	-288	-32	15584	-17.568	-1.952	950.624	-1520	
25611079	-304	0	15552	-18.544	0.000	948.672	-1504	
25650885	-320	-16	15520	-19.520	-0.976	946.720	-1536	
25690692	-336	-32	15584	-20.496	-1.952	950.624	-1520	
25730500	-288	-16	15552	-17.568	-0.976	948.672	-1552	
25770307	-336	-16	15552	-20.496	-0.976	948.672	-1472	
25810115	-320	-64	15536	-19.520	-3.904	947.696	-1504	
25849924	-304	0	15536	-18.544	0.000	947.696	-1472	
25889733	-272	0	15552	-16.592	0.000	948.672	-1536	
25929538	-336	-64	15568	-20.496	-3.904	949.648	-1520	
25969348	-336	-16	15584	-20.496	-0.976	950.624	-1552	
26009155	-288	-32	15552	-17.568	-1.952	948.672	-1552	
26048962	-368	0	15600	-22.448	0.000	951.600	-1536	
26088774	-320	-16	15568	-19.520	-0.976	949.648	-1504	
26128583	-288	-16	15584	-17.568	-0.976	950.624	-1504	
26168391	-288	16	15568	-17.568	0.976	949.648	-1520	
26208202	-320	-32	15584	-19.520	-1.952	950.624	-1520	
26248011	-352	-32	15504	-21.472	-1.952	945.744	-1520	
26287821	-320	-16	15552	-19.520	-0.976	948.672	-1536	
26327630	-304	0	15600	-18.544	0.000	951.600	-1536	
26367440	-288	0	15584	-17.568	0.000	950.624	-1504	
26407249	-320	-16	15584	-19.520	-0.976	950.624	-1520	
26447059	-352	16	15584	-21.472	0.976	950.624	-1488	
26486868	-352	-16	15568	-21.472	-0.976	949.648	-1520	
26526676	-336	-16	15584	-20.496	-0.976	950.624	-1504	
26566483	-320	0	15536	-19.520	0.000	947.696	-1552	
26606293	-320	-16	15584	-19.520	-0.976	950.624	-1504	
26646104	-288	0	15520	-17.568	0.000	946.720	-1536	
26685913	-288	-32	15520	-17.568	-1.952	946.720	-1520	
26725721	-336	-48	15552	-20.496	-2.928	948.672	-1504	
26765530	-288	-32	15536	-17.568	-1.952	947.696	-1520	
26805339	-304	-64	15568	-18.544	-3.904	949.648	-1536	
26845150	-272	16	15552	-16.592	0.976	948.672	-1568	
26884960	-320	-16	15568	-19.520	-0.976	949.648	-1520	
26924769	-272	-32	15568	-16.592	-1.952	949.648	-1472	
26964574	-368	0	15584	-22.448	0.000	950.624	-1536	
27004385	-288	-48	15584	-17.568	-2.928	950.624	-1536	
27044192	-288	-48	15552	-17.568	-2.928	948.672	-1536	
27083998	-288	-32	15520	-17.568	-1.952	946.720	-1520	
27123805	-320	16	15536	-19.520	0.976	947.696	-1536	
27163611	-320	0	15520	-19.520	0.000	946.720	-1504	
27203418	-272	-48	15536	-16.592	-2.928	947.696	-1488	
27243227	-320	-64	15552	-19.520	-3.904	948.672	-1504	
27283035	-272	0	15584	-16.592	0.000	950.624	-1552	
27322846	-304	-80	15600	-18.544	-4.880	951.600	-1536	
27362652	-336	-16	15520	-20.496	-0.976	946.720	-1520	
27402459	-304	-32	15552	-18.544	-1.952	948.672	-1520	
27442268	-272	-32	15536	-16.592	-1.952	947.696	-1536	
27482075	-304	64	15552	-18.544	3.904	948.672	-1504	
27521883	-336	-32	15568	-20.496	-1.952	949.648	-1488	
27561689	-304	-32	15552	-18.544	-1.952	948.672	-1504	
27601498	-336	-32	15616	-20.496	-1.952	952.576	-1520	
27641307	-304	-48	15584	-18.544	-2.928	950.624	-1568	
27681113	-320	16	15568	-19.520	0.976	949.648	-1568	
27720923	-352	0	15552	-21.472	0.000	948.672	-1536	
27760732	-256	-16	15536	-15.616	-0.976	947.696	-1536	
27800542	-272	-32	15536	-16.592	-1.952	947.696	-1536	
27840351	-304	-16	15584	-18.544	-0.976	950.624	-1504	
27880161	-272	-32	15568	-16.592	-1.952	949.648	-1488	
27919968	-304	-16	15552	-18.544	-0.976	948.672	-1504	
27959774	-336	-16	15552	-20.496	-0.976	948.672	-1520	
27999584	-288	0	15536	-17.568	0.000	947.696	-1552	
28039394	-288	-16	15568	-17.568	-0.976	949.648	-1504	
28079201	-320	-16	15568	-19.520	-0.976	949.648	-1536	
28119008	-304	0	15552	-18.544	0.000	948.672	-1520	
28158815	-304	-48	15536	-18.544	-2.928	947.696	-1520	
28198623	-352	0	15552	-21.472	0.000	948.672	-1536	
28238434	-272	-16	15584	-16.592	-0.976	950.624	-1536	
28278241	-320	-48	15584	-19.520	-2.928	950.624	-1552	
28318051	-336	-16	15600	-20.496	-0.976	951.600	-1488	
28357858	-320	-16	15648	-19.520	-0.976	954.528	-1488	
28397667	-304	-16	15584	-18.544	-0.976	950.624	-1520	
28437474	-288	-48	15552	-17.568	-2.928	948.672	-1520	
28477283	-320	-48	15616	-19.520	-2.928	952.576	-1568	
28517094	-336	-48	15568	-20.496	-2.928	949.648	-1552	
28556902	-304	-16	15552	-18.544	-0.976	948.672	-1552	
28596707	-288	-32	15568	-17.568	-1.952	949.648	-1504	
28636517	-320	-64	15584	-19.520	-3.904	950.624	-1520	
28676325	-288	-48	15568	-17.568	-2.928	949.648	-1536	
28716137	-272	-16	15552	-16.592	-0.976	948.672	-1504	
28755946	-320	0	15552	-19.520	0.000	948.672	-1520	
28795753	-304	-80	15584	-18.544	-4.880	950.624	-1520	
28835563	-288	-48	15520	-17.568	-2.928	946.720	-1536	
28875373	-352	-64	15584	-21.472	-3.904	950.624	-1504	
28915183	-320	0	15520	-19.520	0.000	946.720	-1536	
28954991	-272	-48	15520	-16.592	-2.928	946.720	-1520	
28994801	-320	-16	15584	-19.520	-0.976	950.624	-1520	
29034609	-320	-32	15536	-19.520	-1.952	947.696	-1536	
29074417	-336	0	15536	-20.496	0.000	947.696	-1472	
29114223	-272	-16	15568	-16.592	-0.976	949.648	-1520	
29154033	-272	-32	15584	-16.592	-1.952	950.624	-1552	
29193842	-336	-16	15536	-20.496	-0.976	947.696	-1504	
29233652	-352	-32	15584	-21.472	-1.952	950.624	-1552	
29273461	-304	-48	15552	-18.544	-2.928	948.672	-1568	
29313272	-304	0	15584	-18.544	0.000	950.624	-1584	
29353080	-304	0	15584	-18.544	0.000	950.624	-1536	
29392889	-320	-32	15536	-19.520	-1.952	947.696	-1520	
29432699	-320	0	15584	-19.520	0.000	950.624	-1536	
29472507	-320	-32	15584	-19.520	-1.952	950.624	-1536	
29512316	-304	-48	15552	-18.544	-2.928	948.672	-1552	
29552127	-288	-16	15584	-17.568	-0.976	950.624	-1552	
29591937	-320	48	15536	-19.520	2.928	947.696	-1536	
29631747	-336	0	15536	-20.496	0.000	947.696	-1504	
29671558	-352	-48	15520	-21.472	-2.928	946.720	-1520	
29711371	-320	-32	15552	-19.520	-1.952	948.672	-1568	
29751181	-288	-32	15552	-17.568	-1.952	948.672	-1520	
29790992	-320	0	15584	-19.520	0.000	950.624	-1536	
29830803	-288	-16	15568	-17.568	-0.976	949.648	-1568	
29870612	-336	0	15600	-20.496	0.000	951.600	-1472	
29910425	-288	0	15552	-17.568	0.000	948.672	-1520	
29950236	-288	-16	15584	-17.568	-0.976	950.624	-1504	
29990047	-352	32	15488	-21.472	1.952	944.768	-1536	
30029858	-336	32	15536	-20.496	1.952	947.696	-1552	
30069669	-336	-16	15600	-20.496	-0.976	951.600	-1568	
30109477	-304	-32	15552	-18.544	-1.952	948.672	-1552	
30149286	-272	0	15584	-16.592	0.000	950.624	-1552	
30189096	-320	-48	15584	-19.520	-2.928	950.624	-1520	
30228904	-320	16	15616	-19.520	0.976	952.576	-1520	
30268711	-288	0	15600	-17.568	0.000	951.600	-1488	
30308522	-304	-16	15552	-18.544	-0.976	948.672	-1520	
30348330	-304	-64	15584	-18.544	-3.904	950.624	-1520	
30388138	-336	-16	15584	-20.496	-0.976	950.624	-1520	
30427945	-304	-64	15536	-18.544	-3.904	947.696	-1520	
30467750	-336	-48	15584	-20.496	-2.928	950.624	-1520	
30507558	-320	-16	15568	-19.520	-0.976	949.648	-1504	
30547367	-320	-48	15616	-19.520	-2.928	952.576	-1552	
30587174	-288	-48	15616	-17.568	-2.928	952.576	-1520	
30626984	-320	-16	15568	-19.520	-0.976	949.648	-1568	
30666793	-336	0	15552	-20.496	0.000	948.672	-1552	
30706600	-304	-32	15552	-18.544	-1.952	948.672	-1488	
30746409	-288	-80	15568	-17.568	-4.880	949.648	-1504	
30786216	-336	-16	15600	-20.496	-0.976	951.600	-1520	
30826026	-288	-16	15552	-17.568	-0.976	948.672	-1552	
30865833	-304	-48	15584	-18.544	-2.928	950.624	-1568	
30905641	-304	-32	15552	-18.544	-1.952	948.672	-1600	
30945448	-336	-48	15584	-20.496	-2.928	950.624	-1584	
30985255	-320	-64	15600	-19.520	-3.904	951.600	-1520	
31025061	-320	-32	15584	-19.520	-1.952	950.624	-1520	
31064867	-304	-48	15552	-18.544	-2.928	948.672	-1536	
31104680	-304	-16	15536	-18.544	-0.976	947.696	-1536	
31144490	-320	-16	15584	-19.520	-0.976	950.624	-1536	
31184297	-320	-32	15584	-19.520	-1.952	950.624	-1520	
31224106	-320	16	15584	-19.520	0.976	950.624	-1536	
31263914	-256	-48	15600	-15.616	-2.928	951.600	-1520	
31303721	-288	0	15616	-17.568	0.000	952.576	-1504	
31343533	-352	0	15584	-21.472	0.000	950.624	-1520	
31383342	-304	-16	15600	-18.544	-0.976	951.600	-1536	
31423152	-320	-32	15584	-19.520	-1.952	950.624	-1536	
31462963	-320	-32	15552	-19.520	-1.952	948.672	-1504	
31502773	-288	32	15552	-17.568	1.952	948.672	-1504	
31542585	-320	-48	15536	-19.520	-2.928	947.696	-1568	
31582398	-352	-16	15584	-21.472	-0.976	950.624	-1520	
31622211	-320	-16	15584	-19.520	-0.976	950.624	-1536	
31662022	-304	-48	15584	-18.544	-2.928	950.624	-1552	
31701830	-336	-48	15584	-20.496	-2.928	950.624	-1568	
31741641	-304	-32	15552	-18.544	-1.952	948.672	-1584	
31781451	-288	-64	15584	-17.568	-3.904	950.624	-1584	
31821260	-352	-16	15584	-21.472	-0.976	950.624	-1568	
31861068	-288	-16	15616	-17.568	-0.976	952.576	-1520	
31900875	-336	-16	15552	-20.496	-0.976	948.672	-1536	
31940684	-320	-32	15584	-19.520	-1.952	950.624	-1536	
31980494	-304	-32	15552	-18.544	-1.952	948.672	-1520	
32020307	-320	-32	15552	-19.520	-1.952	948.672	-1552	
32060117	-304	-16	15600	-18.544	-0.976	951.600	-1536	
32099927	-288	-32	15584	-17.568	-1.952	950.624	-1520	
32139738	-336	48	15552	-20.496	2.928	948.672	-1520	
32179545	-336	-48	15552	-20.496	-2.928	948.672	-1552	
32219354	-272	-16	15600	-16.592	-0.976	951.600	-1520	
32259161	-320	-48	15584	-19.520	-2.928	950.624	-1488	
32298969	-288	-16	15552	-17.568	-0.976	948.672	-1552	
32338779	-352	-16	15584	-21.472	-0.976	950.624	-1536	
32378587	-304	-64	15552	-18.544	-3.904	948.672	-1568	
32418396	-336	-16	15600	-20.496	-0.976	951.600	-1472	
32458203	-304	-32	15568	-18.544	-1.952	949.648	-1552	
32498010	-288	-48	15536	-17.568	-2.928	947.696	-1520	
32537819	-320	-32	15536	-19.520	-1.952	947.696	-1504	
32577627	-336	-32	15584	-20.496	-1.952	950.624	-1504	
32617435	-352	0	15584	-21.472	0.000	950.624	-1568	
32657242	-400	-32	15568	-24.400	-1.952	949.648	-1568	
32697051	-320	0	15584	-19.520	0.000	950.624	-1520	
32736861	-336	-48	15552	-20.496	-2.928	948.672	-1552	
32776671	-336	16	15520	-20.496	0.976	946.720	-1536	
32816479	-336	-16	15552	-20.496	-0.976	948.672	-1536	
32856286	-304	-16	15520	-18.544	-0.976	946.720	-1520	
32896097	-320	-16	15584	-19.520	-0.976	950.624	-1504	
32935905	-320	-64	15584	-19.520	-3.904	950.624	-1504	
32975713	-272	-48	15584	-16.592	-2.928	950.624	-1552	
33015521	-304	-32	15584	-18.544	-1.952	950.624	-1552	
33055328	-288	-16	15600	-17.568	-0.976	951.600	-1536	
33095136	-288	-16	15568	-17.568	-0.976	949.648	-1536	
33134946	-304	0	15552	-18.544	0.000	948.672	-1536	
33174756	-288	0	15600	-17.568	0.000	951.600	-1536	
33214566	-320	0	15552	-19.520	0.000	948.672	-1520	
33254375	-304	-32	15584	-18.544	-1.952	950.624	-1504	
33294184	-304	-48	15616	-18.544	-2.928	952.576	-1536	
33333990	-304	-48	15568	-18.544	-2.928	949.648	-1536	
33373799	-304	0	15552	-18.544	0.000	948.672	-1552	
33413606	-304	-64	15584	-18.544	-3.904	950.624	-1568	
33453416	-336	-16	15584	-20.496	-0.976	950.624	-1536	
33493226	-320	-32	15616	-19.520	-1.952	952.576	-1536	
33533033	-336	-48	15520	-20.496	-2.928	946.720	-1552	
33572842	-288	0	15536	-17.568	0.000	947.696	-1520	
33612653	-304	-48	15552	-18.544	-2.928	948.672	-1504	
33652462	-320	-64	15584	-19.520	-3.904	950.624	-1504	
33692274	-288	-64	15584	-17.568	-3.904	950.624	-1536	
33732084	-320	32	15600	-19.520	1.952	951.600	-1504	
33771895	-304	-16	15600	-18.544	-0.976	951.600	-1520	
33811704	-320	-32	15584	-19.520	-1.952	950.624	-1536	
33851514	-320	-80	15536	-19.520	-4.880	947.696	-1536	
33891324	-288	-16	15600	-17.568	-0.976	951.600	-1504	
33931131	-336	-16	15600	-20.496	-0.976	951.600	-1568	
33970939	-320	-48	15552	-19.520	-2.928	948.672	-1488	
34010746	-352	-16	15584	-21.472	-0.976	950.624	-1536	
34050556	-336	-48	15584	-20.496	-2.928	950.624	-1552	
34090367	-288	-48	15584	-17.568	-2.928	950.624	-1536	
34130175	-304	-64	15600	-18.544	-3.904	951.600	-1584	
34169983	-304	-32	15568	-18.544	-1.952	949.648	-1568	
34209794	-320	0	15584	-19.520	0.000	950.624	-1504	
34249603	-320	-32	15552	-19.520	-1.952	948.672	-1520	
34289413	-336	-16	15584	-20.496	-0.976	950.624	-1520	
34329221	-368	16	15584	-22.448	0.976	950.624	-1520	
34369026	-288	-16	15584	-17.568	-0.976	950.624	-1520	
34408835	-320	-16	15584	-19.520	-0.976	950.624	-1504	
34448643	-320	-16	15552	-19.520	-0.976	948.672	-1552	
34488453	-272	-32	15600	-16.592	-1.952	951.600	-1504	
34528262	-288	-32	15584	-17.568	-1.952	950.624	-1520	
34568071	-288	-16	15552	-17.568	-0.976	948.672	-1520	
34607880	-336	-48	15584	-20.496	-2.928	950.624	-1504	
34647689	-320	-32	15584	-19.520	-1.952	950.624	-1520	
34687498	-368	-32	15552	-22.448	-1.952	948.672	-1488	
34727308	-336	32	15536	-20.496	1.952	947.696	-1488	
34767116	-272	-32	15568	-16.592	-1.952	949.648	-1504	
34806923	-288	-64	15568	-17.568	-3.904	949.648	-1520	
34846732	-352	-64	15584	-21.472	-3.904	950.624	-1520	
34886540	-352	-16	15584	-21.472	-0.976	950.624	-1568	
34926348	-304	0	15600	-18.544	0.000	951.600	-1568	
34966156	-336	0	15568	-20.496	0.000	949.648	-1568	
35005962	-288	32	15584	-17.568	1.952	950.624	-1520	
35045770	-320	-16	15536	-19.520	-0.976	947.696	-1488	
35085579	-304	-32	15584	-18.544	-1.952	950.624	-1536	
35125387	-336	48	15520	-20.496	2.928	946.720	-1520	
35165195	-304	-16	15584	-18.544	-0.976	950.624	-1504	
35204999	-352	-64	15552	-21.472	-3.904	948.672	-1536	
35244808	-304	-32	15568	-18.544	-1.952	949.648	-1552	
35284618	-336	-32	15584	-20.496	-1.952	950.624	-1520	
35324427	-336	-48	15600	-20.496	-2.928	951.600	-1536	
35364235	-304	-16	15584	-18.544	-0.976	950.624	-1504	
35404042	-352	-32	15616	-21.472	-1.952	952.576	-1520	
35443850	-304	-32	15568	-18.544	-1.952	949.648	-1520	
35483658	-368	0	15552	-22.448	0.000	948.672	-1536	
35523467	-352	-32	15648	-21.472	-1.952	954.528	-1552	
35563276	-320	-48	15520	-19.520	-2.928	946.720	-1488	
35603084	-288	-32	15600	-17.568	-1.952	951.600	-1520	
35642893	-288	-48	15568	-17.568	-2.928	949.648	-1552	
35682703	-368	-64	15584	-22.448	-3.904	950.624	-1536	
35722511	-336	-64	15520	-20.496	-3.904	946.720	-1536	
35762319	-288	16	15568	-17.568	0.976	949.648	-1536	
35802128	-288	0	15584	-17.568	0.000	950.624	-1552	
35841938	-288	-16	15600	-17.568	-0.976	951.600	-1520	
35881748	-336	-32	15584	-20.496	-1.952	950.624	-1536	
35921556	-320	0	15552	-19.520	0.000	948.672	-1520	
35961366	-320	-32	15600	-19.520	-1.952	951.600	-1520	
36001173	-288	-16	15584	-17.568	-0.976	950.624	-1504	
36040981	-336	0	15584	-20.496	0.000	950.624	-1488	
36080788	-272	-16	15600	-16.592	-0.976	951.600	-1536	
36120599	-304	0	15584	-18.544	0.000	950.624	-1536	
36160407	-304	0	15520	-18.544	0.000	946.720	-1536	
36200214	-320	0	15584	-19.520	0.000	950.624	-1488	
36240022	-304	-48	15536	-18.544	-2.928	947.696	-1504	
36279831	-304	-16	15568	-18.544	-0.976	949.648	-1520	
36319641	-336	0	15552	-20.496	0.000	948.672	-1520	
36359451	-304	-32	15552	-18.544	-1.952	948.672	-1504	
36399261	-320	-32	15616	-19.520	-1.952	952.576	-1504	
36439069	-304	-16	15584	-18.544	-0.976	950.624	-1488	
36478879	-368	-64	15552	-22.448	-3.904	948.672	-1488	
36518687	-304	-16	15648	-18.544	-0.976	954.528	-1520	
36558496	-336	-32	15552	-20.496	-1.952	948.672	-1504	
36598305	-336	-16	15568	-20.496	-0.976	949.648	-1536	
36638114	-288	-32	15584	-17.568	-1.952	950.624	-1584	
36677923	-304	-64	15584	-18.544	-3.904	950.624	-1568	
36717732	-288	0	15552	-17.568	0.000	948.672	-1536	
36757541	-272	-16	15600	-16.592	-0.976	951.600	-1552	
36797351	-336	0	15584	-20.496	0.000	950.624	-1488	
36837160	-336	0	15520	-20.496	0.000	946.720	-1520	
36876969	-336	-16	15536	-20.496	-0.976	947.696	-1504	
36916777	-272	-64	15568	-16.592	-3.904	949.648	-1552	
36956586	-320	-32	15552	-19.520	-1.952	948.672	-1504	
36996395	-352	-16	15520	-21.472	-0.976	946.720	-1520	
37036202	-352	-16	15552	-21.472	-0.976	948.672	-1504	
37076010	-352	-48	15584	-21.472	-2.928	950.624	-1520	
37115819	-336	0	15552	-20.496	0.000	948.672	-1504	
37155631	-304	-48	15568	-18.544	-2.928	949.648	-1552	
37195443	-304	-64	15552	-18.544	-3.904	948.672	-1520	
37235252	-320	-48	15568	-19.520	-2.928	949.648	-1504	
37275058	-352	16	15552	-21.472	0.976	948.672	-1520	
37314864	-320	-32	15552	-19.520	-1.952	948.672	-1520	
37354673	-320	-16	15584	-19.520	-0.976	950.624	-1520	
37394481	-304	0	15520	-18.544	0.000	946.720	-1520	
37434289	-288	-64	15552	-17.568	-3.904	948.672	-1504	
37474100	-304	-48	15568	-18.544	-2.928	949.648	-1536	
37513910	-320	-32	15536	-19.520	-1.952	947.696	-1552	
37553721	-336	-16	15568	-20.496	-0.976	949.648	-1552	
37593530	-320	-32	15536	-19.520	-1.952	947.696	-1584	
37633340	-384	-16	15616	-23.424	-0.976	952.576	-1552	
37673150	-336	-64	15584	-20.496	-3.904	950.624	-1472	
37712961	-288	-48	15552	-17.568	-2.928	948.672	-1536	
37752770	-336	-32	15536	-20.496	-1.952	947.696	-1552	
37792581	-320	-16	15568	-19.520	-0.976	949.648	-1504	
37832392	-304	-32	15552	-18.544	-1.952	948.672	-1536	
37872202	-304	-32	15584	-18.544	-1.952	950.624	-1520	
37912012	-304	-16	15584	-18.544	-0.976	950.624	-1520	
37951821	-304	16	15552	-18.544	0.976	948.672	-1488	
37991629	-336	-48	15536	-20.496	-2.928	947.696	-1504	
38031441	-336	16	15552	-20.496	0.976	948.672	-1488	
38071251	-288	-32	15568	-17.568	-1.952	949.648	-1520	
38111060	-336	-16	15552	-20.496	-0.976	948.672	-1520	
38150868	-320	-48	15584	-19.520	-2.928	950.624	-1552	
38190675	-320	-48	15568	-19.520	-2.928	949.648	-1488	
38230484	-304	-48	15520	-18.544	-2.928	946.720	-1520	
38270290	-304	-80	15536	-18.544	-4.880	947.696	-1536	
38310100	-320	16	15552	-19.520	0.976	948.672	-1520	
38349906	-272	-48	15552	-16.592	-2.928	948.672	-1552	
38389713	-288	-16	15568	-17.568	-0.976	949.648	-1520	
38429523	-320	-32	15616	-19.520	-1.952	952.576	-1536	
38469331	-320	-48	15536	-19.520	-2.928	947.696	-1520	
38509140	-304	-32	15536	-18.544	-1.952	947.696	-1536	
38548950	-288	-48	15584	-17.568	-2.928	950.624	-1536	
38588759	-352	-32	15584	-21.472	-1.952	950.624	-1520	
38628569	-320	-32	15568	-19.520	-1.952	949.648	-1520	
38668381	-320	-16	15552	-19.520	-0.976	948.672	-1504	
38708190	-336	-32	15536	-20.496	-1.952	947.696	-1568	
38747995	-320	-16	15584	-19.520	-0.976	950.624	-1504	
38787802	-336	-64	15600	-20.496	-3.904	951.600	-1504	
38827611	-352	16	15568	-21.472	0.976	949.648	-1536	
38867418	-336	-16	15552	-20.496	-0.976	948.672	-1488	
38907224	-352	-32	15584	-21.472	-1.952	950.624	-1520	
38947031	-272	-48	15584	-16.592	-2.928	950.624	-1520	
38986839	-336	48	15568	-20.496	2.928	949.648	-1504	
39026646	-288	-16	15600	-17.568	-0.976	951.600	-1488	
39066453	-304	0	15552	-18.544	0.000	948.672	-1536	
39106261	-336	-80	15584	-20.496	-4.880	950.624	-1568	
39146070	-336	16	15536	-20.496	0.976	947.696	-1568	
39185878	-304	0	15520	-18.544	0.000	946.720	-1568	
39225687	-272	-64	15552	-16.592	-3.904	948.672	-1504	
39265497	-336	-16	15584	-20.496	-0.976	950.624	-1504	
39305305	-336	0	15584	-20.496	0.000	950.624	-1536	
39345113	-320	-32	15536	-19.520	-1.952	947.696	-1504	
39384922	-352	-48	15584	-21.472	-2.928	950.624	-1536	
39424731	-320	16	15552	-19.520	0.976	948.672	-1520	
39464535	-304	-64	15552	-18.544	-3.904	948.672	-1520	
39504342	-368	-32	15520	-22.448	-1.952	946.720	-1488	
39544148	-320	-16	15552	-19.520	-0.976	948.672	-1520	
39583956	-288	-32	15568	-17.568	-1.952	949.648	-1552	
39623763	-320	-16	15584	-19.520	-0.976	950.624	-1552	
39663572	-320	-48	15520	-19.520	-2.928	946.720	-1568	
39703381	-320	32	15552	-19.520	1.952	948.672	-1504	
39743192	-288	-32	15584	-17.568	-1.952	950.624	-1520	
39782999	-304	0	15616	-18.544	0.000	952.576	-1536	
39822807	-336	-48	15648	-20.496	-2.928	954.528	-1520	
39862616	-320	0	15568	-19.520	0.000	949.648	-1536	
39902426	-288	-32	15536	-17.568	-1.952	947.696	-1584	
39942237	-304	-48	15520	-18.544	-2.928	946.720	-1568	
39982044	-336	0	15600	-20.496	0.000	951.600	-1520	
40021854	-320	-48	15568	-19.520	-2.928	949.648	-1488	
40061664	-288	0	15584	-17.568	0.000	950.624	-1520	
40101471	-288	-32	15600	-17.568	-1.952	951.600	-1536	
40141277	-336	-32	15552	-20.496	-1.952	948.672	-1520	
40181085	-336	-48	15552	-20.496	-2.928	948.672	-1504	
40220893	-336	0	15584	-20.496	0.000	950.624	-1520	
40260704	-304	-32	15600	-18.544	-1.952	951.600	-1536	
40300514	-320	-16	15584	-19.520	-0.976	950.624	-1536	
40340322	-320	-16	15584	-19.520	-0.976	950.624	-1552	
40380129	-320	-32	15584	-19.520	-1.952	950.624	-1520	
40419934	-272	-64	15584	-16.592	-3.904	950.624	-1520	
40459743	-368	0	15552	-22.448	0.000	948.672	-1504	
40499549	-304	-16	15584	-18.544	-0.976	950.624	-1584	
40539356	-352	0	15520	-21.472	0.000	946.720	-1520	
40579168	-336	-32	15600	-20.496	-1.952	951.600	-1536	
40618978	-352	0	15552	-21.472	0.000	948.672	-1536	
40658787	-304	-32	15552	-18.544	-1.952	948.672	-1552	
40698597	-272	-64	15568	-16.592	-3.904	949.648	-1552	
40738404	-304	0	15568	-18.544	0.000	949.648	-1552	
40778210	-336	-16	15600	-20.496	-0.976	951.600	-1536	
40818017	-304	-32	15584	-18.544	-1.952	950.624	-1520	
40857826	-336	0	15584	-20.496	0.000	950.624	-1520	
40897633	-336	0	15552	-20.496	0.000	948.672	-1504	
40937440	-336	48	15536	-20.496	2.928	947.696	-1520	
40977248	-288	-64	15504	-17.568	-3.904	945.744	-1552	
41017057	-352	0	15584	-21.472	0.000	950.624	-1520	
41056864	-336	-48	15568	-20.496	-2.928	949.648	-1552	
41096672	-288	-32	15552	-17.568	-1.952	948.672	-1504	
41136481	-320	-16	15584	-19.520	-0.976	950.624	-1504	
41176287	-336	-16	15552	-20.496	-0.976	948.672	-1520	
41216094	-336	-16	15584	-20.496	-0.976	950.624	-1520	
41255902	-352	-64	15520	-21.472	-3.904	946.720	-1504	
41295709	-336	32	15584	-20.496	1.952	950.624	-1520	
41335518	-336	-48	15520	-20.496	-2.928	946.720	-1552	
41375326	-336	-16	15584	-20.496	-0.976	950.624	-1536	
41415135	-304	-48	15552	-18.544	-2.928	948.672	-1552	
41454944	-304	-32	15584	-18.544	-1.952	950.624	-1552	
41494751	-320	0	15584	-19.520	0.000	950.624	-1568	
41534561	-352	-48	15568	-21.472	-2.928	949.648	-1520	
41574370	-336	-64	15568	-20.496	-3.904	949.648	-1536	
41614179	-304	-16	15552	-18.544	-0.976	948.672	-1552	
41653986	-352	-32	15536	-21.472	-1.952	947.696	-1536	
41693793	-320	-16	15568	-19.520	-0.976	949.648	-1536	
41733601	-336	0	15552	-20.496	0.000	948.672	-1520	
41773410	-272	-80	15536	-16.592	-4.880	947.696	-1520	
41813219	-320	-32	15552	-19.520	-1.952	948.672	-1536	
41853029	-352	-48	15584	-21.472	-2.928	950.624	-1536	
41892838	-320	-16	15552	-19.520	-0.976	948.672	-1520	
41932647	-320	-48	15584	-19.520	-2.928	950.624	-1504	
41972461	-352	-16	15600	-21.472	-0.976	951.600	-1552	
42012273	-336	-16	15552	-20.496	-0.976	948.672	-1520	
42052085	-304	-32	15552	-18.544	-1.952	948.672	-1504	
42091896	-336	-16	15584	-20.496	-0.976	950.624	-1520	
42131707	-304	-48	15600	-18.544	-2.928	951.600	-1568	
42171516	-304	-32	15584	-18.544	-1.952	950.624	-1536	
42211323	-320	-16	15568	-19.520	-0.976	949.648	-1520	
42251130	-336	-32	15536	-20.496	-1.952	947.696	-1520	
42290938	-336	-64	15552	-20.496	-3.904	948.672	-1520	
42330748	-304	-32	15616	-18.544	-1.952	952.576	-1536	
42370558	-336	0	15584	-20.496	0.000	950.624	-1552	
42410370	-320	-16	15584	-19.520	-0.976	950.624	-1520	
42450180	-320	16	15584	-19.520	0.976	950.624	-1536	
42489989	-320	-16	15584	-19.520	-0.976	950.624	-1536	
42529796	-336	0	15536	-20.496	0.000	947.696	-1552	
42569604	-320	-48	15600	-19.520	-2.928	951.600	-1504	
42609415	-320	-16	15552	-19.520	-0.976	948.672	-1536	
42649223	-320	-16	15584	-19.520	-0.976	950.624	-1552	
42689032	-320	-32	15584	-19.520	-1.952	950.624	-1568	
42728841	-352	16	15584	-21.472	0.976	950.624	-1536	
42768651	-336	-32	15536	-20.496	-1.952	947.696	-1536	
42808461	-304	0	15584	-18.544	0.000	950.624	-1488	
42848270	-320	-32	15536	-19.520	-1.952	947.696	-1536	
42888078	-320	-32	15536	-19.520	-1.952	947.696	-1520	
42927887	-336	16	15600	-20.496	0.976	951.600	-1504	
42967696	-256	-16	15600	-15.616	-0.976	951.600	-1504	
43007509	-304	-16	15552	-18.544	-0.976	948.672	-1520	
43047319	-320	-32	15568	-19.520	-1.952	949.648	-1488	
43087129	-368	16	15536	-22.448	0.976	947.696	-1472	
43126937	-320	-16	15552	-19.520	-0.976	948.672	-1472	
43166745	-336	-16	15536	-20.496	-0.976	947.696	-1552	
43206553	-304	-48	15584	-18.544	-2.928	950.624	-1552	
43246361	-320	-16	15536	-19.520	-0.976	947.696	-1552	
43286171	-288	-48	15552	-17.568	-2.928	948.672	-1520	
43325978	-304	16	15536	-18.544	0.976	947.696	-1536	
43365786	-320	-16	15584	-19.520	-0.976	950.624	-1536	
43405596	-256	0	15552	-15.616	0.000	948.672	-1552	
43445405	-288	-48	15552	-17.568	-2.928	948.672	-1520	
43485213	-320	-32	15488	-19.520	-1.952	944.768	-1536	
43525023	-336	-16	15584	-20.496	-0.976	950.624	-1488	
43564831	-320	-16	15552	-19.520	-0.976	948.672	-1552	
43604643	-320	-16	15552	-19.520	-0.976	948.672	-1520	
43644455	-304	0	15584	-18.544	0.000	950.624	-1488	
43684265	-304	-32	15552	-18.544	-1.952	948.672	-1520	
43724073	-320	0	15616	-19.520	0.000	952.576	-1520	
43763880	-320	-32	15552	-19.520	-1.952	948.672	-1536	
43803688	-352	-32	15552	-21.472	-1.952	948.672	-1536	
43843496	-352	-32	15616	-21.472	-1.952	952.576	-1520	
43883304	-336	0	15584	-20.496	0.000	950.624	-1520	
43923111	-304	-32	15584	-18.544	-1.952	950.624	-1552	
43962920	-336	-48	15600	-20.496	-2.928	951.600	-1472	
44002729	-336	-16	15568	-20.496	-0.976	949.648	-1536	
44042541	-304	-32	15568	-18.544	-1.952	949.648	-1504	
44082345	-304	0	15568	-18.544	0.000	949.648	-1552	
44122153	-288	0	15568	-17.568	0.000	949.648	-1520	
44161961	-304	16	15536	-18.544	0.976	947.696	-1568	
44201773	-304	16	15584	-18.544	0.976	950.624	-1584	
44241583	-336	-16	15600	-20.496	-0.976	951.600	-1552	
44281395	-320	-32	15584	-19.520	-1.952	950.624	-1520	
44321205	-288	0	15552	-17.568	0.000	948.672	-1552	
44361016	-336	-16	15584	-20.496	-0.976	950.624	-1536	
44400826	-352	-16	15600	-21.472	-0.976	951.600	-1552	
44440634	-352	0	15584	-21.472	0.000	950.624	-1568	
44480442	-336	-96	15616	-20.496	-5.856	952.576	-1552	
44520253	-352	-48	15552	-21.472	-2.928	948.672	-1504	
44560063	-320	0	15584	-19.520	0.000	950.624	-1520	
44599871	-304	-48	15584	-18.544	-2.928	950.624	-1520	
44639680	-288	0	15552	-17.568	0.000	948.672	-1520	
44679488	-304	-32	15600	-18.544	-1.952	951.600	-1520	
44719297	-336	-16	15584	-20.496	-0.976	950.624	-1568	
44759107	-304	-48	15536	-18.544	-2.928	947.696	-1488	
44798915	-288	-32	15552	-17.568	-1.952	948.672	-1520	
44838724	-352	-32	15552	-21.472	-1.952	948.672	-1536	
44878532	-320	0	15584	-19.520	0.000	950.624	-1584	
44918341	-320	-48	15584	-19.520	-2.928	950.624	-1552	
44958151	-320	0	15536	-19.520	0.000	947.696	-1584	
44997960	-320	0	15568	-19.520	0.000	949.648	-1568	
45037769	-352	-32	15600	-21.472	-1.952	951.600	-1504	
45077576	-336	-64	15536	-20.496	-3.904	947.696	-1536	
45117387	-320	-32	15568	-19.520	-1.952	949.648	-1520	
45157196	-304	-48	15536	-18.544	-2.928	947.696	-1520	
45197006	-320	-32	15568	-19.520	-1.952	949.648	-1520	
45236812	-304	-16	15584	-18.544	-0.976	950.624	-1536	
45276621	-320	-32	15552	-19.520	-1.952	948.672	-1520	
45316429	-304	-80	15568	-18.544	-4.880	949.648	-1520	
45356237	-304	0	15584	-18.544	0.000	950.624	-1520	
45396046	-336	-16	15584	-20.496	-0.976	950.624	-1536	
45435854	-320	-48	15536	-19.520	-2.928	947.696	-1536	
45475664	-288	-16	15568	-17.568	-0.976	949.648	-1504	
45515472	-336	-16	15600	-20.496	-0.976	951.600	-1536	
45555281	-320	16	15600	-19.520	0.976	951.600	-1520	
45595089	-368	0	15520	-22.448	0.000	946.720	-1536	
45634896	-336	-16	15584	-20.496	-0.976	950.624	-1584	
45674705	-288	-32	15568	-17.568	-1.952	949.648	-1472	
45714512	-304	-48	15568	-18.544	-2.928	949.648	-1520	
45754322	-320	-32	15552	-19.520	-1.952	948.672	-1504	
45794133	-304	-48	15536	-18.544	-2.928	947.696	-1536	
45833943	-320	-64	15520	-19.520	-3.904	946.720	-1536	
45873751	-304	-16	15584	-18.544	-0.976	950.624	-1584	
45913560	-336	-16	15552	-20.496	-0.976	948.672	-1504	
45953372	-336	-16	15520	-20.496	-0.976	946.720	-1552	
45993181	-304	-16	15584	-18.544	-0.976	950.624	-1536	
46032990	-336	-48	15520	-20.496	-2.928	946.720	-1536	
46072797	-288	0	15552	-17.568	0.000	948.672	-1520	
46112606	-288	-32	15568	-17.568	-1.952	949.648	-1552	
46152412	-304	-16	15520	-18.544	-0.976	946.720	-1536	
46192220	-320	-16	15568	-19.520	-0.976	949.648	-1536	
46232027	-336	16	15488	-20.496	0.976	944.768	-1552	
46271837	-288	-16	15616	-17.568	-0.976	952.576	-1504	
46311648	-336	0	15600	-20.496	0.000	951.600	-1520	
46351457	-320	-48	15552	-19.520	-2.928	948.672	-1536	
46391269	-304	-96	15552	-18.544	-5.856	948.672	-1504	
46431075	-288	16	15552	-17.568	0.976	948.672	-1536	
46470882	-304	-32	15584	-18.544	-1.952	950.624	-1552	
46510692	-336	-80	15536	-20.496	-4.880	947.696	-1536	
46550502	-288	32	15568	-17.568	1.952	949.648	-1520	
46590314	-288	0	15584	-17.568	0.000	950.624	-1504	
46630125	-304	0	15600	-18.544	0.000	951.600	-1472	
46669933	-352	-32	15584	-21.472	-1.952	950.624	-1552	
46709742	-384	-32	15536	-23.424	-1.952	947.696	-1568	
46749550	-336	16	15584	-20.496	0.976	950.624	-1504	
46789361	-272	0	15600	-16.592	0.000	951.600	-1552	
46829172	-304	-32	15552	-18.544	-1.952	948.672	-1536	
46868980	-352	-16	15520	-21.472	-0.976	946.720	-1552	
46908791	-320	-48	15504	-19.520	-2.928	945.744	-1536	
46948601	-320	-64	15600	-19.520	-3.904	951.600	-1536	
46988415	-336	-16	15600	-20.496	-0.976	951.600	-1504	
47028225	-304	0	15552	-18.544	0.000	948.672	-1520	
47068037	-272	-64	15536	-16.592	-3.904	947.696	-1552	
47107847	-336	-16	15552	-20.496	-0.976	948.672	-1504	
47147656	-304	-48	15536	-18.544	-2.928	947.696	-1536	
47187466	-272	-16	15632	-16.592	-0.976	953.552	-1520	
47227277	-336	-64	15584	-20.496	-3.904	950.624	-1520	
47267086	-272	-64	15600	-16.592	-3.904	951.600	-1536	
47306895	-352	-32	15520	-21.472	-1.952	946.720	-1536	
47346705	-336	-16	15584	-20.496	-0.976	950.624	-1536	
47386515	-352	-16	15568	-21.472	-0.976	949.648	-1504	
47426324	-352	16	15584	-21.472	0.976	950.624	-1520	
47466133	-336	-16	15584	-20.496	-0.976	950.624	-1552	
47505943	-336	0	15552	-20.496	0.000	948.672	-1568	
47545751	-336	16	15552	-20.496	0.976	948.672	-1504	
47585560	-320	-16	15568	-19.520	-0.976	949.648	-1520	
47625370	-272	-32	15648	-16.592	-1.952	954.528	-1536	
47665178	-320	0	15568	-19.520	0.000	949.648	-1552	
47704989	-288	-16	15536	-17.568	-0.976	947.696	-1600	
47744797	-352	-32	15536	-21.472	-1.952	947.696	-1536	
47784606	-336	-48	15536	-20.496	-2.928	947.696	-1552	
47824414	-320	32	15536	-19.520	1.952	947.696	-1536	
47864222	-288	-48	15584	-17.568	-2.928	950.624	-1568	
47904029	-272	-32	15568	-16.592	-1.952	949.648	-1504	
47943835	-320	-64	15552	-19.520	-3.904	948.672	-1520	
47983645	-288	-16	15600	-17.568	-0.976	951.600	-1536	
48023454	-320	-48	15584	-19.520	-2.928	950.624	-1536	
48063263	-368	0	15568	-22.448	0.000	949.648	-1568	
48103072	-320	-16	15568	-19.520	-0.976	949.648	-1520	
48142879	-320	-48	15536	-19.520	-2.928	947.696	-1520	
48182686	-336	-16	15552	-20.496	-0.976	948.672	-1552	
48222496	-320	16	15568	-19.520	0.976	949.648	-1536	
48262304	-288	-48	15520	-17.568	-2.928	946.720	-1600	
48302111	-352	-32	15600	-21.472	-1.952	951.600	-1600	
48341919	-304	-48	15536	-18.544	-2.928	947.696	-1504	
48381727	-336	0	15600	-20.496	0.000	951.600	-1552	
48421531	-288	0	15552	-17.568	0.000	948.672	-1552	
48461337	-304	-16	15600	-18.544	-0.976	951.600	-1536	
48501142	-320	-32	15568	-19.520	-1.952	949.648	-1552	
48540949	-304	-32	15584	-18.544	-1.952	950.624	-1584	
48580754	-320	-16	15552	-19.520	-0.976	948.672	-1600	
48620560	-320	-32	15568	-19.520	-1.952	949.648	-1520	
48660366	-288	16	15584	-17.568	0.976	950.624	-1536	
48700173	-304	-16	15568	-18.544	-0.976	949.648	-1536	
48739982	-336	-16	15584	-20.496	-0.976	950.624	-1584	
48779789	-288	-32	15536	-17.568	-1.952	947.696	-1552	
48819596	-304	-32	15584	-18.544	-1.952	950.624	-1552	
48859404	-352	-32	15616	-21.472	-1.952	952.576	-1568	
48899214	-320	-16	15568	-19.520	-0.976	949.648	-1536	
48939021	-240	-32	15584	-14.640	-1.952	950.624	-1552	
48978830	-304	-32	15584	-18.544	-1.952	950.624	-1536	
49018641	-368	-32	15600	-22.448	-1.952	951.600	-1584	
49058450	-288	-48	15568	-17.568	-2.928	949.648	-1520	
49098258	-288	-32	15584	-17.568	-1.952	950.624	-1568	
49138068	-288	-16	15552	-17.568	-0.976	948.672	-1552	
49177877	-288	0	15552	-17.568	0.000	948.672	-1568	
49217687	-336	-32	15552	-20.496	-1.952	948.672	-1520	
49257497	-320	-32	15616	-19.520	-1.952	952.576	-1520	
49297306	-288	-16	15600	-17.568	-0.976	951.600	-1536	
49337113	-320	-64	15552	-19.520	-3.904	948.672	-1584	
49376922	-304	-16	15536	-18.544	-0.976	947.696	-1584	
49416729	-336	0	15552	-20.496	0.000	948.672	-1536	
49456540	-288	-64	15584	-17.568	-3.904	950.624	-1520	
49496354	-272	-32	15552	-16.592	-1.952	948.672	-1536	
49536162	-304	-16	15536	-18.544	-0.976	947.696	-1568	
49575968	-320	-16	15520	-19.520	-0.976	946.720	-1536	
49615780	-288	-48	15584	-17.568	-2.928	950.624	-1584	
49655589	-304	-16	15600	-18.544	-0.976	951.600	-1552	
49695398	-288	-16	15584	-17.568	-0.976	950.624	-1552	
49735206	-288	-48	15600	-17.568	-2.928	951.600	-1504	
49775013	-304	-32	15568	-18.544	-1.952	949.648	-1568	
49814823	-304	-16	15568	-18.544	-0.976	949.648	-1536	
49854632	-320	-48	15568	-19.520	-2.928	949.648	-1552	
49894440	-304	-16	15536	-18.544	-0.976	947.696	-1504	
49934249	-336	0	15584	-20.496	0.000	950.624	-1568	
49974059	-336	0	15584	-20.496	0.000	950.624	-1568	
50013868	-288	-48	15568	-17.568	-2.928	949.648	-1504	
50053678	-256	-32	15520	-15.616	-1.952	946.720	-1520	
50093486	-368	-16	15552	-22.448	-0.976	948.672	-1552	
50133296	-320	0	15552	-19.520	0.000	948.672	-1584	
50173104	-272	-48	15552	-16.592	-2.928	948.672	-1568	
50212912	-272	-16	15616	-16.592	-0.976	952.576	-1584	
50252720	-352	-16	15600	-21.472	-0.976	951.600	-1600	
50292531	-304	-16	15584	-18.544	-0.976	950.624	-1536	
50332339	-304	-64	15584	-18.544	-3.904	950.624	-1568	
50372145	-320	0	15536	-19.520	0.000	947.696	-1552	
50411955	-336	-32	15584	-20.496	-1.952	950.624	-1520	
50451763	-304	-48	15568	-18.544	-2.928	949.648	-1536	
50491571	-352	32	15584	-21.472	1.952	950.624	-1536	
50531379	-336	-32	15568	-20.496	-1.952	949.648	-1536	
50571188	-272	-16	15584	-16.592	-0.976	950.624	-1536	
50610996	-336	-16	15584	-20.496	-0.976	950.624	-1568	
50650805	-320	-16	15584	-19.520	-0.976	950.624	-1568	
50690614	-272	-16	15536	-16.592	-0.976	947.696	-1536	
50730423	-272	-80	15616	-16.592	-4.880	952.576	-1520	
50770232	-304	-16	15552	-18.544	-0.976	948.672	-1552	
50810044	-336	0	15584	-20.496	0.000	950.624	-1552	
50849854	-320	-48	15552	-19.520	-2.928	948.672	-1536	
50889662	-320	-32	15584	-19.520	-1.952	950.624	-1520	
50929474	-272	-32	15552	-16.592	-1.952	948.672	-1536	
50969285	-288	-48	15552	-17.568	-2.928	948.672	-1504	
51009096	-320	-64	15552	-19.520	-3.904	948.672	-1568	
51048907	-336	-16	15552	-20.496	-0.976	948.672	-1568	
51088716	-352	-32	15568	-21.472	-1.952	949.648	-1568	
51128528	-336	-32	15536	-20.496	-1.952	947.696	-1568	
51168340	-304	-16	15584	-18.544	-0.976	950.624	-1616	
51208149	-304	-32	15552	-18.544	-1.952	948.672	-1536	
51247959	-272	-16	15552	-16.592	-0.976	948.672	-1552	
51287770	-336	-32	15552	-20.496	-1.952	948.672	-1536	
51327579	-272	-16	15568	-16.592	-0.976	949.648	-1520	
51367388	-160	-288	15328	-9.760	-17.568	935.008	-1616	
51407201	240	-192	14944	14.640	-11.712	911.584	-1536	
51447013	-528	80	16032	-32.208	4.880	977.952	-1520	
51486822	-368	0	15520	-22.448	0.000	946.720	-1536	
51526632	-320	-112	15568	-19.520	-6.832	949.648	-1552	
51566441	-256	-128	15456	-15.616	-7.808	942.816	-1520	
51606249	-400	48	15600	-24.400	2.928	951.600	-1552	
51646062	-352	96	15536	-21.472	5.856	947.696	-1536	
51685870	-304	-16	15584	-18.544	-0.976	950.624	-1536	
51725680	-304	-64	15568	-18.544	-3.904	949.648	-1552	
51765488	-288	-16	15584	-17.568	-0.976	950.624	-1552	
51805295	-320	16	15584	-19.520	0.976	950.624	-1520	
51845103	-320	-32	15584	-19.520	-1.952	950.624	-1568	
51884911	-304	-32	15568	-18.544	-1.952	949.648	-1488	
51924719	-272	-32	15584	-16.592	-1.952	950.624	-1568	
51964527	-336	-32	15552	-20.496	-1.952	948.672	-1568	
52004335	-336	0	15584	-20.496	0.000	950.624	-1552	
52044145	-272	-80	15552	-16.592	-4.880	948.672	-1584	
52083956	-304	-48	15584	-18.544	-2.928	950.624	-1584	
52123764	-320	-16	15536	-19.520	-0.976	947.696	-1552	
52163573	-368	16	15520	-22.448	0.976	946.720	-1520	
52203383	-288	-32	15536	-17.568	-1.952	947.696	-1568	
52243193	-272	0	15568	-16.592	0.000	949.648	-1568	
52283002	-336	-48	15584	-20.496	-2.928	950.624	-1552	
52322810	-320	-16	15600	-19.520	-0.976	951.600	-1536	
52362619	-352	-48	15584	-21.472	-2.928	950.624	-1536	
52402425	-320	-32	15568	-19.520	-1.952	949.648	-1552	
52442233	-304	-32	15600	-18.544	-1.952	951.600	-1552	
52482043	-304	-16	15584	-18.544	-0.976	950.624	-1536	
52521850	-304	-48	15568	-18.544	-2.928	949.648	-1552	
52561658	-336	0	15552	-20.496	0.000	948.672	-1552	
52601468	-288	-16	15536	-17.568	-0.976	947.696	-1536	
52641279	-320	16	15536	-19.520	0.976	947.696	-1520	
52681087	-304	-48	15568	-18.544	-2.928	949.648	-1552	
52720894	-320	0	15552	-19.520	0.000	948.672	-1536	
52760703	-272	-32	15584	-16.592	-1.952	950.624	-1584	
52800508	-256	-32	15584	-15.616	-1.952	950.624	-1488	
52840315	-336	-16	15584	-20.496	-0.976	950.624	-1536	
52880122	-320	16	15584	-19.520	0.976	950.624	-1536	
52919930	-304	-32	15552	-18.544	-1.952	948.672	-1520	
52959736	-288	-16	15600	-17.568	-0.976	951.600	-1552	
52999544	-320	-16	15616	-19.520	-0.976	952.576	-1584	
53039351	-320	-48	15600	-19.520	-2.928	951.600	-1600	
53079158	-304	-16	15552	-18.544	-0.976	948.672	-1536	
53118966	-304	-32	15584	-18.544	-1.952	950.624	-1552	
53158775	-352	-16	15568	-21.472	-0.976	949.648	-1520	
53198581	-288	0	15536	-17.568	0.000	947.696	-1520	
53238388	-368	16	15584	-22.448	0.976	950.624	-1536	
53278197	-352	-16	15584	-21.472	-0.976	950.624	-1536	
53318005	-304	-16	15600	-18.544	-0.976	951.600	-1552	
53357814	-336	-48	15584	-20.496	-2.928	950.624	-1520	
53397623	-320	16	15536	-19.520	0.976	947.696	-1552	
53437430	-320	-48	15584	-19.520	-2.928	950.624	-1552	
53477238	-320	-32	15568	-19.520	-1.952	949.648	-1568	
53517044	-368	-16	15616	-22.448	-0.976	952.576	-1552	
53556851	-336	-48	15552	-20.496	-2.928	948.672	-1536	
53596657	-304	-48	15584	-18.544	-2.928	950.624	-1504	
53636466	-288	0	15568	-17.568	0.000	949.648	-1520	
53676270	-320	-16	15520	-19.520	-0.976	946.720	-1568	
53716077	-336	0	15552	-20.496	0.000	948.672	-1536	
53755886	-336	-16	15584	-20.496	-0.976	950.624	-1584	
53795693	-352	-16	15600	-21.472	-0.976	951.600	-1600	
53835502	-336	-48	15536	-20.496	-2.928	947.696	-1568	
53875311	-336	-32	15584	-20.496	-1.952	950.624	-1552	
53915121	-304	-32	15584	-18.544	-1.952	950.624	-1568	
53954928	-304	-48	15568	-18.544	-2.928	949.648	-1536	
53994737	-288	-48	15536	-17.568	-2.928	947.696	-1536	
54034545	-320	32	15584	-19.520	1.952	950.624	-1552	
54074355	-400	0	15552	-24.400	0.000	948.672	-1536	
54114164	-304	-64	15584	-18.544	-3.904	950.624	-1536	
54153972	-288	-96	15616	-17.568	-5.856	952.576	-1536	
54193781	-320	-32	15536	-19.520	-1.952	947.696	-1552	
54233592	-384	16	15552	-23.424	0.976	948.672	-1568	
54273398	-352	-16	15552	-21.472	-0.976	948.672	-1536	
54313208	-304	-80	15568	-18.544	-4.880	949.648	-1552	
54353018	-336	-16	15600	-20.496	-0.976	951.600	-1536	
54392828	-320	-64	15520	-19.520	-3.904	946.720	-1568	
54432638	-336	-48	15584	-20.496	-2.928	950.624	-1520	
54472451	-304	-16	15616	-18.544	-0.976	952.576	-1552	
54512261	-352	-96	15584	-21.472	-5.856	950.624	-1552	
54552072	-352	-32	15616	-21.472	-1.952	952.576	-1584	
54591881	-336	0	15552	-20.496	0.000	948.672	-1568	
54631689	-288	-48	15568	-17.568	-2.928	949.648	-1552	
54671499	-304	-32	15584	-18.544	-1.952	950.624	-1552	
54711307	-320	16	15600	-19.520	0.976	951.600	-1584	
54751114	-352	0	15552	-21.472	0.000	948.672	-1552	
54790924	-320	0	15584	-19.520	0.000	950.624	-1520	
54830732	-304	-16	15536	-18.544	-0.976	947.696	-1552	
54870542	-368	-32	15584	-22.448	-1.952	950.624	-1584	
54910354	-352	0	15584	-21.472	0.000	950.624	-1552	
54950164	-336	-16	15584	-20.496	-0.976	950.624	-1536	
54989973	-288	-32	15584	-17.568	-1.952	950.624	-1536	
55029782	-256	48	15536	-15.616	2.928	947.696	-1568	
55069590	-480	96	15712	-29.280	5.856	958.432	-1584	
55109398	-336	16	15584	-20.496	0.976	950.624	-1552	
55149205	-400	-16	15616	-24.400	-0.976	952.576	-1568	
55189010	-304	-32	15584	-18.544	-1.952	950.624	-1536	
55228819	-304	-32	15616	-18.544	-1.952	952.576	-1520	
55268623	-352	-48	15600	-21.472	-2.928	951.600	-1568	
55308432	-320	-48	15584	-19.520	-2.928	950.624	-1504	
55348238	-320	-16	15552	-19.520	-0.976	948.672	-1536	
55388043	-320	-32	15520	-19.520	-1.952	946.720	-1552	
55427848	-288	-16	15568	-17.568	-0.976	949.648	-1520	
55467656	-272	-16	15616	-16.592	-0.976	952.576	-1568	
55507463	-288	-64	15584	-17.568	-3.904	950.624	-1552	
55547272	-352	0	15536	-21.472	0.000	947.696	-1600	
55587079	-320	32	15584	-19.520	1.952	950.624	-1552	
55626888	-288	-32	15568	-17.568	-1.952	949.648	-1568	
55666698	-288	-48	15584	-17.568	-2.928	950.624	-1552	
55706506	-320	-32	15552	-19.520	-1.952	948.672	-1568	
55746315	-336	-64	15616	-20.496	-3.904	952.576	-1568	
55786124	-288	-32	15536	-17.568	-1.952	947.696	-1536	
55825934	-336	-16	15648	-20.496	-0.976	954.528	-1536	
55865745	-320	16	15552	-19.520	0.976	948.672	-1552	
55905554	-320	-48	15568	-19.520	-2.928	949.648	-1536	
55945361	-128	-32	15904	-7.808	-1.952	970.144	-1568	
55985168	-272	16	15600	-16.592	0.976	951.600	-1536	
56024972	-320	32	15584	-19.520	1.952	950.624	-1552	
56064778	-304	-16	15584	-18.544	-0.976	950.624	-1552	
56104584	-400	0	15584	-24.400	0.000	950.624	-1536	
56144393	-304	-32	15584	-18.544	-1.952	950.624	-1584	
56184203	-304	-64	15584	-18.544	-3.904	950.624	-1552	
56224009	-320	-16	15600	-19.520	-0.976	951.600	-1568	
56263813	-304	-32	15536	-18.544	-1.952	947.696	-1520	
56303622	-304	0	15536	-18.544	0.000	947.696	-1504	
56343428	-304	-80	15568	-18.544	-4.880	949.648	-1568	
56383236	-400	-16	15616	-24.400	-0.976	952.576	-1568	
56423044	-368	0	15584	-22.448	0.000	950.624	-1584	
56462853	-336	16	15568	-20.496	0.976	949.648	-1584	
56502662	-320	-48	15584	-19.520	-2.928	950.624	-1568	
56542473	-352	-16	15648	-21.472	-0.976	954.528	-1536	
56582283	-240	-32	15536	-14.640	-1.952	947.696	-1520	
56622091	-272	-32	15520	-16.592	-1.952	946.720	-1552	
56661897	-320	0	15584	-19.520	0.000	950.624	-1584	
56701704	-304	-48	15584	-18.544	-2.928	950.624	-1520	
56741512	-320	-80	15584	-19.520	-4.880	950.624	-1552	
56781319	-336	-16	15584	-20.496	-0.976	950.624	-1568	
56821125	-336	-16	15536	-20.496	-0.976	947.696	-1520	
56860934	-256	-48	15600	-15.616	-2.928	951.600	-1584	
56900738	-336	-64	15616	-20.496	-3.904	952.576	-1552	
56940546	-304	-32	15584	-18.544	-1.952	950.624	-1568	
56980354	-352	32	15552	-21.472	1.952	948.672	-1520	
57020162	-320	-16	15568	-19.520	-0.976	949.648	-1536	
57059969	-320	-48	15600	-19.520	-2.928	951.600	-1568	
57099776	-320	16	15584	-19.520	0.976	950.624	-1584	
57139585	-320	0	15552	-19.520	0.000	948.672	-1504	
57179395	-320	-48	15584	-19.520	-2.928	950.624	-1552	
57219202	-288	-48	15584	-17.568	-2.928	950.624	-1568	
57259008	-336	-48	15568	-20.496	-2.928	949.648	-1568	
57298815	-336	0	15600	-20.496	0.000	951.600	-1600	
57338623	-320	-32	15552	-19.520	-1.952	948.672	-1584	
57378432	-336	-16	15616	-20.496	-0.976	952.576	-1600	
57418241	-304	-16	15536	-18.544	-0.976	947.696	-1552	
57458051	-320	0	15536	-19.520	0.000	947.696	-1520	
57497860	-400	-16	15600	-24.400	-0.976	951.600	-1568	
57537667	-320	-16	15584	-19.520	-0.976	950.624	-1568	
57577477	-288	-48	15568	-17.568	-2.928	949.648	-1520	
57617286	-352	-80	15616	-21.472	-4.880	952.576	-1568	
57657096	-320	0	15536	-19.520	0.000	947.696	-1552	
57696904	-288	-48	15536	-17.568	-2.928	947.696	-1552	
57736714	-272	-32	15536	-16.592	-1.952	947.696	-1552	
57776522	-336	16	15584	-20.496	0.976	950.624	-1568	
57816330	-336	16	15552	-20.496	0.976	948.672	-1520	
57856140	-320	16	15584	-19.520	0.976	950.624	-1600	
57895946	-320	-32	15568	-19.520	-1.952	949.648	-1568	
57935756	-368	-16	15584	-22.448	-0.976	950.624	-1536	
57975565	-272	-64	15568	-16.592	-3.904	949.648	-1536	
58015377	-368	0	15584	-22.448	0.000	950.624	-1536	
58055189	-336	-16	15552	-20.496	-0.976	948.672	-1568	
58094998	-304	-64	15584	-18.544	-3.904	950.624	-1552	
58134807	-288	-96	15616	-17.568	-5.856	952.576	-1616	
58174615	-320	16	15584	-19.520	0.976	950.624	-1568	
58214422	-272	-48	15584	-16.592	-2.928	950.624	-1552	
58254231	-320	-16	15536	-19.520	-0.976	947.696	-1520	
58294041	-336	-32	15568	-20.496	-1.952	949.648	-1552	
58333846	-336	0	15584	-20.496	0.000	950.624	-1568	
58373653	-352	16	15568	-21.472	0.976	949.648	-1568	
58413463	-288	-32	15568	-17.568	-1.952	949.648	-1536	
58453271	-320	-32	15536	-19.520	-1.952	947.696	-1536	
58493080	-400	-32	15536	-24.400	-1.952	947.696	-1536	
58532888	-336	-16	15552	-20.496	-0.976	948.672	-1536	
58572698	-304	-64	15536	-18.544	-3.904	947.696	-1536	
58612505	-304	-48	15648	-18.544	-2.928	954.528	-1536	
58652314	-336	-32	15536	-20.496	-1.952	947.696	-1616	
58692122	-320	-32	15568	-19.520	-1.952	949.648	-1504	
58731929	-352	-48	15552	-21.472	-2.928	948.672	-1520	
58771736	-352	-16	15584	-21.472	-0.976	950.624	-1568	
58811543	-320	-64	15552	-19.520	-3.904	948.672	-1584	
58851351	-272	-32	15552	-16.592	-1.952	948.672	-1584	
58891157	-336	0	15552	-20.496	0.000	948.672	-1616	
58930965	-336	-32	15552	-20.496	-1.952	948.672	-1568	
58970770	-336	-48	15568	-20.496	-2.928	949.648	-1568	
59010576	-336	-32	15488	-20.496	-1.952	944.768	-1568	
59050381	-336	-16	15568	-20.496	-0.976	949.648	-1536	
59090188	-304	32	15616	-18.544	1.952	952.576	-1552	
59129996	-352	-48	15584	-21.472	-2.928	950.624	-1504	
59169805	-304	16	15584	-18.544	0.976	950.624	-1520	
59209612	-336	0	15552	-20.496	0.000	948.672	-1536	
59249419	-320	0	15536	-19.520	0.000	947.696	-1584	
59289229	-320	0	15584	-19.520	0.000	950.624	-1552	
59329036	-336	-16	15600	-20.496	-0.976	951.600	-1520	
59368847	-320	-16	15584	-19.520	-0.976	950.624	-1568	
59408656	-320	-80	15584	-19.520	-4.880	950.624	-1600	
59448466	-304	-48	15584	-18.544	-2.928	950.624	-1552	
59488278	-320	-16	15520	-19.520	-0.976	946.720	-1536	
59528087	-288	-48	15552	-17.568	-2.928	948.672	-1552	
59567895	-320	-32	15552	-19.520	-1.952	948.672	-1536	
59607702	-336	16	15520	-20.496	0.976	946.720	-1552	
59647511	-320	-16	15584	-19.520	-0.976	950.624	-1536	
59687319	-256	-64	15536	-15.616	-3.904	947.696	-1568	
59727125	-288	-32	15536	-17.568	-1.952	947.696	-1600	
59766934	-352	-16	15536	-21.472	-0.976	947.696	-1584	
59806741	-304	-16	15584	-18.544	-0.976	950.624	-1568	
59846549	-336	-64	15536	-20.496	-3.904	947.696	-1552	
59886355	-288	-16	15584	-17.568	-0.976	950.624	-1536	
59926164	-304	-16	15600	-18.544	-0.976	951.600	-1568	
59965973	-320	32	15584	-19.520	1.952	950.624	-1552	
60005781	-304	-16	15584	-18.544	-0.976	950.624	-1520	
60045591	-320	-48	15600	-19.520	-2.928	951.600	-1536	
60085398	-288	-64	15584	-17.568	-3.904	950.624	-1536	
60125208	-384	16	15520	-23.424	0.976	946.720	-1536	
60165016	-400	-32	15616	-24.400	-1.952	952.576	-1552	
60204823	-336	-32	15552	-20.496	-1.952	948.672	-1536	
60244634	-336	16	15520	-20.496	0.976	946.720	-1536	
60284443	-336	0	15632	-20.496	0.000	953.552	-1536	
60324252	-448	80	15584	-27.328	4.880	950.624	-1536	
60364062	-352	-48	15616	-21.472	-2.928	952.576	-1552	
60403868	-256	-64	15552	-15.616	-3.904	948.672	-1552	
60443675	-256	0	15520	-15.616	0.000	946.720	-1552	
60483484	-288	0	15520	-17.568	0.000	946.720	-1536	
60523293	-304	-48	15584	-18.544	-2.928	950.624	-1552	
60563104	-368	-16	15584	-22.448	-0.976	950.624	-1568	
60602913	-336	-16	15568	-20.496	-0.976	949.648	-1552	
60642720	-288	-32	15600	-17.568	-1.952	951.600	-1568	
60682527	-320	-64	15600	-19.520	-3.904	951.600	-1584	
60722334	-304	16	15568	-18.544	0.976	949.648	-1568	
60762145	-272	-48	15552	-16.592	-2.928	948.672	-1504	
60801956	-304	-48	15584	-18.544	-2.928	950.624	-1552	
60841766	-352	0	15616	-21.472	0.000	952.576	-1552	
60881576	-336	-16	15584	-20.496	-0.976	950.624	-1552	
60921383	-272	-80	15552	-16.592	-4.880	948.672	-1536	
60961193	-288	-80	15584	-17.568	-4.880	950.624	-1520	
61001002	-400	32	15552	-24.400	1.952	948.672	-1520	
61040811	-320	16	15584	-19.520	0.976	950.624	-1536	
61080621	-224	-32	15584	-13.664	-1.952	950.624	-1552	
61120428	-352	-48	15536	-21.472	-2.928	947.696	-1568	
61160236	-224	-80	15552	-13.664	-4.880	948.672	-1536	
61200041	-336	-32	15536	-20.496	-1.952	947.696	-1520	
61239848	-384	48	15520	-23.424	2.928	946.720	-1552	
61279656	-336	-32	15584	-20.496	-1.952	950.624	-1536	
61319463	-336	-32	15584	-20.496	-1.952	950.624	-1552	
61359273	-320	-32	15552	-19.520	-1.952	948.672	-1520	
61399083	-304	-16	15568	-18.544	-0.976	949.648	-1504	
61438889	-352	-16	15536	-21.472	-0.976	947.696	-1536	
61478697	-304	-32	15568	-18.544	-1.952	949.648	-1568	
61518506	-320	-48	15552	-19.520	-2.928	948.672	-1568	
61558315	-304	16	15584	-18.544	0.976	950.624	-1600	
61598124	-304	-16	15584	-18.544	-0.976	950.624	-1568	
61637933	-304	-48	15552	-18.544	-2.928	948.672	-1552	
61677740	-320	-32	15552	-19.520	-1.952	948.672	-1600	
61717548	-448	-32	15536	-27.328	-1.952	947.696	-1536	
61757354	-320	-16	15488	-19.520	-0.976	944.768	-1552	
