Timestamp [us]	A_X [LSB]	A_Y [LSB]	A_Z [LSB]	A_X [mg]	A_Y [mg]	A_Z [mg]	QVAR [LSB]	
18856	304	-656	16864	18.544	-40.016	1028.704	-272	
98625	288	-720	16864	17.568	-43.920	1028.704	-256	
178392	288	-736	16832	17.568	-44.896	1026.752	-256	
258159	304	-720	16848	18.544	-43.920	1027.728	-256	
337924	272	-688	16864	16.592	-41.968	1028.704	-256	
417688	288	-736	16896	17.568	-44.896	1030.656	-272	
497452	272	-752	16800	16.592	-45.872	1024.800	-288	
577216	288	-704	16928	17.568	-42.944	1032.608	-272	
656976	304	-720	16864	18.544	-43.920	1028.704	-240	
736737	288	-704	16864	17.568	-42.944	1028.704	-288	
816498	304	-720	16784	18.544	-43.920	1023.824	-288	
896261	288	-704	16864	17.568	-42.944	1028.704	-288	
976025	304	-752	16848	18.544	-45.872	1027.728	-256	
1055787	256	-736	16864	15.616	-44.896	1028.704	-304	
1135555	336	-736	16864	20.496	-44.896	1028.704	-272	
1215319	288	-688	16848	17.568	-41.968	1027.728	-240	
1295081	288	-704	16864	17.568	-42.944	1028.704	-256	
1374843	288	-704	16880	17.568	-42.944	1029.680	-240	
1454608	336	-704	16848	20.496	-42.944	1027.728	-256	
1534369	304	-720	16832	18.544	-43.920	1026.752	-272	
1614137	336	-688	16848	20.496	-41.968	1027.728	-288	
1693901	288	-720	16832	17.568	-43.920	1026.752	-272	
1773668	320	-768	16864	19.520	-46.848	1028.704	-288	
1853434	240	-672	16800	14.640	-40.992	1024.800	-256	
1933200	336	-672	16864	20.496	-40.992	1028.704	-320	
2012966	240	-672	16864	14.640	-40.992	1028.704	-272	
2092729	336	-672	16816	20.496	-40.992	1025.776	-240	
2172493	288	-752	16800	17.568	-45.872	1024.800	-272	
2252253	256	-704	16864	15.616	-42.944	1028.704	-272	
2332015	288	-736	16880	17.568	-44.896	1029.680	-304	
2411775	256	-704	16864	15.616	-42.944	1028.704	-272	
2491532	320	-736	16848	19.520	-44.896	1027.728	-272	
2571294	144	-800	16912	8.784	-48.800	1031.632	-256	
2651054	304	-736	16816	18.544	-44.896	1025.776	-272	
2730814	240	-704	16816	14.640	-42.944	1025.776	-272	
2810576	352	-768	15936	21.472	-46.848	972.096	-256	
2890339	256	-768	16704	15.616	-46.848	1018.944	-272	
2970099	256	-688	16816	15.616	-41.968	1025.776	-224	
3049860	304	-704	16800	18.544	-42.944	1024.800	-256	
3129622	320	-768	16832	19.520	-46.848	1026.752	-256	
3209381	304	-752	16848	18.544	-45.872	1027.728	-208	
3289141	288	-688	16864	17.568	-41.968	1028.704	-320	
3368900	320	-720	16848	19.520	-43.920	1027.728	-256	
3448661	272	-720	16832	16.592	-43.920	1026.752	-272	
3528420	288	-704	16848	17.568	-42.944	1027.728	-192	
3608177	288	-704	16896	17.568	-42.944	1030.656	-208	
3687937	304	-704	16800	18.544	-42.944	1024.800	-224	
3767700	272	-736	16864	16.592	-44.896	1028.704	-208	
3847463	288	-752	16832	17.568	-45.872	1026.752	-256	
3927224	272	-688	16848	16.592	-41.968	1027.728	-224	
4006987	240	-688	16864	14.640	-41.968	1028.704	-224	
4086751	288	-704	16880	17.568	-42.944	1029.680	-144	
4166512	240	-704	16864	14.640	-42.944	1028.704	-240	
4246272	320	-720	16864	19.520	-43.920	1028.704	-256	
4326032	240	-688	16864	14.640	-41.968	1028.704	-192	
4405791	288	-752	16896	17.568	-45.872	1030.656	-320	
4485552	288	-656	16832	17.568	-40.016	1026.752	-208	
4565317	304	-720	16880	18.544	-43.920	1029.680	-240	
4645079	272	-736	16864	16.592	-44.896	1028.704	-240	
4724837	336	-736	16864	20.496	-44.896	1028.704	-208	
4804602	336	-688	16832	20.496	-41.968	1026.752	-272	
4884367	304	-640	17248	18.544	-39.040	1052.128	-224	
4964132	320	-672	16864	19.520	-40.992	1028.704	-240	
5043896	256	-704	16896	15.616	-42.944	1030.656	-224	
5123658	224	-720	16880	13.664	-43.920	1029.680	-208	
5203416	304	-752	16816	18.544	-45.872	1025.776	-160	
5283174	304	-752	16848	18.544	-45.872	1027.728	-224	
5362934	304	-704	16848	18.544	-42.944	1027.728	-272	
5442699	224	-752	16848	13.664	-45.872	1027.728	-224	
5522461	320	-720	16864	19.520	-43.920	1028.704	-288	
5602219	288	-720	16864	17.568	-43.920	1028.704	-176	
5681978	320	-720	16864	19.520	-43.920	1028.704	-240	
5761739	320	-720	16832	19.520	-43.920	1026.752	-240	
5841500	256	-736	16848	15.616	-44.896	1027.728	-224	
5921261	256	-704	16800	15.616	-42.944	1024.800	-256	
6001025	288	-704	16864	17.568	-42.944	1028.704	-272	
6080792	288	-720	16832	17.568	-43.920	1026.752	-256	
6160555	304	-720	16832	18.544	-43.920	1026.752	-208	
6240320	320	-720	16864	19.520	-43.920	1028.704	-192	
6320077	304	-720	16880	18.544	-43.920	1029.680	-240	
6399838	272	-672	16816	16.592	-40.992	1025.776	-224	
6479598	320	-752	16864	19.520	-45.872	1028.704	-240	
6559363	288	-704	16864	17.568	-42.944	1028.704	-240	
6639123	320	-704	16864	19.520	-42.944	1028.704	-272	
6718885	272	-704	16816	16.592	-42.944	1025.776	-176	
6798644	288	-688	16832	17.568	-41.968	1026.752	-272	
6878405	304	-704	16832	18.544	-42.944	1026.752	-240	
6958167	240	-720	16864	14.640	-43.920	1028.704	-240	
7037931	288	-704	16864	17.568	-42.944	1028.704	-288	
7117692	304	-736	16880	18.544	-44.896	1029.680	-208	
7197453	272	-736	16864	16.592	-44.896	1028.704	-256	
7277216	256	-688	16832	15.616	-41.968	1026.752	-208	
7356983	304	-672	16896	18.544	-40.992	1030.656	-208	
7436747	304	-720	16848	18.544	-43.920	1027.728	-272	
7516512	256	-704	16832	15.616	-42.944	1026.752	-240	
7596276	320	-720	16896	19.520	-43.920	1030.656	-256	
7676041	304	-704	16864	18.544	-42.944	1028.704	-240	
7755804	272	-720	16848	16.592	-43.920	1027.728	-224	
7835565	272	-672	16848	16.592	-40.992	1027.728	-128	
7915328	288	-704	16816	17.568	-42.944	1025.776	-256	
7995088	240	-768	16864	14.640	-46.848	1028.704	-240	
8074853	320	-672	16880	19.520	-40.992	1029.680	-240	
8154621	304	-720	16864	18.544	-43.920	1028.704	-304	
8234387	272	-704	16864	16.592	-42.944	1028.704	-176	
8314149	288	-736	16864	17.568	-44.896	1028.704	-256	
8393914	304	-736	16864	18.544	-44.896	1028.704	-240	
8473679	288	-704	16864	17.568	-42.944	1028.704	-224	
8553446	272	-720	16896	16.592	-43.920	1030.656	-240	
8633215	304	-736	16832	18.544	-44.896	1026.752	-224	
8712980	304	-736	16848	18.544	-44.896	1027.728	-256	
8792742	256	-688	16864	15.616	-41.968	1028.704	-224	
8872508	240	-736	16864	14.640	-44.896	1028.704	-224	
8952275	288	-704	16816	17.568	-42.944	1025.776	-224	
9032040	320	-752	16848	19.520	-45.872	1027.728	-256	
9111804	288	-720	16864	17.568	-43.920	1028.704	-240	
9191565	288	-736	16880	17.568	-44.896	1029.680	-224	
9271326	304	-736	16880	18.544	-44.896	1029.680	-272	
9351088	272	-736	16880	16.592	-44.896	1029.680	-176	
9430855	304	-704	16864	18.544	-42.944	1028.704	-256	
9510618	352	-720	16832	21.472	-43.920	1026.752	-240	
9590385	224	-704	16864	13.664	-42.944	1028.704	-224	
9670147	272	-768	16864	16.592	-46.848	1028.704	-288	
9749911	304	-704	16832	18.544	-42.944	1026.752	-224	
9829670	304	-672	16832	18.544	-40.992	1026.752	-240	
9909436	288	-768	16848	17.568	-46.848	1027.728	-224	
9989201	320	-704	16832	19.520	-42.944	1026.752	-240	
10068964	288	-736	16864	17.568	-44.896	1028.704	-272	
10148726	304	-704	16816	18.544	-42.944	1025.776	-240	
10228487	272	-752	16880	16.592	-45.872	1029.680	-272	
10308247	304	-688	16864	18.544	-41.968	1028.704	-224	
10388012	320	-736	16896	19.520	-44.896	1030.656	-240	
10467775	304	-720	16864	18.544	-43.920	1028.704	-176	
10547536	304	-656	16864	18.544	-40.016	1028.704	-256	
10627298	288	-704	16832	17.568	-42.944	1026.752	-240	
10707059	304	-720	16864	18.544	-43.920	1028.704	-240	
10786819	336	-720	16864	20.496	-43.920	1028.704	-304	
10866579	256	-704	16816	15.616	-42.944	1025.776	-176	
10946340	304	-720	16848	18.544	-43.920	1027.728	-272	
11026100	272	-688	16864	16.592	-41.968	1028.704	-192	
11105858	304	-720	16880	18.544	-43.920	1029.680	-224	
11185619	304	-736	16848	18.544	-44.896	1027.728	-288	
11265374	272	-720	16864	16.592	-43.920	1028.704	-224	
11345133	336	-720	16864	20.496	-43.920	1028.704	-256	
11424896	272	-752	16864	16.592	-45.872	1028.704	-224	
11504655	320	-736	16800	19.520	-44.896	1024.800	-224	
11584419	288	-672	16896	17.568	-40.992	1030.656	-192	
11664176	288	-736	16832	17.568	-44.896	1026.752	-224	
11743937	288	-720	16864	17.568	-43.920	1028.704	-240	
11823699	240	-736	16896	14.640	-44.896	1030.656	-240	
11903465	240	-720	16864	14.640	-43.920	1028.704	-240	
11983225	272	-656	16848	16.592	-40.016	1027.728	-160	
12062988	240	-688	16880	14.640	-41.968	1029.680	-208	
12142746	304	-720	16864	18.544	-43.920	1028.704	-256	
12222500	240	-688	16864	14.640	-41.968	1028.704	-240	
12302258	304	-720	16880	18.544	-43.920	1029.680	-272	
12382019	320	-704	16864	19.520	-42.944	1028.704	-240	
12461781	304	-704	16848	18.544	-42.944	1027.728	-240	
12541540	304	-720	16864	18.544	-43.920	1028.704	-240	
12621296	256	-736	16832	15.616	-44.896	1026.752	-208	
12701053	272	-752	16864	16.592	-45.872	1028.704	-256	
12780815	288	-720	16864	17.568	-43.920	1028.704	-272	
12860580	320	-768	16864	19.520	-46.848	1028.704	-224	
12940336	272	-736	16848	16.592	-44.896	1027.728	-240	
13020092	272	-736	16864	16.592	-44.896	1028.704	-240	
13099852	288	-704	16864	17.568	-42.944	1028.704	-144	
13179614	272	-720	16800	16.592	-43.920	1024.800	-272	
13259374	272	-736	16880	16.592	-44.896	1029.680	-240	
13339134	288	-688	16880	17.568	-41.968	1029.680	-160	
13418894	304	-704	16864	18.544	-42.944	1028.704	-304	
13498652	272	-704	16816	16.592	-42.944	1025.776	-208	
13578409	288	-720	16864	17.568	-43.920	1028.704	-192	
13658169	304	-720	16896	18.544	-43.920	1030.656	-240	
13737928	224	-720	16880	13.664	-43.920	1029.680	-224	
13817690	304	-704	16864	18.544	-42.944	1028.704	-304	
13897454	304	-704	16816	18.544	-42.944	1025.776	-288	
13977212	288	-704	16864	17.568	-42.944	1028.704	-256	
14056973	288	-704	16880	17.568	-42.944	1029.680	-240	
14136732	288	-720	16864	17.568	-43.920	1028.704	-240	
14216493	320	-656	16848	19.520	-40.016	1027.728	-192	
14296257	304	-704	16816	18.544	-42.944	1025.776	-224	
14376018	304	-688	16864	18.544	-41.968	1028.704	-256	
14455779	336	-720	16864	20.496	-43.920	1028.704	-224	
14535542	304	-720	16864	18.544	-43.920	1028.704	-320	
14615305	256	-704	16864	15.616	-42.944	1028.704	-208	
14695062	288	-704	16864	17.568	-42.944	1028.704	-240	
14774823	304	-736	16864	18.544	-44.896	1028.704	-256	
14854584	256	-720	16832	15.616	-43.920	1026.752	-240	
14934343	320	-752	16848	19.520	-45.872	1027.728	-320	
15014108	288	-736	16864	17.568	-44.896	1028.704	-256	
15093876	272	-720	16896	16.592	-43.920	1030.656	-272	
15173645	256	-688	16880	15.616	-41.968	1029.680	-224	
15253405	256	-688	16832	15.616	-41.968	1026.752	-240	
15333168	272	-704	16848	16.592	-42.944	1027.728	-240	
15412929	288	-704	16832	17.568	-42.944	1026.752	-240	
15492691	272	-704	16880	16.592	-42.944	1029.680	-240	
15572455	304	-720	16880	18.544	-43.920	1029.680	-240	
15652218	256	-704	16832	15.616	-42.944	1026.752	-224	
15731977	304	-704	16832	18.544	-42.944	1026.752	-176	
15811736	272	-704	16800	16.592	-42.944	1024.800	-240	
15891501	272	-704	16864	16.592	-42.944	1028.704	-240	
15971266	288	-704	16864	17.568	-42.944	1028.704	-208	
16051029	288	-720	16880	17.568	-43.920	1029.680	-304	
16130794	272	-704	16896	16.592	-42.944	1030.656	-240	
16210560	288	-752	16864	17.568	-45.872	1028.704	-240	
16290322	288	-752	16880	17.568	-45.872	1029.680	-224	
16370088	272	-704	16864	16.592	-42.944	1028.704	-224	
16449851	304	-704	16816	18.544	-42.944	1025.776	-272	
16529613	288	-688	16864	17.568	-41.968	1028.704	-224	
16609377	304	-768	16848	18.544	-46.848	1027.728	-240	
16689146	272	-736	16864	16.592	-44.896	1028.704	-256	
16768909	320	-688	16864	19.520	-41.968	1028.704	-224	
16848674	288	-704	16864	17.568	-42.944	1028.704	-160	
16928436	272	-704	16864	16.592	-42.944	1028.704	-272	
17008199	288	-720	16880	17.568	-43.920	1029.680	-240	
17087959	304	-736	16864	18.544	-44.896	1028.704	-224	
17167719	304	-720	16864	18.544	-43.920	1028.704	-288	
17247481	288	-688	16816	17.568	-41.968	1025.776	-208	
17327244	288	-672	16912	17.568	-40.992	1031.632	-256	
17407006	272	-736	16896	16.592	-44.896	1030.656	-224	
17486773	272	-704	16864	16.592	-42.944	1028.704	-224	
17566537	288	-736	16864	17.568	-44.896	1028.704	-288	
17646298	288	-720	16864	17.568	-43.920	1028.704	-240	
17726060	272	-720	16832	16.592	-43.920	1026.752	-224	
17805826	304	-720	16864	18.544	-43.920	1028.704	-272	
17885590	304	-720	16832	18.544	-43.920	1026.752	-256	
17965353	272	-736	16896	16.592	-44.896	1030.656	-208	
18045118	288	-752	16864	17.568	-45.872	1028.704	-304	
18124884	288	-720	16864	17.568	-43.920	1028.704	-256	
18204644	288	-720	16896	17.568	-43.920	1030.656	-208	
18284405	256	-720	16896	15.616	-43.920	1030.656	-288	
18364166	288	-688	16864	17.568	-41.968	1028.704	-176	
18443928	288	-704	16848	17.568	-42.944	1027.728	-256	
18523690	304	-704	16832	18.544	-42.944	1026.752	-224	
18603453	240	-720	16832	14.640	-43.920	1026.752	-240	
18683219	272	-720	16848	16.592	-43.920	1027.728	-304	
18762981	304	-688	16896	18.544	-41.968	1030.656	-208	
18842744	320	-704	16864	19.520	-42.944	1028.704	-272	
18922508	272	-736	16832	16.592	-44.896	1026.752	-256	
19002271	288	-704	16864	17.568	-42.944	1028.704	-240	
19082036	272	-704	16832	16.592	-42.944	1026.752	-256	
19161800	288	-704	16864	17.568	-42.944	1028.704	-240	
19241565	288	-720	16848	17.568	-43.920	1027.728	-256	
19321331	320	-704	16832	19.520	-42.944	1026.752	-240	
19401094	256	-688	16816	15.616	-41.968	1025.776	-240	
19480860	288	-704	16848	17.568	-42.944	1027.728	-176	
19560625	272	-704	16848	16.592	-42.944	1027.728	-240	
19640389	272	-704	16832	16.592	-42.944	1026.752	-240	
19720152	336	-720	16848	20.496	-43.920	1027.728	-256	
19799914	288	-704	16800	17.568	-42.944	1024.800	-288	
19879678	304	-672	16864	18.544	-40.992	1028.704	-176	
19959446	304	-704	16800	18.544	-42.944	1024.800	-288	
20039210	272	-720	16816	16.592	-43.920	1025.776	-224	
20118973	304	-752	16832	18.544	-45.872	1026.752	-240	
20198736	272	-752	16816	16.592	-45.872	1025.776	-304	
20278503	336	-720	16832	20.496	-43.920	1026.752	-256	
20358265	320	-688	16816	19.520	-41.968	1025.776	-256	
20438021	288	-736	16864	17.568	-44.896	1028.704	-256	
20517781	304	-752	16864	18.544	-45.872	1028.704	-240	
20597542	256	-704	16816	15.616	-42.944	1025.776	-224	
20677306	304	-736	16832	18.544	-44.896	1026.752	-224	
20757067	384	-752	16832	23.424	-45.872	1026.752	-240	
20836835	320	-672	16864	19.520	-40.992	1028.704	-256	
20916597	304	-704	16800	18.544	-42.944	1024.800	-288	
20996357	288	-688	16832	17.568	-41.968	1026.752	-192	
21076122	304	-704	16832	18.544	-42.944	1026.752	-256	
21155888	304	-704	16848	18.544	-42.944	1027.728	-224	
21235651	288	-720	16864	17.568	-43.920	1028.704	-224	
21315413	304	-720	16864	18.544	-43.920	1028.704	-256	
21395174	288	-688	16816	17.568	-41.968	1025.776	-272	
21474936	320	-704	16864	19.520	-42.944	1028.704	-240	
21554698	304	-688	16848	18.544	-41.968	1027.728	-224	
21634462	272	-736	16864	16.592	-44.896	1028.704	-240	
21714225	256	-720	16816	15.616	-43.920	1025.776	-240	
21793990	336	-704	16832	20.496	-42.944	1026.752	-240	
21873752	240	-688	16864	14.640	-41.968	1028.704	-240	
21953520	304	-720	16864	18.544	-43.920	1028.704	-224	
22033288	272	-672	16864	16.592	-40.992	1028.704	-256	
22113053	272	-704	16864	16.592	-42.944	1028.704	-160	
22192821	304	-704	16864	18.544	-42.944	1028.704	-272	
22272585	288	-720	16848	17.568	-43.920	1027.728	-224	
22352350	272	-688	16880	16.592	-41.968	1029.680	-240	
22432115	320	-656	16816	19.520	-40.016	1025.776	-304	
22511885	336	-704	16864	20.496	-42.944	1028.704	-176	
22591649	272	-688	16880	16.592	-41.968	1029.680	-256	
22671411	272	-704	16864	16.592	-42.944	1028.704	-240	
22751179	240	-736	16832	14.640	-44.896	1026.752	-240	
22830945	272	-688	16864	16.592	-41.968	1028.704	-288	
22910710	288	-720	16864	17.568	-43.920	1028.704	-224	
22990476	288	-688	16864	17.568	-41.968	1028.704	-272	
23070239	256	-704	16848	15.616	-42.944	1027.728	-224	
23150002	304	-704	16880	18.544	-42.944	1029.680	-208	
23229763	288	-720	16864	17.568	-43.920	1028.704	-224	
23309526	288	-704	16848	17.568	-42.944	1027.728	-240	
23389288	288	-720	16848	17.568	-43.920	1027.728	-240	
23469050	288	-672	16832	17.568	-40.992	1026.752	-256	
23548810	288	-720	16864	17.568	-43.920	1028.704	-240	
23628568	272	-736	16848	16.592	-44.896	1027.728	-160	
23708330	288	-688	16848	17.568	-41.968	1027.728	-240	
23788092	272	-704	16832	16.592	-42.944	1026.752	-224	
23867854	288	-704	16848	17.568	-42.944	1027.728	-224	
23947617	304	-720	16880	18.544	-43.920	1029.680	-336	
24027379	240	-688	16896	14.640	-41.968	1030.656	-192	
24107143	304	-736	16832	18.544	-44.896	1026.752	-272	
24186906	272	-688	16864	16.592	-41.968	1028.704	-224	
24266672	288	-752	16880	17.568	-45.872	1029.680	-240	
24346437	240	-720	16880	14.640	-43.920	1029.680	-272	
24426202	320	-672	16864	19.520	-40.992	1028.704	-272	
24505965	288	-656	16832	17.568	-40.016	1026.752	-240	
24585726	288	-656	16832	17.568	-40.016	1026.752	-240	
24665490	240	-736	16832	14.640	-44.896	1026.752	-272	
24745254	304	-720	16896	18.544	-43.920	1030.656	-208	
24825020	288	-736	16848	17.568	-44.896	1027.728	-208	
24904782	288	-688	16832	17.568	-41.968	1026.752	-224	
24984544	272	-720	16864	16.592	-43.920	1028.704	-224	
25064303	240	-704	16864	14.640	-42.944	1028.704	-288	
25144063	304	-736	16896	18.544	-44.896	1030.656	-160	
25223824	288	-704	16848	17.568	-42.944	1027.728	-224	
25303588	256	-752	16832	15.616	-45.872	1026.752	-272	
25383347	304	-736	16880	18.544	-44.896	1029.680	-208	
25463114	304	-704	16848	18.544	-42.944	1027.728	-320	
25542874	320	-720	16864	19.520	-43.920	1028.704	-288	
25622638	336	-704	16864	20.496	-42.944	1028.704	-240	
25702400	288	-736	16880	17.568	-44.896	1029.680	-240	
25782161	256	-720	16880	15.616	-43.920	1029.680	-240	
25861923	272	-672	16832	16.592	-40.992	1026.752	-192	
25941686	256	-688	16880	15.616	-41.968	1029.680	-208	
26021448	272	-672	16832	16.592	-40.992	1026.752	-240	
26101210	304	-672	16864	18.544	-40.992	1028.704	-272	
26180974	304	-736	16832	18.544	-44.896	1026.752	-240	
26260739	320	-704	16848	19.520	-42.944	1027.728	-144	
26340503	320	-688	16832	19.520	-41.968	1026.752	-240	
26420267	320	-672	16864	19.520	-40.992	1028.704	-224	
26500033	272	-720	16896	16.592	-43.920	1030.656	-160	
26579796	288	-736	16848	17.568	-44.896	1027.728	-272	
26659561	320	-720	16832	19.520	-43.920	1026.752	-208	
26739325	304	-704	16832	18.544	-42.944	1026.752	-224	
26819089	320	-672	16848	19.520	-40.992	1027.728	-192	
26898856	272	-704	16864	16.592	-42.944	1028.704	-240	
26978615	288	-720	16896	17.568	-43.920	1030.656	-256	
27058378	304	-656	16896	18.544	-40.016	1030.656	-240	
27138140	272	-752	16832	16.592	-45.872	1026.752	-256	
27217906	288	-688	16848	17.568	-41.968	1027.728	-208	
27297670	304	-688	16896	18.544	-41.968	1030.656	-240	
27377431	288	-704	16880	17.568	-42.944	1029.680	-144	
27457191	272	-704	16832	16.592	-42.944	1026.752	-240	
27536947	272	-720	16896	16.592	-43.920	1030.656	-192	
27616703	256	-736	16832	15.616	-44.896	1026.752	-240	
27696463	304	-688	16864	18.544	-41.968	1028.704	-288	
27776223	304	-736	16864	18.544	-44.896	1028.704	-160	
27855980	240	-688	16880	14.640	-41.968	1029.680	-256	
27935747	272	-688	16832	16.592	-41.968	1026.752	-208	
28015511	288	-736	16848	17.568	-44.896	1027.728	-176	
28095273	288	-736	16864	17.568	-44.896	1028.704	-256	
28175033	336	-720	16864	20.496	-43.920	1028.704	-224	
28254794	288	-688	16832	17.568	-41.968	1026.752	-224	
28334555	304	-720	16848	18.544	-43.920	1027.728	-224	
28414316	288	-720	16896	17.568	-43.920	1030.656	-208	
28494079	336	-688	16864	20.496	-41.968	1028.704	-192	
28573842	272	-672	16832	16.592	-40.992	1026.752	-240	
28653606	240	-704	16832	14.640	-42.944	1026.752	-240	
28733370	288	-720	16848	17.568	-43.920	1027.728	-240	
28813131	256	-736	16880	15.616	-44.896	1029.680	-288	
28892892	272	-688	16864	16.592	-41.968	1028.704	-160	
28972652	288	-704	16864	17.568	-42.944	1028.704	-240	
29052413	256	-720	16832	15.616	-43.920	1026.752	-256	
29132180	288	-704	16864	17.568	-42.944	1028.704	-240	
29211936	288	-720	16896	17.568	-43.920	1030.656	-304	
29291697	304	-688	16864	18.544	-41.968	1028.704	-208	
29371461	336	-736	16832	20.496	-44.896	1026.752	-256	
29451220	272	-672	16864	16.592	-40.992	1028.704	-240	
29530982	288	-736	16848	17.568	-44.896	1027.728	-224	
29610744	320	-752	16880	19.520	-45.872	1029.680	-240	
29690508	272	-672	16864	16.592	-40.992	1028.704	-224	
29770274	304	-704	16928	18.544	-42.944	1032.608	-240	
29850038	256	-720	16848	15.616	-43.920	1027.728	-224	
29929800	288	-736	16800	17.568	-44.896	1024.800	-224	
30009563	288	-736	16880	17.568	-44.896	1029.680	-160	
30089329	336	-688	16816	20.496	-41.968	1025.776	-256	
30169095	288	-736	16832	17.568	-44.896	1026.752	-224	
30248856	288	-704	16864	17.568	-42.944	1028.704	-208	
30328618	272	-720	16864	16.592	-43.920	1028.704	-288	
30408381	272	-720	16880	16.592	-43.920	1029.680	-176	
30488145	304	-704	16880	18.544	-42.944	1029.680	-208	
30567908	272	-736	16848	16.592	-44.896	1027.728	-192	
30647671	288	-688	16864	17.568	-41.968	1028.704	-256	
30727433	304	-704	16880	18.544	-42.944	1029.680	-288	
30807198	256	-688	16864	15.616	-41.968	1028.704	-224	
30886963	256	-672	16864	15.616	-40.992	1028.704	-256	
30966728	288	-720	16800	17.568	-43.920	1024.800	-192	
31046492	272	-720	16864	16.592	-43.920	1028.704	-208	
31126261	256	-720	16800	15.616	-43.920	1024.800	-176	
31206027	272	-720	16832	16.592	-43.920	1026.752	-240	
31285796	320	-720	16832	19.520	-43.920	1026.752	-240	
31365561	288	-704	16864	17.568	-42.944	1028.704	-240	
31445327	304	-720	16864	18.544	-43.920	1028.704	-224	
31525092	288	-688	16896	17.568	-41.968	1030.656	-160	
31604855	288	-704	16848	17.568	-42.944	1027.728	-256	
31684622	256	-704	16864	15.616	-42.944	1028.704	-224	
31764389	272	-720	16864	16.592	-43.920	1028.704	-192	
31844154	304	-688	16864	18.544	-41.968	1028.704	-256	
31923921	320	-720	16832	19.520	-43.920	1026.752	-192	
32003692	304	-736	16816	18.544	-44.896	1025.776	-240	
32083462	288	-720	16816	17.568	-43.920	1025.776	-192	
32163229	288	-720	16864	17.568	-43.920	1028.704	-160	
32243001	304	-704	16864	18.544	-42.944	1028.704	-256	
32322770	320	-720	16832	19.520	-43.920	1026.752	-256	
32402540	288	-720	16848	17.568	-43.920	1027.728	-208	
32482307	320	-704	16864	19.520	-42.944	1028.704	-224	
32562073	288	-704	16864	17.568	-42.944	1028.704	-208	
32641839	288	-704	16864	17.568	-42.944	1028.704	-176	
32721610	304	-704	16848	18.544	-42.944	1027.728	-272	
32801377	304	-720	16864	18.544	-43.920	1028.704	-256	
32881144	288	-704	16832	17.568	-42.944	1026.752	-224	
32960909	272	-704	16880	16.592	-42.944	1029.680	-272	
33040674	304	-720	16864	18.544	-43.920	1028.704	-176	
33120439	272	-704	16880	16.592	-42.944	1029.680	-256	
33200205	288	-736	16832	17.568	-44.896	1026.752	-240	
33279973	288	-720	16848	17.568	-43.920	1027.728	-224	
33359737	320	-736	16896	19.520	-44.896	1030.656	-288	
33439501	304	-704	16896	18.544	-42.944	1030.656	-256	
33519268	288	-720	16848	17.568	-43.920	1027.728	-240	
33599030	224	-736	16848	13.664	-44.896	1027.728	-224	
33678792	320	-704	16896	19.520	-42.944	1030.656	-240	
33758552	256	-688	16880	15.616	-41.968	1029.680	-192	
33838315	288	-688	16880	17.568	-41.968	1029.680	-256	
33918080	288	-720	16848	17.568	-43.920	1027.728	-240	
33997847	256	-688	16912	15.616	-41.968	1031.632	-240	
34077618	288	-704	16832	17.568	-42.944	1026.752	-272	
34157387	288	-704	16896	17.568	-42.944	1030.656	-160	
34237157	320	-704	16832	19.520	-42.944	1026.752	-224	
34316925	272	-752	16832	16.592	-45.872	1026.752	-240	
34396689	288	-736	16832	17.568	-44.896	1026.752	-224	
34476450	272	-672	16880	16.592	-40.992	1029.680	-320	
34556212	288	-752	16832	17.568	-45.872	1026.752	-224	
34635973	272	-672	16864	16.592	-40.992	1028.704	-272	
34715738	288	-720	16864	17.568	-43.920	1028.704	-240	
34795502	288	-704	16880	17.568	-42.944	1029.680	-256	
34875269	288	-720	16864	17.568	-43.920	1028.704	-256	
34955036	320	-704	16800	19.520	-42.944	1024.800	-208	
35034798	288	-720	16864	17.568	-43.920	1028.704	-256	
35114562	288	-720	16912	17.568	-43.920	1031.632	-240	
35194327	304	-720	16832	18.544	-43.920	1026.752	-240	
35274091	288	-704	16816	17.568	-42.944	1025.776	-208	
35353858	304	-672	16832	18.544	-40.992	1026.752	-256	
35433620	304	-720	16864	18.544	-43.920	1028.704	-256	
35513380	320	-720	16880	19.520	-43.920	1029.680	-224	
35593147	288	-736	16848	17.568	-44.896	1027.728	-272	
35672908	288	-688	16864	17.568	-41.968	1028.704	-176	
35752672	288	-704	16880	17.568	-42.944	1029.680	-240	
35832425	256	-736	16880	15.616	-44.896	1029.680	-224	
35912191	256	-672	16880	15.616	-40.992	1029.680	-208	
35991957	304	-672	16816	18.544	-40.992	1025.776	-288	
36071718	304	-736	16832	18.544	-44.896	1026.752	-272	
36151483	272	-720	16864	16.592	-43.920	1028.704	-224	
36231244	272	-736	16864	16.592	-44.896	1028.704	-224	
36311007	240	-720	16896	14.640	-43.920	1030.656	-224	
36390765	272	-752	16880	16.592	-45.872	1029.680	-208	
36470513	272	-720	16848	16.592	-43.920	1027.728	-240	
36550266	304	-688	16848	18.544	-41.968	1027.728	-256	
36630017	304	-688	16832	18.544	-41.968	1026.752	-240	
36709770	288	-752	16880	17.568	-45.872	1029.680	-240	
36789519	288	-720	16880	17.568	-43.920	1029.680	-160	
36869271	304	-752	16864	18.544	-45.872	1028.704	-256	
36949025	256	-688	16880	15.616	-41.968	1029.680	-224	
37028779	272	-720	16864	16.592	-43.920	1028.704	-240	
37108534	288	-736	16864	17.568	-44.896	1028.704	-336	
37188289	304	-688	16864	18.544	-41.968	1028.704	-288	
37268039	288	-704	16864	17.568	-42.944	1028.704	-256	
37347791	256	-720	16880	15.616	-43.920	1029.680	-192	
37427539	288	-672	16864	17.568	-40.992	1028.704	-240	
37507290	288	-688	16864	17.568	-41.968	1028.704	-176	
37587037	304	-688	16864	18.544	-41.968	1028.704	-256	
37666790	304	-704	16880	18.544	-42.944	1029.680	-224	
37746545	304	-688	16864	18.544	-41.968	1028.704	-272	
37826298	336	-736	16880	20.496	-44.896	1029.680	-224	
37906048	320	-752	16880	19.520	-45.872	1029.680	-192	
37985802	256	-688	16864	15.616	-41.968	1028.704	-288	
38065554	272	-688	16864	16.592	-41.968	1028.704	-192	
38145303	240	-720	16832	14.640	-43.920	1026.752	-192	
38225057	256	-688	16880	15.616	-41.968	1029.680	-320	
38304803	272	-704	16864	16.592	-42.944	1028.704	-240	
38384554	272	-656	16848	16.592	-40.016	1027.728	-272	
38464304	320	-688	16864	19.520	-41.968	1028.704	-256	
38544056	272	-736	16880	16.592	-44.896	1029.680	-224	
38623807	288	-752	16864	17.568	-45.872	1028.704	-240	
38703555	288	-688	16832	17.568	-41.968	1026.752	-240	
38783302	320	-672	16864	19.520	-40.992	1028.704	-272	
38863053	336	-720	16880	20.496	-43.920	1029.680	-272	
38942802	288	-720	16896	17.568	-43.920	1030.656	-304	
39022552	272	-704	16864	16.592	-42.944	1028.704	-160	
39102302	320	-688	16832	19.520	-41.968	1026.752	-240	
39182049	288	-720	16880	17.568	-43.920	1029.680	-256	
39261798	288	-704	16880	17.568	-42.944	1029.680	-224	
39341544	272	-752	16880	16.592	-45.872	1029.680	-288	
39421292	288	-672	16864	17.568	-40.992	1028.704	-256	
39501044	256	-688	16848	15.616	-41.968	1027.728	-272	
39580793	272	-736	16880	16.592	-44.896	1029.680	-224	
39660542	304	-720	16832	18.544	-43.920	1026.752	-224	
39740291	320	-672	16864	19.520	-40.992	1028.704	-240	
39820037	272	-688	16832	16.592	-41.968	1026.752	-240	
39899785	288	-672	16864	17.568	-40.992	1028.704	-256	
39979533	320	-736	16864	19.520	-44.896	1028.704	-208	
40059279	288	-736	16832	17.568	-44.896	1026.752	-224	
40139026	288	-688	16832	17.568	-41.968	1026.752	-160	
40218772	288	-752	16832	17.568	-45.872	1026.752	-240	
40298517	320	-704	16848	19.520	-42.944	1027.728	-240	
40378264	304	-736	16864	18.544	-44.896	1028.704	-224	
40458005	304	-736	16880	18.544	-44.896	1029.680	-320	
40537748	288	-736	16880	17.568	-44.896	1029.680	-208	
40617495	336	-704	16848	20.496	-42.944	1027.728	-240	
40697241	272	-704	16896	16.592	-42.944	1030.656	-256	
40776987	288	-704	16832	17.568	-42.944	1026.752	-208	
40856735	288	-688	16864	17.568	-41.968	1028.704	-272	
40936485	272	-688	16832	16.592	-41.968	1026.752	-256	
41016234	288	-704	16832	17.568	-42.944	1026.752	-240	
41095984	272	-672	16848	16.592	-40.992	1027.728	-256	
41175729	320	-720	16864	19.520	-43.920	1028.704	-224	
41255478	240	-720	16880	14.640	-43.920	1029.680	-176	
41335227	320	-688	16848	19.520	-41.968	1027.728	-272	
41414977	304	-720	16832	18.544	-43.920	1026.752	-256	
41494729	288	-704	16864	17.568	-42.944	1028.704	-224	
41574476	320	-688	16864	19.520	-41.968	1028.704	-304	
41654222	304	-704	16896	18.544	-42.944	1030.656	-208	
41733969	272	-752	16880	16.592	-45.872	1029.680	-256	
41813720	256	-688	16864	15.616	-41.968	1028.704	-240	
41893474	288	-720	16864	17.568	-43.920	1028.704	-208	
41973221	272	-688	16864	16.592	-41.968	1028.704	-288	
42052965	256	-704	16880	15.616	-42.944	1029.680	-224	
42132712	288	-736	16848	17.568	-44.896	1027.728	-256	
42212462	256	-704	16864	15.616	-42.944	1028.704	-240	
42292218	320	-688	16864	19.520	-41.968	1028.704	-240	
42371972	272	-704	16864	16.592	-42.944	1028.704	-192	
42451720	336	-720	16832	20.496	-43.920	1026.752	-256	
42531473	304	-656	16880	18.544	-40.016	1029.680	-256	
42611225	272	-704	16880	16.592	-42.944	1029.680	-224	
42690974	272	-736	16880	16.592	-44.896	1029.680	-320	
42770720	256	-720	16896	15.616	-43.920	1030.656	-208	
42850468	304	-688	16880	18.544	-41.968	1029.680	-272	
42930217	288	-736	16832	17.568	-44.896	1026.752	-240	
43009967	320	-688	16864	19.520	-41.968	1028.704	-224	
43089717	256	-704	16832	15.616	-42.944	1026.752	-256	
43169461	304	-752	16816	18.544	-45.872	1025.776	-272	
43249211	320	-704	16864	19.520	-42.944	1028.704	-272	
43328962	304	-704	16832	18.544	-42.944	1026.752	-240	
43408711	272	-752	16864	16.592	-45.872	1028.704	-256	
43488456	304	-688	16816	18.544	-41.968	1025.776	-208	
43568203	288	-704	16864	17.568	-42.944	1028.704	-272	
43647949	240	-720	16848	14.640	-43.920	1027.728	-240	
43727695	288	-704	16880	17.568	-42.944	1029.680	-240	
43807439	256	-656	16864	15.616	-40.016	1028.704	-304	
43887180	288	-688	16864	17.568	-41.968	1028.704	-240	
43966927	288	-704	16832	17.568	-42.944	1026.752	-256	
44046675	288	-704	16832	17.568	-42.944	1026.752	-240	
44126424	288	-688	16880	17.568	-41.968	1029.680	-240	
44206175	272	-704	16848	16.592	-42.944	1027.728	-288	
44285919	288	-752	16864	17.568	-45.872	1028.704	-208	
44365664	304	-720	16800	18.544	-43.920	1024.800	-256	
44445411	304	-736	16800	18.544	-44.896	1024.800	-240	
44525158	288	-736	16848	17.568	-44.896	1027.728	-208	
44604905	336	-736	16864	20.496	-44.896	1028.704	-176	
44684654	336	-704	16880	20.496	-42.944	1029.680	-240	
44764399	240	-736	16864	14.640	-44.896	1028.704	-224	
44844144	272	-752	16864	16.592	-45.872	1028.704	-240	
44923885	304	-752	16880	18.544	-45.872	1029.680	-320	
45003627	288	-720	16832	17.568	-43.920	1026.752	-176	
45083376	304	-768	16832	18.544	-46.848	1026.752	-240	
45163126	304	-688	16848	18.544	-41.968	1027.728	-224	
45242875	320	-688	16832	19.520	-41.968	1026.752	-176	
45322624	256	-736	16864	15.616	-44.896	1028.704	-304	
45402372	288	-704	16848	17.568	-42.944	1027.728	-224	
45482117	304	-704	16864	18.544	-42.944	1028.704	-240	
45561862	256	-720	16864	15.616	-43.920	1028.704	-240	
45641606	288	-688	16864	17.568	-41.968	1028.704	-256	
45721349	272	-736	16864	16.592	-44.896	1028.704	-176	
45801098	304	-688	16832	18.544	-41.968	1026.752	-256	
45880842	304	-704	16864	18.544	-42.944	1028.704	-256	
45960586	256	-704	16848	15.616	-42.944	1027.728	-224	
46040336	256	-688	16832	15.616	-41.968	1026.752	-256	
46120079	272	-720	16864	16.592	-43.920	1028.704	-208	
46199824	288	-688	16832	17.568	-41.968	1026.752	-256	
46279567	288	-688	16864	17.568	-41.968	1028.704	-224	
46359308	304	-736	16880	18.544	-44.896	1029.680	-224	
46439049	320	-720	16816	19.520	-43.920	1025.776	-272	
46518798	304	-752	16864	18.544	-45.872	1028.704	-240	
46598542	272	-688	16832	16.592	-41.968	1026.752	-224	
46678290	272	-720	16864	16.592	-43.920	1028.704	-224	
46758040	272	-752	16864	16.592	-45.872	1028.704	-240	
46837786	288	-688	16816	17.568	-41.968	1025.776	-160	
46917529	288	-688	16880	17.568	-41.968	1029.680	-256	
46997272	288	-704	16864	17.568	-42.944	1028.704	-240	
47077018	272	-672	16896	16.592	-40.992	1030.656	-224	
47156764	272	-704	16896	16.592	-42.944	1030.656	-288	
47236507	304	-704	16848	18.544	-42.944	1027.728	-176	
47316251	288	-720	16832	17.568	-43.920	1026.752	-256	
47395997	320	-720	16848	19.520	-43.920	1027.728	-192	
47475740	256	-736	16832	15.616	-44.896	1026.752	-256	
47555486	320	-736	16848	19.520	-44.896	1027.728	-304	
47635230	304	-672	16880	18.544	-40.992	1029.680	-224	
47714975	304	-720	16864	18.544	-43.920	1028.704	-240	
47794718	256	-736	16896	15.616	-44.896	1030.656	-192	
47874468	320	-672	16832	19.520	-40.992	1026.752	-224	
47954217	240	-704	16880	14.640	-42.944	1029.680	-208	
48033966	320	-720	16880	19.520	-43.920	1029.680	-256	
48113710	320	-720	16864	19.520	-43.920	1028.704	-256	
48193453	288	-720	16864	17.568	-43.920	1028.704	-208	
48273200	320	-736	16832	19.520	-44.896	1026.752	-304	
48352946	256	-688	16864	15.616	-41.968	1028.704	-144	
48432697	288	-720	16864	17.568	-43.920	1028.704	-208	
48512446	304	-704	16832	18.544	-42.944	1026.752	-240	
48592195	288	-720	16848	17.568	-43.920	1027.728	-256	
48671944	288	-704	16896	17.568	-42.944	1030.656	-288	
48751688	272	-720	16816	16.592	-43.920	1025.776	-272	
48831436	304	-688	16864	18.544	-41.968	1028.704	-272	
48911185	288	-768	16880	17.568	-46.848	1029.680	-224	
48990934	288	-704	16864	17.568	-42.944	1028.704	-208	
49070684	256	-736	16880	15.616	-44.896	1029.680	-208	
49150429	288	-688	16832	17.568	-41.968	1026.752	-224	
49230178	272	-752	16832	16.592	-45.872	1026.752	-224	
49309926	272	-688	16864	16.592	-41.968	1028.704	-208	
49389675	288	-672	16864	17.568	-40.992	1028.704	-304	
49469423	256	-672	16800	15.616	-40.992	1024.800	-128	
49549172	304	-752	16880	18.544	-45.872	1029.680	-272	
49628919	288	-736	16832	17.568	-44.896	1026.752	-256	
49708674	256	-752	16848	15.616	-45.872	1027.728	-224	
49788430	336	-736	16864	20.496	-44.896	1028.704	-320	
49868182	272	-704	16848	16.592	-42.944	1027.728	-256	
49947936	272	-752	16848	16.592	-45.872	1027.728	-256	
50027686	256	-720	16832	15.616	-43.920	1026.752	-240	
50107438	304	-720	16848	18.544	-43.920	1027.728	-224	
50187188	288	-720	16880	17.568	-43.920	1029.680	-192	
50266937	320	-688	16832	19.520	-41.968	1026.752	-256	
50346687	288	-704	16848	17.568	-42.944	1027.728	-240	
50426438	288	-736	16864	17.568	-44.896	1028.704	-240	
50506186	272	-736	16816	16.592	-44.896	1025.776	-272	
50585933	288	-736	16864	17.568	-44.896	1028.704	-192	
50665680	336	-688	16848	20.496	-41.968	1027.728	-224	
50745428	256	-672	16864	15.616	-40.992	1028.704	-192	
50825177	288	-704	16864	17.568	-42.944	1028.704	-192	
50904928	320	-704	16880	19.520	-42.944	1029.680	-272	
50984677	352	-720	16832	21.472	-43.920	1026.752	-224	
51064428	288	-720	16832	17.568	-43.920	1026.752	-240	
51144176	304	-768	16880	18.544	-46.848	1029.680	-272	
51223921	336	-672	16832	20.496	-40.992	1026.752	-192	
51303673	304	-688	16880	18.544	-41.968	1029.680	-192	
51383423	304	-720	16864	18.544	-43.920	1028.704	-224	
51463167	272	-704	16880	16.592	-42.944	1029.680	-240	
51542914	288	-704	16864	17.568	-42.944	1028.704	-208	
51622659	256	-704	16864	15.616	-42.944	1028.704	-256	
51702408	288	-736	16864	17.568	-44.896	1028.704	-128	
51782157	304	-720	16848	18.544	-43.920	1027.728	-256	
51861902	320	-704	16880	19.520	-42.944	1029.680	-240	
51941646	304	-752	16880	18.544	-45.872	1029.680	-208	
52021396	288	-720	16864	17.568	-43.920	1028.704	-288	
52101147	304	-736	16816	18.544	-44.896	1025.776	-208	
52180898	320	-720	16800	19.520	-43.920	1024.800	-240	
52260649	288	-736	16848	17.568	-44.896	1027.728	-240	
52340400	288	-688	16832	17.568	-41.968	1026.752	-208	
52420148	288	-704	16864	17.568	-42.944	1028.704	-240	
52499896	272	-688	16864	16.592	-41.968	1028.704	-224	
52579644	304	-720	16848	18.544	-43.920	1027.728	-224	
52659390	272	-720	16880	16.592	-43.920	1029.680	-240	
52739138	304	-720	16880	18.544	-43.920	1029.680	-288	
52818884	288	-704	16832	17.568	-42.944	1026.752	-144	
52898634	256	-688	16864	15.616	-41.968	1028.704	-224	
52978383	288	-704	16864	17.568	-42.944	1028.704	-240	
53058133	288	-768	16832	17.568	-46.848	1026.752	-224	
53137882	256	-720	16832	15.616	-43.920	1026.752	-288	
53217631	272	-688	16864	16.592	-41.968	1028.704	-208	
53297376	272	-704	16800	16.592	-42.944	1024.800	-256	
53377120	288	-704	16864	17.568	-42.944	1028.704	-240	
53456864	304	-736	16848	18.544	-44.896	1027.728	-208	
53536604	256	-752	16880	15.616	-45.872	1029.680	-240	
53616351	304	-704	16864	18.544	-42.944	1028.704	-240	
53696094	272	-720	16832	16.592	-43.920	1026.752	-224	
53775836	304	-688	16880	18.544	-41.968	1029.680	-224	
53855582	304	-736	16864	18.544	-44.896	1028.704	-240	
53935328	272	-704	16832	16.592	-42.944	1026.752	-176	
54015075	272	-736	16896	16.592	-44.896	1030.656	-240	
54094825	256	-752	16832	15.616	-45.872	1026.752	-240	
54174573	288	-704	16880	17.568	-42.944	1029.680	-224	
54254322	272	-704	16880	16.592	-42.944	1029.680	-272	
54334071	320	-704	16864	19.520	-42.944	1028.704	-208	
54413817	288	-736	16832	17.568	-44.896	1026.752	-240	
54493568	272	-704	16848	16.592	-42.944	1027.728	-208	
54573310	288	-704	16880	17.568	-42.944	1029.680	-224	
54653057	272	-704	16864	16.592	-42.944	1028.704	-272	
54732801	320	-672	16848	19.520	-40.992	1027.728	-256	
54812544	256	-720	16848	15.616	-43.920	1027.728	-240	
54892288	256	-736	16848	15.616	-44.896	1027.728	-224	
54972032	304	-736	16864	18.544	-44.896	1028.704	-224	
55051775	320	-688	16816	19.520	-41.968	1025.776	-144	
55131522	320	-704	16800	19.520	-42.944	1024.800	-240	
55211267	288	-672	16832	17.568	-40.992	1026.752	-272	
55291013	304	-736	16912	18.544	-44.896	1031.632	-256	
55370757	320	-736	16864	19.520	-44.896	1028.704	-304	
55450498	288	-720	16896	17.568	-43.920	1030.656	-176	
55530238	336	-720	16832	20.496	-43.920	1026.752	-272	
55609982	272	-704	16880	16.592	-42.944	1029.680	-240	
55689731	288	-720	16880	17.568	-43.920	1029.680	-208	
55769478	288	-736	16896	17.568	-44.896	1030.656	-256	
55849225	288	-672	16880	17.568	-40.992	1029.680	-224	
55928973	288	-720	16864	17.568	-43.920	1028.704	-208	
56008718	272	-720	16848	16.592	-43.920	1027.728	-208	
56088464	272	-688	16880	16.592	-41.968	1029.680	-240	
56168217	320	-688	16880	19.520	-41.968	1029.680	-160	
56247960	304	-656	16880	18.544	-40.016	1029.680	-272	
56327706	256	-800	16960	15.616	-48.800	1034.560	-240	
56407454	304	-656	16928	18.544	-40.016	1032.608	-256	
56487197	256	-704	16816	15.616	-42.944	1025.776	-272	
56566940	352	-736	16848	21.472	-44.896	1027.728	-240	
56646683	224	-672	16880	13.664	-40.992	1029.680	-256	
56726430	352	-704	16864	21.472	-42.944	1028.704	-240	
56806178	240	-704	16880	14.640	-42.944	1029.680	-240	
56885926	320	-704	16832	19.520	-42.944	1026.752	-304	
56965675	272	-736	16896	16.592	-44.896	1030.656	-256	
57045421	272	-704	16848	16.592	-42.944	1027.728	-224	
57125168	272	-736	16864	16.592	-44.896	1028.704	-192	
57204915	272	-752	16848	16.592	-45.872	1027.728	-240	
57284661	288	-720	16816	17.568	-43.920	1025.776	-224	
57364407	320	-688	16816	19.520	-41.968	1025.776	-256	
57444159	288	-688	16832	17.568	-41.968	1026.752	-256	
57523907	256	-672	16864	15.616	-40.992	1028.704	-256	
57603652	320	-704	16864	19.520	-42.944	1028.704	-272	
57683402	304	-720	16864	18.544	-43.920	1028.704	-208	
57763150	288	-704	16832	17.568	-42.944	1026.752	-256	
57842896	304	-688	16848	18.544	-41.968	1027.728	-240	
57922645	256	-720	16864	15.616	-43.920	1028.704	-240	
58002391	272	-752	16864	16.592	-45.872	1028.704	-256	
58082139	288	-688	16848	17.568	-41.968	1027.728	-288	
58161888	272	-704	16864	16.592	-42.944	1028.704	-224	
58241634	240	-736	16832	14.640	-44.896	1026.752	-256	
58321379	272	-672	16848	16.592	-40.992	1027.728	-272	
58401128	288	-704	16864	17.568	-42.944	1028.704	-224	
58480877	288	-656	16864	17.568	-40.016	1028.704	-256	
58560625	272	-688	16848	16.592	-41.968	1027.728	-256	
58640371	288	-672	16880	17.568	-40.992	1029.680	-240	
58720114	320	-704	16864	19.520	-42.944	1028.704	-304	
58799865	256	-704	16864	15.616	-42.944	1028.704	-208	
58879613	240	-656	16864	14.640	-40.016	1028.704	-272	
58959360	336	-736	16832	20.496	-44.896	1026.752	-272	
59039109	256	-704	16832	15.616	-42.944	1026.752	-208	
59118863	352	-720	16848	21.472	-43.920	1027.728	-320	
59198613	320	-736	16864	19.520	-44.896	1028.704	-240	
59278363	272	-704	16880	16.592	-42.944	1029.680	-288	
59358114	304	-688	16896	18.544	-41.968	1030.656	-256	
59437861	288	-720	16816	17.568	-43.920	1025.776	-240	
59517609	336	-720	16816	20.496	-43.920	1025.776	-240	
59597356	256	-688	16880	15.616	-41.968	1029.680	-240	
59677102	336	-752	16832	20.496	-45.872	1026.752	-272	
59756847	224	-720	16848	13.664	-43.920	1027.728	-272	
59836595	304	-704	16880	18.544	-42.944	1029.680	-272	
