Timestamp [us]	A_X [LSB]	A_Y [LSB]	A_Z [LSB]	A_X [mg]	A_Y [mg]	A_Z [mg]	QVAR [LSB]	
53282	320	-720	16880	19.520	-43.920	1029.680	-288	
133052	288	-688	16880	17.568	-41.968	1029.680	-304	
212827	272	-704	16848	16.592	-42.944	1027.728	-272	
292601	304	-704	16864	18.544	-42.944	1028.704	-272	
372375	240	-704	16896	14.640	-42.944	1030.656	-272	
452147	304	-704	16880	18.544	-42.944	1029.680	-288	
531916	320	-672	16880	19.520	-40.992	1029.680	-256	
611685	288	-704	16880	17.568	-42.944	1029.680	-256	
691455	304	-736	16848	18.544	-44.896	1027.728	-320	
771230	288	-752	16864	17.568	-45.872	1028.704	-272	
851000	240	-720	16848	14.640	-43.920	1027.728	-288	
930767	288	-704	16880	17.568	-42.944	1029.680	-256	
1010535	272	-672	16880	16.592	-40.992	1029.680	-256	
1090308	288	-704	16864	17.568	-42.944	1028.704	-240	
1170078	304	-704	16848	18.544	-42.944	1027.728	-256	
1249847	240	-704	16864	14.640	-42.944	1028.704	-288	
1329613	320	-752	16880	19.520	-45.872	1029.680	-272	
1409378	272	-736	16880	16.592	-44.896	1029.680	-288	
1489145	272	-720	16880	16.592	-43.920	1029.680	-288	
1568913	272	-752	16832	16.592	-45.872	1026.752	-288	
1648678	272	-736	16896	16.592	-44.896	1030.656	-288	
1728448	272	-720	16880	16.592	-43.920	1029.680	-272	
1808219	320	-688	16832	19.520	-41.968	1026.752	-272	
1887991	304	-688	16864	18.544	-41.968	1028.704	-288	
1967757	304	-704	16864	18.544	-42.944	1028.704	-288	
2047517	272	-720	16864	16.592	-43.920	1028.704	-304	
2127282	272	-656	16864	16.592	-40.016	1028.704	-272	
2207052	304	-752	16880	18.544	-45.872	1029.680	-320	
2286818	288	-672	16864	17.568	-40.992	1028.704	-272	
2366584	272	-704	16864	16.592	-42.944	1028.704	-272	
2446350	288	-720	16896	17.568	-43.920	1030.656	-240	
2526112	304	-672	16816	18.544	-40.992	1025.776	-256	
2605873	288	-688	16864	17.568	-41.968	1028.704	-304	
2685639	256	-736	16880	15.616	-44.896	1029.680	-272	
2765405	304	-720	16848	18.544	-43.920	1027.728	-256	
2845170	272	-688	16864	16.592	-41.968	1028.704	-272	
2924939	304	-720	16864	18.544	-43.920	1028.704	-304	
3004705	240	-752	16864	14.640	-45.872	1028.704	-288	
3084472	256	-688	16816	15.616	-41.968	1025.776	-272	
3164232	288	-720	16800	17.568	-43.920	1024.800	-256	
3243995	304	-736	16880	18.544	-44.896	1029.680	-240	
3323759	288	-688	16864	17.568	-41.968	1028.704	-288	
3403523	304	-704	16864	18.544	-42.944	1028.704	-256	
3483286	272	-736	16880	16.592	-44.896	1029.680	-272	
3563048	304	-768	16832	18.544	-46.848	1026.752	-304	
3642812	272	-688	16864	16.592	-41.968	1028.704	-272	
3722574	224	-720	16880	13.664	-43.920	1029.680	-272	
3802333	272	-720	16832	16.592	-43.920	1026.752	-256	
3882096	272	-704	16864	16.592	-42.944	1028.704	-272	
3961856	304	-720	16800	18.544	-43.920	1024.800	-288	
4041618	304	-720	16848	18.544	-43.920	1027.728	-256	
4121378	336	-736	16832	20.496	-44.896	1026.752	-256	
4201139	272	-672	16848	16.592	-40.992	1027.728	-272	
4280899	288	-704	16880	17.568	-42.944	1029.680	-272	
4360658	288	-704	16832	17.568	-42.944	1026.752	-256	
4440418	288	-704	16832	17.568	-42.944	1026.752	-272	
4520176	288	-672	16800	17.568	-40.992	1024.800	-272	
4599937	272	-688	16832	16.592	-41.968	1026.752	-272	
4679698	272	-720	16832	16.592	-43.920	1026.752	-240	
4759456	272	-704	16848	16.592	-42.944	1027.728	-256	
4839218	288	-704	16832	17.568	-42.944	1026.752	-256	
4918977	272	-672	16896	16.592	-40.992	1030.656	-224	
4998734	288	-704	16832	17.568	-42.944	1026.752	-288	
5078491	288	-720	16864	17.568	-43.920	1028.704	-304	
5158249	272	-704	16864	16.592	-42.944	1028.704	-304	
5238008	304	-720	16832	18.544	-43.920	1026.752	-272	
5317770	256	-704	16848	15.616	-42.944	1027.728	-272	
5397530	304	-672	16848	18.544	-40.992	1027.728	-272	
5477287	320	-672	16880	19.520	-40.992	1029.680	-272	
5557048	288	-704	16880	17.568	-42.944	1029.680	-288	
5636810	256	-640	16848	15.616	-39.040	1027.728	-272	
5716573	272	-720	16800	16.592	-43.920	1024.800	-272	
5796333	288	-704	16864	17.568	-42.944	1028.704	-256	
5876093	304	-672	16864	18.544	-40.992	1028.704	-256	
5955853	272	-752	16816	16.592	-45.872	1025.776	-272	
6035616	272	-704	16848	16.592	-42.944	1027.728	-288	
6115380	320	-720	16880	19.520	-43.920	1029.680	-272	
6195142	288	-752	16864	17.568	-45.872	1028.704	-288	
6274902	256	-736	16848	15.616	-44.896	1027.728	-288	
6354661	288	-720	16880	17.568	-43.920	1029.680	-320	
6434423	304	-704	16880	18.544	-42.944	1029.680	-288	
6514183	256	-688	16896	15.616	-41.968	1030.656	-224	
6593947	304	-720	16816	18.544	-43.920	1025.776	-304	
6673713	288	-720	16816	17.568	-43.920	1025.776	-272	
6753476	256	-704	16864	15.616	-42.944	1028.704	-272	
6833234	320	-720	16864	19.520	-43.920	1028.704	-256	
6912999	288	-704	16880	17.568	-42.944	1029.680	-288	
6992760	288	-640	16864	17.568	-39.040	1028.704	-288	
7072520	288	-688	16864	17.568	-41.968	1028.704	-256	
7152280	272	-736	16864	16.592	-44.896	1028.704	-272	
7232039	288	-704	16880	17.568	-42.944	1029.680	-240	
7311799	256	-672	16896	15.616	-40.992	1030.656	-272	
7391559	256	-672	16816	15.616	-40.992	1025.776	-272	
7471319	272	-720	16848	16.592	-43.920	1027.728	-272	
7551077	288	-752	16864	17.568	-45.872	1028.704	-288	
7630841	288	-704	16864	17.568	-42.944	1028.704	-272	
7710599	272	-736	16832	16.592	-44.896	1026.752	-272	
7790361	336	-704	16848	20.496	-42.944	1027.728	-288	
7870123	272	-720	16864	16.592	-43.920	1028.704	-288	
7949884	304	-672	16848	18.544	-40.992	1027.728	-256	
8029643	320	-688	16864	19.520	-41.968	1028.704	-256	
8109405	288	-656	16880	17.568	-40.016	1029.680	-288	
8189170	304	-688	16864	18.544	-41.968	1028.704	-304	
8268933	272	-704	16864	16.592	-42.944	1028.704	-240	
8348699	288	-672	16832	17.568	-40.992	1026.752	-256	
8428467	272	-704	16832	16.592	-42.944	1026.752	-272	
8508232	272	-688	16864	16.592	-41.968	1028.704	-272	
8587992	288	-736	16848	17.568	-44.896	1027.728	-272	
8667755	256	-704	16832	15.616	-42.944	1026.752	-256	
8747517	256	-720	16848	15.616	-43.920	1027.728	-304	
8827281	288	-752	16864	17.568	-45.872	1028.704	-288	
8907041	288	-752	16864	17.568	-45.872	1028.704	-272	
8986800	272	-704	16864	16.592	-42.944	1028.704	-288	
9066556	272	-704	16864	16.592	-42.944	1028.704	-304	
9146316	272	-720	16880	16.592	-43.920	1029.680	-288	
9226080	272	-720	16832	16.592	-43.920	1026.752	-320	
9305843	288	-704	16864	17.568	-42.944	1028.704	-288	
9385600	256	-672	16864	15.616	-40.992	1028.704	-272	
9465364	272	-704	16864	16.592	-42.944	1028.704	-272	
9545123	240	-672	16832	14.640	-40.992	1026.752	-288	
9624880	256	-720	16864	15.616	-43.920	1028.704	-256	
9704639	288	-720	16864	17.568	-43.920	1028.704	-288	
9784398	288	-688	16848	17.568	-41.968	1027.728	-288	
9864162	320	-752	16816	19.520	-45.872	1025.776	-304	
9943921	256	-688	16848	15.616	-41.968	1027.728	-240	
10023681	288	-752	16864	17.568	-45.872	1028.704	-272	
10103438	288	-688	16848	17.568	-41.968	1027.728	-272	
10183198	272	-720	16864	16.592	-43.920	1028.704	-288	
10262961	320	-736	16928	19.520	-44.896	1032.608	-272	
10342722	304	-736	16816	18.544	-44.896	1025.776	-288	
10422484	288	-688	16864	17.568	-41.968	1028.704	-256	
10502248	320	-688	16832	19.520	-41.968	1026.752	-288	
10582009	288	-688	16880	17.568	-41.968	1029.680	-256	
10661768	224	-720	16864	13.664	-43.920	1028.704	-272	
10741528	304	-688	16816	18.544	-41.968	1025.776	-288	
10821288	272	-672	16880	16.592	-40.992	1029.680	-256	
10901041	304	-672	16848	18.544	-40.992	1027.728	-240	
10980798	320	-672	16848	19.520	-40.992	1027.728	-288	
11060558	288	-736	16816	17.568	-44.896	1025.776	-256	
11140315	256	-704	16864	15.616	-42.944	1028.704	-208	
11220072	288	-752	16880	17.568	-45.872	1029.680	-272	
11299831	304	-736	16896	18.544	-44.896	1030.656	-256	
11379587	272	-704	16864	16.592	-42.944	1028.704	-288	
11459344	320	-704	16864	19.520	-42.944	1028.704	-272	
11539106	272	-656	16864	16.592	-40.016	1028.704	-240	
11618864	320	-688	16864	19.520	-41.968	1028.704	-272	
11698623	256	-688	16880	15.616	-41.968	1029.680	-288	
11778381	288	-704	16864	17.568	-42.944	1028.704	-272	
11858139	304	-704	16880	18.544	-42.944	1029.680	-272	
11937895	288	-688	16832	17.568	-41.968	1026.752	-272	
12017654	272	-656	16864	16.592	-40.016	1028.704	-256	
12097414	288	-704	16864	17.568	-42.944	1028.704	-304	
12177174	304	-752	16816	18.544	-45.872	1025.776	-256	
12256929	288	-704	16816	17.568	-42.944	1025.776	-256	
12336686	320	-720	16816	19.520	-43.920	1025.776	-256	
12416446	304	-736	16800	18.544	-44.896	1024.800	-256	
12496204	336	-656	16816	20.496	-40.016	1025.776	-288	
12575961	288	-688	16864	17.568	-41.968	1028.704	-320	
12655724	272	-672	16880	16.592	-40.992	1029.680	-288	
12735479	272	-720	16880	16.592	-43.920	1029.680	-304	
12815238	288	-672	16832	17.568	-40.992	1026.752	-272	
12894995	272	-720	16832	16.592	-43.920	1026.752	-256	
12974753	304	-704	16848	18.544	-42.944	1027.728	-256	
13054512	272	-720	16864	16.592	-43.920	1028.704	-288	
13134271	240	-720	16848	14.640	-43.920	1027.728	-288	
13214030	272	-752	16864	16.592	-45.872	1028.704	-256	
13293792	304	-720	16864	18.544	-43.920	1028.704	-288	
13373551	288	-704	16816	17.568	-42.944	1025.776	-272	
13453308	304	-720	16864	18.544	-43.920	1028.704	-272	
13533067	288	-672	16816	17.568	-40.992	1025.776	-256	
13612828	272	-704	16848	16.592	-42.944	1027.728	-256	
13692586	288	-688	16864	17.568	-41.968	1028.704	-288	
13772346	272	-752	16832	16.592	-45.872	1026.752	-288	
13852101	288	-688	16864	17.568	-41.968	1028.704	-256	
13931857	256	-704	16896	15.616	-42.944	1030.656	-288	
14011614	288	-736	16880	17.568	-44.896	1029.680	-256	
14091370	272	-720	16864	16.592	-43.920	1028.704	-272	
14171126	304	-688	16864	18.544	-41.968	1028.704	-288	
14250884	304	-752	16864	18.544	-45.872	1028.704	-272	
14330646	304	-736	16864	18.544	-44.896	1028.704	-256	
14410411	288	-656	16816	17.568	-40.016	1025.776	-272	
14490175	320	-704	16864	19.520	-42.944	1028.704	-256	
14569933	320	-736	16864	19.520	-44.896	1028.704	-272	
14649693	256	-720	16832	15.616	-43.920	1026.752	-304	
14729449	256	-736	16864	15.616	-44.896	1028.704	-272	
14809204	304	-704	16864	18.544	-42.944	1028.704	-288	
14888962	288	-688	16800	17.568	-41.968	1024.800	-272	
14968723	288	-688	16848	17.568	-41.968	1027.728	-288	
15048484	288	-720	16896	17.568	-43.920	1030.656	-240	
15128240	304	-704	16864	18.544	-42.944	1028.704	-272	
15207999	272	-704	16816	16.592	-42.944	1025.776	-256	
15287762	272	-704	16864	16.592	-42.944	1028.704	-256	
15367523	272	-720	16864	16.592	-43.920	1028.704	-304	
15447282	288	-688	16816	17.568	-41.968	1025.776	-272	
15527041	304	-688	16864	18.544	-41.968	1028.704	-272	
15606794	240	-704	16880	14.640	-42.944	1029.680	-256	
15686555	288	-704	16784	17.568	-42.944	1023.824	-288	
15766312	304	-688	16832	18.544	-41.968	1026.752	-256	
15846072	320	-720	16848	19.520	-43.920	1027.728	-240	
15925828	320	-688	16864	19.520	-41.968	1028.704	-272	
16005588	272	-704	16864	16.592	-42.944	1028.704	-240	
16085353	272	-720	16896	16.592	-43.920	1030.656	-288	
16165111	336	-736	16896	20.496	-44.896	1030.656	-272	
16244871	288	-736	16864	17.568	-44.896	1028.704	-272	
16324630	272	-736	16864	16.592	-44.896	1028.704	-304	
16404389	304	-752	16816	18.544	-45.872	1025.776	-272	
16484151	272	-704	16864	16.592	-42.944	1028.704	-256	
16563911	304	-672	16880	18.544	-40.992	1029.680	-256	
16643668	304	-704	16880	18.544	-42.944	1029.680	-304	
16723426	288	-720	16832	17.568	-43.920	1026.752	-272	
16803185	304	-720	16832	18.544	-43.920	1026.752	-256	
16882941	288	-720	16864	17.568	-43.920	1028.704	-288	
16962696	288	-752	16864	17.568	-45.872	1028.704	-288	
17042455	304	-720	16832	18.544	-43.920	1026.752	-288	
17122215	272	-720	16864	16.592	-43.920	1028.704	-256	
17201977	288	-736	16864	17.568	-44.896	1028.704	-288	
17281738	304	-672	16880	18.544	-40.992	1029.680	-240	
17361493	320	-736	16848	19.520	-44.896	1027.728	-256	
17441250	256	-736	16848	15.616	-44.896	1027.728	-272	
17521007	272	-688	16880	16.592	-41.968	1029.680	-256	
17600762	256	-736	16864	15.616	-44.896	1028.704	-272	
17680518	288	-720	16864	17.568	-43.920	1028.704	-288	
17760275	256	-704	16864	15.616	-42.944	1028.704	-256	
17840038	272	-688	16864	16.592	-41.968	1028.704	-240	
17919801	304	-720	16800	18.544	-43.920	1024.800	-272	
17999563	272	-688	16800	16.592	-41.968	1024.800	-272	
18079325	304	-688	16848	18.544	-41.968	1027.728	-272	
18159087	288	-736	16912	17.568	-44.896	1031.632	-256	
18238847	288	-768	16816	17.568	-46.848	1025.776	-304	
18318607	256	-688	16832	15.616	-41.968	1026.752	-272	
18398364	272	-720	16912	16.592	-43.920	1031.632	-272	
18478122	256	-752	16816	15.616	-45.872	1025.776	-256	
18557878	272	-704	16864	16.592	-42.944	1028.704	-320	
18637635	288	-720	16864	17.568	-43.920	1028.704	-288	
18717394	256	-704	16832	15.616	-42.944	1026.752	-256	
18797151	256	-736	16832	15.616	-44.896	1026.752	-288	
18876910	320	-720	16800	19.520	-43.920	1024.800	-240	
18956668	320	-704	16832	19.520	-42.944	1026.752	-240	
19036426	288	-704	16864	17.568	-42.944	1028.704	-272	
19116189	272	-704	16880	16.592	-42.944	1029.680	-288	
19195951	256	-672	16896	15.616	-40.992	1030.656	-272	
19275707	304	-704	16864	18.544	-42.944	1028.704	-272	
19355472	288	-704	16816	17.568	-42.944	1025.776	-256	
19435233	288	-736	16832	17.568	-44.896	1026.752	-224	
19515000	320	-720	16832	19.520	-43.920	1026.752	-272	
19594762	288	-688	16864	17.568	-41.968	1028.704	-272	
19674524	272	-688	16864	16.592	-41.968	1028.704	-304	
19754285	256	-672	16832	15.616	-40.992	1026.752	-240	
19834043	256	-736	16880	15.616	-44.896	1029.680	-288	
19913801	256	-704	16880	15.616	-42.944	1029.680	-240	
19993560	272	-720	16864	16.592	-43.920	1028.704	-240	
20073317	256	-736	16816	15.616	-44.896	1025.776	-256	
20153081	272	-688	16864	16.592	-41.968	1028.704	-256	
20232843	256	-720	16864	15.616	-43.920	1028.704	-240	
20312603	272	-688	16864	16.592	-41.968	1028.704	-272	
20392364	320	-688	16816	19.520	-41.968	1025.776	-288	
20472128	304	-720	16816	18.544	-43.920	1025.776	-240	
20551887	256	-688	16864	15.616	-41.968	1028.704	-256	
20631649	288	-736	16864	17.568	-44.896	1028.704	-272	
20711410	336	-720	16864	20.496	-43.920	1028.704	-272	
20791168	288	-736	16848	17.568	-44.896	1027.728	-256	
20870925	256	-704	16864	15.616	-42.944	1028.704	-288	
20950685	288	-672	16864	17.568	-40.992	1028.704	-288	
21030443	288	-704	16864	17.568	-42.944	1028.704	-272	
21110201	320	-704	16816	19.520	-42.944	1025.776	-256	
21189960	320	-720	16880	19.520	-43.920	1029.680	-304	
21269726	304	-688	16880	18.544	-41.968	1029.680	-272	
21349493	288	-704	16832	17.568	-42.944	1026.752	-272	
21429254	288	-688	16864	17.568	-41.968	1028.704	-272	
21509017	304	-704	16896	18.544	-42.944	1030.656	-272	
21588779	288	-656	16848	17.568	-40.016	1027.728	-256	
21668541	288	-672	16832	17.568	-40.992	1026.752	-288	
21748300	304	-736	16864	18.544	-44.896	1028.704	-256	
21828060	304	-688	16864	18.544	-41.968	1028.704	-272	
21907822	336	-704	16880	20.496	-42.944	1029.680	-304	
21987583	320	-736	16880	19.520	-44.896	1029.680	-240	
22067343	272	-704	16832	16.592	-42.944	1026.752	-272	
22147105	288	-688	16864	17.568	-41.968	1028.704	-256	
22226866	288	-736	16832	17.568	-44.896	1026.752	-256	
22306623	288	-736	16832	17.568	-44.896	1026.752	-240	
22386381	304	-704	16816	18.544	-42.944	1025.776	-240	
22466141	288	-752	16816	17.568	-45.872	1025.776	-304	
22545901	304	-720	16848	18.544	-43.920	1027.728	-288	
22625659	272	-704	16864	16.592	-42.944	1028.704	-288	
22705419	336	-720	16864	20.496	-43.920	1028.704	-208	
22785184	304	-656	16848	18.544	-40.016	1027.728	-256	
22864943	304	-704	16864	18.544	-42.944	1028.704	-256	
22944699	288	-704	16816	17.568	-42.944	1025.776	-240	
23024457	320	-688	16864	19.520	-41.968	1028.704	-272	
23104215	256	-672	16864	15.616	-40.992	1028.704	-256	
23183971	256	-736	16848	15.616	-44.896	1027.728	-272	
23263724	272	-704	16880	16.592	-42.944	1029.680	-272	
23343480	272	-688	16880	16.592	-41.968	1029.680	-256	
23423238	272	-720	16864	16.592	-43.920	1028.704	-288	
23502993	272	-688	16896	16.592	-41.968	1030.656	-272	
23582752	272	-672	16864	16.592	-40.992	1028.704	-272	
23662508	304	-752	16832	18.544	-45.872	1026.752	-256	
23742265	240	-704	16816	14.640	-42.944	1025.776	-256	
23822021	272	-736	16832	16.592	-44.896	1026.752	-256	
23901780	304	-656	16832	18.544	-40.016	1026.752	-272	
23981535	288	-688	16848	17.568	-41.968	1027.728	-256	
24061293	288	-720	16816	17.568	-43.920	1025.776	-272	
24141047	288	-752	16864	17.568	-45.872	1028.704	-288	
24220805	304	-720	16864	18.544	-43.920	1028.704	-288	
24300561	288	-736	16864	17.568	-44.896	1028.704	-256	
24380321	288	-720	16832	17.568	-43.920	1026.752	-240	
24460079	304	-704	16864	18.544	-42.944	1028.704	-256	
24539841	320	-720	16864	19.520	-43.920	1028.704	-272	
24619601	288	-672	16864	17.568	-40.992	1028.704	-240	
24699363	288	-672	16864	17.568	-40.992	1028.704	-288	
24779126	272	-704	16880	16.592	-42.944	1029.680	-272	
24858884	304	-704	16880	18.544	-42.944	1029.680	-272	
24938646	288	-688	16880	17.568	-41.968	1029.680	-256	
25018405	288	-720	16832	17.568	-43.920	1026.752	-272	
25098165	304	-704	16800	18.544	-42.944	1024.800	-256	
25177927	272	-752	16864	16.592	-45.872	1028.704	-256	
25257686	304	-736	16864	18.544	-44.896	1028.704	-256	
25337446	320	-704	16848	19.520	-42.944	1027.728	-272	
25417200	288	-752	16864	17.568	-45.872	1028.704	-256	
25496950	272	-736	16832	16.592	-44.896	1026.752	-304	
25576703	288	-720	16848	17.568	-43.920	1027.728	-272	
25656458	288	-672	16896	17.568	-40.992	1030.656	-288	
25736215	304	-704	16832	18.544	-42.944	1026.752	-304	
25815974	272	-688	16832	16.592	-41.968	1026.752	-256	
25895731	288	-688	16864	17.568	-41.968	1028.704	-304	
25975495	304	-752	16896	18.544	-45.872	1030.656	-288	
26055257	336	-720	16880	20.496	-43.920	1029.680	-304	
26135017	272	-720	16864	16.592	-43.920	1028.704	-272	
26214782	272	-704	16864	16.592	-42.944	1028.704	-256	
26294542	256	-688	16848	15.616	-41.968	1027.728	-256	
26374304	288	-704	16864	17.568	-42.944	1028.704	-272	
26454063	256	-720	16848	15.616	-43.920	1027.728	-288	
26533821	304	-688	16880	18.544	-41.968	1029.680	-304	
26613579	288	-752	16848	17.568	-45.872	1027.728	-304	
26693340	288	-688	16864	17.568	-41.968	1028.704	-272	
26773097	288	-736	16864	17.568	-44.896	1028.704	-256	
26852856	304	-704	16816	18.544	-42.944	1025.776	-224	
26932613	256	-704	16864	15.616	-42.944	1028.704	-288	
27012372	320	-688	16880	19.520	-41.968	1029.680	-272	
27092128	240	-704	16912	14.640	-42.944	1031.632	-272	
27171885	272	-720	16896	16.592	-43.920	1030.656	-288	
27251641	256	-688	16864	15.616	-41.968	1028.704	-272	
27331398	288	-704	16832	17.568	-42.944	1026.752	-272	
27411157	304	-736	16864	18.544	-44.896	1028.704	-240	
27490918	288	-704	16864	17.568	-42.944	1028.704	-240	
27570677	240	-704	16864	14.640	-42.944	1028.704	-272	
27650436	240	-720	16848	14.640	-43.920	1027.728	-288	
27730194	272	-720	16848	16.592	-43.920	1027.728	-256	
27809958	288	-672	16864	17.568	-40.992	1028.704	-272	
27889720	288	-720	16848	17.568	-43.920	1027.728	-272	
27969480	288	-720	16816	17.568	-43.920	1025.776	-256	
28049241	304	-720	16832	18.544	-43.920	1026.752	-288	
28129002	304	-720	16864	18.544	-43.920	1028.704	-288	
28208762	288	-656	16864	17.568	-40.016	1028.704	-256	
28288522	256	-752	16848	15.616	-45.872	1027.728	-304	
28368279	272	-704	16880	16.592	-42.944	1029.680	-240	
28448035	272	-720	16816	16.592	-43.920	1025.776	-272	
28527795	288	-720	16880	17.568	-43.920	1029.680	-272	
28607555	288	-720	16864	17.568	-43.920	1028.704	-256	
28687319	272	-688	16832	16.592	-41.968	1026.752	-256	
28767086	304	-720	16864	18.544	-43.920	1028.704	-272	
28846849	304	-720	16832	18.544	-43.920	1026.752	-288	
28926612	288	-720	16864	17.568	-43.920	1028.704	-288	
29006375	256	-688	16832	15.616	-41.968	1026.752	-272	
29086137	272	-720	16864	16.592	-43.920	1028.704	-256	
29165900	288	-688	16864	17.568	-41.968	1028.704	-272	
29245658	272	-768	16880	16.592	-46.848	1029.680	-288	
29325415	288	-688	16832	17.568	-41.968	1026.752	-256	
29405172	272	-736	16848	16.592	-44.896	1027.728	-288	
29484928	288	-736	16816	17.568	-44.896	1025.776	-304	
29564688	304	-688	16864	18.544	-41.968	1028.704	-304	
29644444	272	-704	16864	16.592	-42.944	1028.704	-304	
29724201	240	-720	16832	14.640	-43.920	1026.752	-272	
29803959	288	-736	16864	17.568	-44.896	1028.704	-256	
29883718	288	-736	16832	17.568	-44.896	1026.752	-256	
29963477	256	-736	16816	15.616	-44.896	1025.776	-288	
30043232	304	-720	16864	18.544	-43.920	1028.704	-240	
30122993	272	-720	16864	16.592	-43.920	1028.704	-304	
30202752	272	-704	16864	16.592	-42.944	1028.704	-240	
30282518	320	-704	16864	19.520	-42.944	1028.704	-288	
30362283	304	-720	16832	18.544	-43.920	1026.752	-320	
30442052	288	-784	16864	17.568	-47.824	1028.704	-304	
30521816	256	-672	16896	15.616	-40.992	1030.656	-304	
30601579	304	-688	16848	18.544	-41.968	1027.728	-240	
30681341	288	-688	16864	17.568	-41.968	1028.704	-256	
30761105	288	-720	16912	17.568	-43.920	1031.632	-272	
30840874	288	-736	16864	17.568	-44.896	1028.704	-256	
30920637	288	-656	16864	17.568	-40.016	1028.704	-272	
31000404	272	-736	16896	16.592	-44.896	1030.656	-256	
31080171	272	-752	16848	16.592	-45.872	1027.728	-272	
31159934	256	-704	16832	15.616	-42.944	1026.752	-240	
31239691	320	-720	16880	19.520	-43.920	1029.680	-240	
31319454	272	-672	16880	16.592	-40.992	1029.680	-256	
31399218	272	-688	16864	16.592	-41.968	1028.704	-272	
31478978	288	-736	16880	17.568	-44.896	1029.680	-256	
31558738	272	-672	16800	16.592	-40.992	1024.800	-288	
31638498	272	-704	16896	16.592	-42.944	1030.656	-272	
31718257	256	-720	16832	15.616	-43.920	1026.752	-288	
31798017	288	-688	16864	17.568	-41.968	1028.704	-256	
31877781	304	-704	16816	18.544	-42.944	1025.776	-288	
31957545	256	-704	16864	15.616	-42.944	1028.704	-272	
32037305	320	-704	16864	19.520	-42.944	1028.704	-256	
32117071	272	-704	16864	16.592	-42.944	1028.704	-288	
32196832	288	-688	16832	17.568	-41.968	1026.752	-256	
32276594	288	-688	16864	17.568	-41.968	1028.704	-256	
32356356	288	-720	16864	17.568	-43.920	1028.704	-304	
32436119	272	-704	16896	16.592	-42.944	1030.656	-240	
32515885	304	-704	16848	18.544	-42.944	1027.728	-272	
32595649	256	-688	16832	15.616	-41.968	1026.752	-272	
32675415	240	-704	16896	14.640	-42.944	1030.656	-272	
32755186	288	-736	16864	17.568	-44.896	1028.704	-288	
32834953	288	-704	16880	17.568	-42.944	1029.680	-272	
32914718	288	-752	16864	17.568	-45.872	1028.704	-272	
32994482	256	-720	16864	15.616	-43.920	1028.704	-256	
33074243	288	-704	16832	17.568	-42.944	1026.752	-272	
33154010	304	-688	16880	18.544	-41.968	1029.680	-288	
33233770	288	-720	16880	17.568	-43.920	1029.680	-304	
33313527	288	-704	16832	17.568	-42.944	1026.752	-272	
33393289	304	-720	16848	18.544	-43.920	1027.728	-256	
33473050	336	-704	16848	20.496	-42.944	1027.728	-288	
33552807	288	-688	16864	17.568	-41.968	1028.704	-272	
33632567	256	-704	16864	15.616	-42.944	1028.704	-272	
33712329	288	-704	16832	17.568	-42.944	1026.752	-240	
33792091	272	-720	16896	16.592	-43.920	1030.656	-288	
33871848	272	-720	16832	16.592	-43.920	1026.752	-288	
33951614	288	-688	16816	17.568	-41.968	1025.776	-272	
34031373	320	-720	16864	19.520	-43.920	1028.704	-240	
34111136	320	-736	16864	19.520	-44.896	1028.704	-256	
34190900	288	-784	16864	17.568	-47.824	1028.704	-256	
34270662	288	-720	16864	17.568	-43.920	1028.704	-272	
34350426	272	-704	16816	16.592	-42.944	1025.776	-288	
34430187	272	-704	16864	16.592	-42.944	1028.704	-304	
34509947	272	-720	16832	16.592	-43.920	1026.752	-288	
34589710	272	-704	16848	16.592	-42.944	1027.728	-272	
34669470	272	-688	16896	16.592	-41.968	1030.656	-272	
34749233	288	-704	16800	17.568	-42.944	1024.800	-256	
34828997	304	-688	16864	18.544	-41.968	1028.704	-256	
34908759	304	-704	16864	18.544	-42.944	1028.704	-304	
34988517	272	-688	16864	16.592	-41.968	1028.704	-304	
35068277	240	-704	16832	14.640	-42.944	1026.752	-272	
35148039	288	-704	16832	17.568	-42.944	1026.752	-288	
35227799	272	-704	16864	16.592	-42.944	1028.704	-272	
35307558	320	-736	16848	19.520	-44.896	1027.728	-240	
35387318	256	-720	16864	15.616	-43.920	1028.704	-256	
35467076	288	-720	16896	17.568	-43.920	1030.656	-256	
35546836	256	-720	16864	15.616	-43.920	1028.704	-256	
35626595	288	-704	16832	17.568	-42.944	1026.752	-256	
35706357	304	-768	16864	18.544	-46.848	1028.704	-224	
35786120	288	-736	16816	17.568	-44.896	1025.776	-288	
35865883	320	-672	16832	19.520	-40.992	1026.752	-288	
35945641	304	-720	16816	18.544	-43.920	1025.776	-256	
36025403	256	-736	16864	15.616	-44.896	1028.704	-272	
36105159	304	-720	16896	18.544	-43.920	1030.656	-304	
36184917	288	-688	16816	17.568	-41.968	1025.776	-256	
36264676	304	-720	16864	18.544	-43.920	1028.704	-256	
36344435	352	-720	16816	21.472	-43.920	1025.776	-240	
36424198	320	-720	16832	19.520	-43.920	1026.752	-288	
36503956	304	-688	16896	18.544	-41.968	1030.656	-256	
36583712	272	-720	16864	16.592	-43.920	1028.704	-272	
36663469	256	-688	16832	15.616	-41.968	1026.752	-288	
36743227	304	-704	16864	18.544	-42.944	1028.704	-288	
36822987	256	-720	16832	15.616	-43.920	1026.752	-272	
36902743	256	-672	16896	15.616	-40.992	1030.656	-240	
36982504	288	-736	16864	17.568	-44.896	1028.704	-256	
37062263	288	-720	16864	17.568	-43.920	1028.704	-288	
37142024	256	-736	16864	15.616	-44.896	1028.704	-272	
37221789	240	-720	16864	14.640	-43.920	1028.704	-256	
37301552	272	-704	16880	16.592	-42.944	1029.680	-288	
37381313	272	-720	16816	16.592	-43.920	1025.776	-256	
37461071	288	-688	16880	17.568	-41.968	1029.680	-288	
37540825	288	-752	16864	17.568	-45.872	1028.704	-288	
37620583	272	-704	16864	16.592	-42.944	1028.704	-320	
37700345	288	-672	16832	17.568	-40.992	1026.752	-256	
37780104	256	-656	16832	15.616	-40.016	1026.752	-272	
37859860	256	-720	16864	15.616	-43.920	1028.704	-272	
37939621	256	-720	16880	15.616	-43.920	1029.680	-240	
38019383	288	-672	16864	17.568	-40.992	1028.704	-272	
38099142	304	-704	16864	18.544	-42.944	1028.704	-240	
38178898	320	-688	16864	19.520	-41.968	1028.704	-272	
38258654	256	-704	16864	15.616	-42.944	1028.704	-288	
38338406	336	-752	16864	20.496	-45.872	1028.704	-288	
38418162	320	-704	16880	19.520	-42.944	1029.680	-288	
38497915	320	-752	16848	19.520	-45.872	1027.728	-272	
38577671	288	-704	16864	17.568	-42.944	1028.704	-240	
38657427	288	-720	16832	17.568	-43.920	1026.752	-240	
38737186	272	-704	16864	16.592	-42.944	1028.704	-288	
38816949	272	-736	16880	16.592	-44.896	1029.680	-288	
38896712	272	-672	16864	16.592	-40.992	1028.704	-272	
38976470	288	-720	16880	17.568	-43.920	1029.680	-272	
39056227	288	-704	16864	17.568	-42.944	1028.704	-272	
39135988	256	-672	16864	15.616	-40.992	1028.704	-256	
39215747	272	-720	16896	16.592	-43.920	1030.656	-240	
39295509	272	-720	16896	16.592	-43.920	1030.656	-272	
39375271	256	-688	16864	15.616	-41.968	1028.704	-256	
39455029	304	-720	16880	18.544	-43.920	1029.680	-256	
39534790	288	-704	16864	17.568	-42.944	1028.704	-288	
39614551	256	-720	16896	15.616	-43.920	1030.656	-256	
39694313	320	-720	16864	19.520	-43.920	1028.704	-272	
39774077	224	-720	16864	13.664	-43.920	1028.704	-288	
39853842	272	-752	16864	16.592	-45.872	1028.704	-240	
39933605	288	-720	16816	17.568	-43.920	1025.776	-288	
40013367	272	-704	16848	16.592	-42.944	1027.728	-304	
40093129	320	-768	16864	19.520	-46.848	1028.704	-256	
40172891	272	-752	16864	16.592	-45.872	1028.704	-272	
40252652	240	-720	16896	14.640	-43.920	1030.656	-256	
40332413	288	-704	16864	17.568	-42.944	1028.704	-272	
40412171	272	-720	16864	16.592	-43.920	1028.704	-288	
40491931	224	-704	16864	13.664	-42.944	1028.704	-272	
40571692	304	-736	16896	18.544	-44.896	1030.656	-288	
40651454	304	-688	16864	18.544	-41.968	1028.704	-256	
40731213	304	-704	16832	18.544	-42.944	1026.752	-272	
40810973	288	-720	16880	17.568	-43.920	1029.680	-288	
40890733	288	-688	16880	17.568	-41.968	1029.680	-256	
40970494	304	-672	16880	18.544	-40.992	1029.680	-272	
41050257	288	-672	16864	17.568	-40.992	1028.704	-288	
41130019	304	-704	16880	18.544	-42.944	1029.680	-272	
41209779	288	-704	16832	17.568	-42.944	1026.752	-272	
41289539	272	-688	16864	16.592	-41.968	1028.704	-256	
41369300	224	-704	16880	13.664	-42.944	1029.680	-272	
41449059	304	-720	16880	18.544	-43.920	1029.680	-256	
41528817	288	-752	16848	17.568	-45.872	1027.728	-272	
41608574	272	-736	16832	16.592	-44.896	1026.752	-256	
41688334	256	-704	16864	15.616	-42.944	1028.704	-288	
41768094	272	-688	16864	16.592	-41.968	1028.704	-256	
41847856	288	-720	16912	17.568	-43.920	1031.632	-256	
41927622	272	-704	16864	16.592	-42.944	1028.704	-272	
42007382	272	-736	16832	16.592	-44.896	1026.752	-288	
42087136	272	-736	16880	16.592	-44.896	1029.680	-320	
42166894	256	-656	16880	15.616	-40.016	1029.680	-256	
42246655	240	-704	16880	14.640	-42.944	1029.680	-272	
42326415	256	-736	16864	15.616	-44.896	1028.704	-304	
42406175	272	-704	16864	16.592	-42.944	1028.704	-288	
42485936	272	-688	16832	16.592	-41.968	1026.752	-272	
42565698	272	-688	16832	16.592	-41.968	1026.752	-320	
42645458	288	-720	16832	17.568	-43.920	1026.752	-288	
42725217	272	-688	16848	16.592	-41.968	1027.728	-288	
42804974	288	-704	16848	17.568	-42.944	1027.728	-288	
42884736	288	-704	16896	17.568	-42.944	1030.656	-272	
42964494	288	-688	16864	17.568	-41.968	1028.704	-256	
43044256	288	-688	16912	17.568	-41.968	1031.632	-272	
43124018	272	-704	16848	16.592	-42.944	1027.728	-256	
43203780	256	-704	16816	15.616	-42.944	1025.776	-272	
43283544	288	-704	16864	17.568	-42.944	1028.704	-256	
43363307	288	-688	16880	17.568	-41.968	1029.680	-272	
43443071	288	-672	16880	17.568	-40.992	1029.680	-304	
43522834	304	-768	16864	18.544	-46.848	1028.704	-272	
43602601	304	-720	16864	18.544	-43.920	1028.704	-272	
43682366	288	-752	16864	17.568	-45.872	1028.704	-256	
43762127	256	-704	16864	15.616	-42.944	1028.704	-272	
43841892	256	-720	16880	15.616	-43.920	1029.680	-288	
43921655	288	-688	16848	17.568	-41.968	1027.728	-272	
44001419	288	-704	16880	17.568	-42.944	1029.680	-304	
44081179	304	-720	16864	18.544	-43.920	1028.704	-288	
44160937	304	-736	16864	18.544	-44.896	1028.704	-272	
44240698	272	-736	16864	16.592	-44.896	1028.704	-288	
44320460	336	-752	16800	20.496	-45.872	1024.800	-272	
44400220	304	-736	16896	18.544	-44.896	1030.656	-272	
44479980	288	-720	16832	17.568	-43.920	1026.752	-224	
44559738	288	-704	16864	17.568	-42.944	1028.704	-272	
44639498	304	-704	16848	18.544	-42.944	1027.728	-256	
44719257	320	-752	16848	19.520	-45.872	1027.728	-256	
44799016	256	-672	16864	15.616	-40.992	1028.704	-272	
44878775	304	-704	16864	18.544	-42.944	1028.704	-256	
44958536	272	-720	16800	16.592	-43.920	1024.800	-304	
45038297	288	-704	16896	17.568	-42.944	1030.656	-256	
45118056	304	-720	16864	18.544	-43.920	1028.704	-288	
45197816	256	-672	16864	15.616	-40.992	1028.704	-240	
45277580	288	-720	16864	17.568	-43.920	1028.704	-272	
45357343	320	-688	16864	19.520	-41.968	1028.704	-256	
45437104	288	-720	16896	17.568	-43.920	1030.656	-272	
45516863	272	-688	16848	16.592	-41.968	1027.728	-240	
45596621	272	-704	16864	16.592	-42.944	1028.704	-288	
45676379	272	-704	16832	16.592	-42.944	1026.752	-272	
45756136	272	-688	16880	16.592	-41.968	1029.680	-272	
45835896	320	-704	16864	19.520	-42.944	1028.704	-288	
45915656	288	-720	16880	17.568	-43.920	1029.680	-272	
45995412	288	-688	16896	17.568	-41.968	1030.656	-240	
46075167	256	-656	16880	15.616	-40.016	1029.680	-288	
46154925	256	-720	16864	15.616	-43.920	1028.704	-272	
46234683	304	-736	16864	18.544	-44.896	1028.704	-288	
46314443	304	-720	16848	18.544	-43.920	1027.728	-288	
46394199	256	-752	16864	15.616	-45.872	1028.704	-288	
46473961	288	-736	16832	17.568	-44.896	1026.752	-288	
46553721	256	-736	16864	15.616	-44.896	1028.704	-272	
46633479	304	-688	16864	18.544	-41.968	1028.704	-256	
46713235	320	-688	16864	19.520	-41.968	1028.704	-288	
46792996	304	-736	16832	18.544	-44.896	1026.752	-272	
46872753	320	-720	16864	19.520	-43.920	1028.704	-288	
46952510	256	-736	16864	15.616	-44.896	1028.704	-272	
47032269	288	-752	16896	17.568	-45.872	1030.656	-304	
47112025	272	-720	16864	16.592	-43.920	1028.704	-240	
47191784	320	-720	16800	19.520	-43.920	1024.800	-272	
47271550	304	-720	16864	18.544	-43.920	1028.704	-272	
47351311	272	-688	16864	16.592	-41.968	1028.704	-320	
47431072	288	-720	16864	17.568	-43.920	1028.704	-272	
47510833	256	-688	16864	15.616	-41.968	1028.704	-272	
47590592	304	-704	16864	18.544	-42.944	1028.704	-304	
47670351	272	-704	16848	16.592	-42.944	1027.728	-272	
47750108	272	-720	16864	16.592	-43.920	1028.704	-288	
47829866	336	-688	16848	20.496	-41.968	1027.728	-304	
47909622	304	-688	16816	18.544	-41.968	1025.776	-256	
47989384	288	-720	16848	17.568	-43.920	1027.728	-288	
48069142	320	-720	16848	19.520	-43.920	1027.728	-256	
48148898	304	-688	16864	18.544	-41.968	1028.704	-288	
48228656	320	-704	16832	19.520	-42.944	1026.752	-272	
48308420	272	-704	16816	16.592	-42.944	1025.776	-256	
48388179	288	-688	16864	17.568	-41.968	1028.704	-272	
48467937	256	-688	16832	15.616	-41.968	1026.752	-256	
48547695	256	-704	16864	15.616	-42.944	1028.704	-272	
48627457	240	-688	16880	14.640	-41.968	1029.680	-272	
48707218	272	-704	16832	16.592	-42.944	1026.752	-304	
48786981	304	-736	16864	18.544	-44.896	1028.704	-272	
48866744	272	-688	16864	16.592	-41.968	1028.704	-288	
48946505	256	-736	16864	15.616	-44.896	1028.704	-288	
49026268	288	-704	16864	17.568	-42.944	1028.704	-288	
49106030	272	-656	16832	16.592	-40.016	1026.752	-272	
49185794	256	-736	16832	15.616	-44.896	1026.752	-272	
49265559	288	-720	16816	17.568	-43.920	1025.776	-304	
49345327	256	-704	16880	15.616	-42.944	1029.680	-288	
49425093	272	-688	17024	16.592	-41.968	1038.464	-256	
49504855	272	-704	16768	16.592	-42.944	1022.848	-288	
49584617	288	-736	16912	17.568	-44.896	1031.632	-320	
49664382	288	-704	16880	17.568	-42.944	1029.680	-272	
49744145	272	-672	16848	16.592	-40.992	1027.728	-304	
49823907	336	-688	16864	20.496	-41.968	1028.704	-288	
49903670	288	-752	16848	17.568	-45.872	1027.728	-288	
49983429	288	-688	16880	17.568	-41.968	1029.680	-272	
50063192	256	-688	16864	15.616	-41.968	1028.704	-272	
50142954	256	-752	16864	15.616	-45.872	1028.704	-320	
50222719	320	-736	16864	19.520	-44.896	1028.704	-272	
50302477	304	-768	16864	18.544	-46.848	1028.704	-288	
50382240	336	-736	16896	20.496	-44.896	1030.656	-272	
50462002	304	-704	16896	18.544	-42.944	1030.656	-320	
50541765	336	-640	16832	20.496	-39.040	1026.752	-304	
50621525	320	-752	16832	19.520	-45.872	1026.752	-272	
50701290	320	-704	16864	19.520	-42.944	1028.704	-320	
50781055	288	-672	16864	17.568	-40.992	1028.704	-304	
50860817	288	-720	16864	17.568	-43.920	1028.704	-256	
50940581	320	-736	16816	19.520	-44.896	1025.776	-320	
51020348	272	-656	16864	16.592	-40.016	1028.704	-272	
51100110	336	-688	16800	20.496	-41.968	1024.800	-304	
51179868	320	-704	16768	19.520	-42.944	1022.848	-272	
51259627	336	-672	16768	20.496	-40.992	1022.848	-304	
51339386	352	-704	16864	21.472	-42.944	1028.704	-288	
51419148	288	-688	16832	17.568	-41.968	1026.752	-320	
51498906	288	-704	16864	17.568	-42.944	1028.704	-272	
51578671	288	-736	16816	17.568	-44.896	1025.776	-288	
51658434	304	-688	16848	18.544	-41.968	1027.728	-288	
51738191	304	-720	16832	18.544	-43.920	1026.752	-288	
51817947	304	-736	16864	18.544	-44.896	1028.704	-320	
51897706	272	-720	16880	16.592	-43.920	1029.680	-256	
51977467	320	-688	16848	19.520	-41.968	1027.728	-240	
52057226	288	-720	16832	17.568	-43.920	1026.752	-288	
52136991	304	-672	16864	18.544	-40.992	1028.704	-288	
52216752	320	-720	16864	19.520	-43.920	1028.704	-304	
52296517	288	-704	16864	17.568	-42.944	1028.704	-272	
52376276	336	-736	16848	20.496	-44.896	1027.728	-256	
52456037	288	-720	16832	17.568	-43.920	1026.752	-288	
52535794	288	-720	16880	17.568	-43.920	1029.680	-288	
52615554	304	-720	16864	18.544	-43.920	1028.704	-240	
52695316	304	-720	16816	18.544	-43.920	1025.776	-352	
52775082	304	-752	16832	18.544	-45.872	1026.752	-272	
52854842	288	-720	16928	17.568	-43.920	1032.608	-288	
52934606	320	-704	16880	19.520	-42.944	1029.680	-304	
53014368	288	-688	16800	17.568	-41.968	1024.800	-304	
53094129	320	-688	16864	19.520	-41.968	1028.704	-256	
53173893	304	-736	16816	18.544	-44.896	1025.776	-304	
53253654	288	-672	16832	17.568	-40.992	1026.752	-288	
53333413	336	-672	16816	20.496	-40.992	1025.776	-304	
53413174	304	-720	16864	18.544	-43.920	1028.704	-272	
53492935	288	-720	16848	17.568	-43.920	1027.728	-272	
53572698	272	-736	16864	16.592	-44.896	1028.704	-304	
53652458	272	-736	16864	16.592	-44.896	1028.704	-288	
53732214	320	-736	16864	19.520	-44.896	1028.704	-288	
53811974	336	-688	16752	20.496	-41.968	1021.872	-288	
53891738	304	-720	16752	18.544	-43.920	1021.872	-288	
53971500	304	-704	16832	18.544	-42.944	1026.752	-304	
54051261	320	-720	16864	19.520	-43.920	1028.704	-304	
54131020	256	-704	16864	15.616	-42.944	1028.704	-288	
54210782	272	-688	16816	16.592	-41.968	1025.776	-256	
54290545	272	-736	16864	16.592	-44.896	1028.704	-320	
54370303	288	-704	16832	17.568	-42.944	1026.752	-304	
54450062	288	-704	16832	17.568	-42.944	1026.752	-288	
54529822	288	-704	16864	17.568	-42.944	1028.704	-272	
54609582	288	-704	16864	17.568	-42.944	1028.704	-256	
54689346	320	-720	16864	19.520	-43.920	1028.704	-272	
54769112	272	-672	16896	16.592	-40.992	1030.656	-304	
54848874	288	-672	16848	17.568	-40.992	1027.728	-304	
54928636	336	-688	16864	20.496	-41.968	1028.704	-272	
55008397	288	-688	16864	17.568	-41.968	1028.704	-288	
55088158	336	-704	16832	20.496	-42.944	1026.752	-272	
55167916	320	-704	16864	19.520	-42.944	1028.704	-288	
55247679	304	-720	16864	18.544	-43.920	1028.704	-288	
55327439	256	-720	16816	15.616	-43.920	1025.776	-304	
55407198	320	-704	16848	19.520	-42.944	1027.728	-240	
55486958	304	-688	16832	18.544	-41.968	1026.752	-256	
55566715	304	-688	16880	18.544	-41.968	1029.680	-256	
55646475	304	-720	16864	18.544	-43.920	1028.704	-272	
55726237	272	-704	16848	16.592	-42.944	1027.728	-240	
55805998	288	-704	16864	17.568	-42.944	1028.704	-336	
55885763	304	-720	16816	18.544	-43.920	1025.776	-256	
55965528	304	-704	16816	18.544	-42.944	1025.776	-288	
56045296	256	-720	16880	15.616	-43.920	1029.680	-320	
56125063	288	-688	16864	17.568	-41.968	1028.704	-240	
56204827	288	-720	16832	17.568	-43.920	1026.752	-304	
56284590	272	-688	16880	16.592	-41.968	1029.680	-240	
56364357	288	-752	16864	17.568	-45.872	1028.704	-272	
56444121	320	-720	16880	19.520	-43.920	1029.680	-288	
56523888	304	-752	16848	18.544	-45.872	1027.728	-272	
56603652	288	-720	16880	17.568	-43.920	1029.680	-288	
56683414	288	-704	16896	17.568	-42.944	1030.656	-288	
56763178	272	-672	16832	16.592	-40.992	1026.752	-304	
56842947	272	-688	16864	16.592	-41.968	1028.704	-224	
56922712	336	-688	16848	20.496	-41.968	1027.728	-288	
57002474	272	-752	16800	16.592	-45.872	1024.800	-256	
57082241	304	-688	16832	18.544	-41.968	1026.752	-272	
57162009	320	-720	16848	19.520	-43.920	1027.728	-256	
57241771	320	-704	16880	19.520	-42.944	1029.680	-272	
57321534	272	-720	16864	16.592	-43.920	1028.704	-304	
57401298	304	-736	16864	18.544	-44.896	1028.704	-288	
57481057	320	-752	16832	19.520	-45.872	1026.752	-272	
57560821	304	-720	16864	18.544	-43.920	1028.704	-320	
57640581	304	-720	16816	18.544	-43.920	1025.776	-272	
57720344	352	-720	16864	21.472	-43.920	1028.704	-240	
57800105	288	-720	16848	17.568	-43.920	1027.728	-256	
57879869	288	-736	16880	17.568	-44.896	1029.680	-256	
57959632	336	-752	16864	20.496	-45.872	1028.704	-304	
58039389	320	-688	16848	19.520	-41.968	1027.728	-256	
58119148	288	-752	16848	17.568	-45.872	1027.728	-256	
58198908	352	-704	16848	21.472	-42.944	1027.728	-288	
58278672	304	-752	16832	18.544	-45.872	1026.752	-288	
58358434	288	-672	16864	17.568	-40.992	1028.704	-256	
58438198	288	-704	16448	17.568	-42.944	1003.328	-288	
58517963	304	-720	16960	18.544	-43.920	1034.560	-272	
58597725	224	-672	16832	13.664	-40.992	1026.752	-272	
58677488	320	-688	16832	19.520	-41.968	1026.752	-256	
58757252	272	-704	16928	16.592	-42.944	1032.608	-256	
58837013	288	-688	16864	17.568	-41.968	1028.704	-304	
58916774	320	-720	16864	19.520	-43.920	1028.704	-240	
58996541	256	-688	16880	15.616	-41.968	1029.680	-256	
59076304	320	-704	16832	19.520	-42.944	1026.752	-304	
59156070	304	-736	16864	18.544	-44.896	1028.704	-272	
59235831	240	-736	16832	14.640	-44.896	1026.752	-288	
59315593	272	-720	16832	16.592	-43.920	1026.752	-288	
59395354	304	-736	16880	18.544	-44.896	1029.680	-288	
59475115	288	-704	16864	17.568	-42.944	1028.704	-256	
59554875	304	-688	16896	18.544	-41.968	1030.656	-272	
59634639	240	-688	16832	14.640	-41.968	1026.752	-320	
59714401	304	-688	16832	18.544	-41.968	1026.752	-272	
59794165	272	-720	16880	16.592	-43.920	1029.680	-272	
59873930	240	-704	16832	14.640	-42.944	1026.752	-304	
59953690	288	-704	16832	17.568	-42.944	1026.752	-272	
60033451	288	-688	16848	17.568	-41.968	1027.728	-240	
60113210	288	-688	16896	17.568	-41.968	1030.656	-256	
60192972	320	-704	16880	19.520	-42.944	1029.680	-272	
60272734	288	-720	16816	17.568	-43.920	1025.776	-288	
60352497	288	-720	16864	17.568	-43.920	1028.704	-256	
60432258	304	-752	16864	18.544	-45.872	1028.704	-272	
60512021	336	-672	16864	20.496	-40.992	1028.704	-272	
60591782	304	-720	16864	18.544	-43.920	1028.704	-272	
60671546	320	-704	16832	19.520	-42.944	1026.752	-288	
60751309	288	-752	16864	17.568	-45.872	1028.704	-288	
60831074	288	-704	16864	17.568	-42.944	1028.704	-240	
60910834	272	-688	16880	16.592	-41.968	1029.680	-272	
60990596	272	-704	16864	16.592	-42.944	1028.704	-256	
61070356	272	-704	16816	16.592	-42.944	1025.776	-288	
61150115	320	-704	16864	19.520	-42.944	1028.704	-272	
61229876	256	-704	16880	15.616	-42.944	1029.680	-272	
61309639	256	-720	16864	15.616	-43.920	1028.704	-288	
61389393	352	-720	16880	21.472	-43.920	1029.680	-256	
61469153	224	-688	16880	13.664	-41.968	1029.680	-288	
61548917	304	-720	16800	18.544	-43.920	1024.800	-320	
61628677	304	-624	16960	18.544	-38.064	1034.560	-288	
61708435	272	-688	16912	16.592	-41.968	1031.632	-304	
61788196	272	-720	16864	16.592	-43.920	1028.704	-256	
61867957	288	-720	16864	17.568	-43.920	1028.704	-304	
61947717	336	-704	16848	20.496	-42.944	1027.728	-256	
