Timestamp [us]	A_X [LSB]	A_Y [LSB]	A_Z [LSB]	A_X [mg]	A_Y [mg]	A_Z [mg]	QVAR [LSB]	
18499	320	-720	16848	19.520	-43.920	1027.728	-192	
98271	256	-720	16832	15.616	-43.920	1026.752	-256	
178038	352	-672	16832	21.472	-40.992	1026.752	-256	
257808	288	-752	16864	17.568	-45.872	1028.704	-272	
337578	320	-720	16864	19.520	-43.920	1028.704	-288	
417348	288	-688	16864	17.568	-41.968	1028.704	-224	
497122	320	-672	16864	19.520	-40.992	1028.704	-224	
576891	304	-720	16848	18.544	-43.920	1027.728	-240	
656657	288	-672	16896	17.568	-40.992	1030.656	-208	
736422	288	-704	16800	17.568	-42.944	1024.800	-304	
816191	256	-688	16832	15.616	-41.968	1026.752	-256	
895963	240	-688	16864	14.640	-41.968	1028.704	-224	
975732	272	-704	16832	16.592	-42.944	1026.752	-240	
1055502	304	-720	16864	18.544	-43.920	1028.704	-208	
1135268	304	-688	16864	18.544	-41.968	1028.704	-240	
1215035	304	-656	16848	18.544	-40.016	1027.728	-272	
1294804	240	-736	16864	14.640	-44.896	1028.704	-256	
1374573	320	-704	16928	19.520	-42.944	1032.608	-240	
1454338	320	-720	16880	19.520	-43.920	1029.680	-240	
1534102	272	-704	16832	16.592	-42.944	1026.752	-208	
1613867	288	-688	16816	17.568	-41.968	1025.776	-256	
1693628	256	-704	16848	15.616	-42.944	1027.728	-192	
1773391	272	-720	16864	16.592	-43.920	1028.704	-224	
1853152	240	-720	16864	14.640	-43.920	1028.704	-288	
1932915	304	-720	16864	18.544	-43.920	1028.704	-208	
2012676	272	-704	16848	16.592	-42.944	1027.728	-272	
2092435	320	-688	16864	19.520	-41.968	1028.704	-272	
2172195	272	-752	16864	16.592	-45.872	1028.704	-240	
2251957	288	-704	16864	17.568	-42.944	1028.704	-272	
2331719	304	-720	16816	18.544	-43.920	1025.776	-224	
2411484	320	-704	16832	19.520	-42.944	1026.752	-224	
2491244	288	-736	16880	17.568	-44.896	1029.680	-208	
2571006	288	-736	16848	17.568	-44.896	1027.728	-240	
2650767	320	-688	16816	19.520	-41.968	1025.776	-208	
2730531	320	-688	16864	19.520	-41.968	1028.704	-256	
2810293	288	-704	16816	17.568	-42.944	1025.776	-240	
2890060	256	-752	16864	15.616	-45.872	1028.704	-256	
2969821	288	-720	16864	17.568	-43.920	1028.704	-272	
3049584	304	-688	16816	18.544	-41.968	1025.776	-176	
3129345	256	-720	16832	15.616	-43.920	1026.752	-304	
3209108	288	-736	16864	17.568	-44.896	1028.704	-240	
3288871	320	-752	16832	19.520	-45.872	1026.752	-240	
3368630	272	-720	16880	16.592	-43.920	1029.680	-272	
3448399	272	-752	16800	16.592	-45.872	1024.800	-224	
3528168	272	-736	16864	16.592	-44.896	1028.704	-256	
3607936	272	-704	16864	16.592	-42.944	1028.704	-240	
3687704	256	-720	16816	15.616	-43.920	1025.776	-208	
3767469	272	-688	16816	16.592	-41.968	1025.776	-272	
3847234	288	-720	16832	17.568	-43.920	1026.752	-256	
3926997	336	-704	16864	20.496	-42.944	1028.704	-240	
4006762	304	-720	16864	18.544	-43.920	1028.704	-240	
4086530	288	-720	16864	17.568	-43.920	1028.704	-208	
4166299	288	-720	16864	17.568	-43.920	1028.704	-176	
4246066	336	-704	16816	20.496	-42.944	1025.776	-256	
4325833	304	-704	16864	18.544	-42.944	1028.704	-240	
4405596	288	-704	16800	17.568	-42.944	1024.800	-224	
4485359	288	-736	16816	17.568	-44.896	1025.776	-320	
4565120	320	-704	16848	19.520	-42.944	1027.728	-208	
4644885	304	-688	16864	18.544	-41.968	1028.704	-240	
4724648	304	-704	16832	18.544	-42.944	1026.752	-256	
4804416	320	-672	16880	19.520	-40.992	1029.680	-208	
4884180	304	-704	16816	18.544	-42.944	1025.776	-304	
4963943	288	-736	16816	17.568	-44.896	1025.776	-240	
5043703	304	-704	16832	18.544	-42.944	1026.752	-240	
5123466	320	-704	16880	19.520	-42.944	1029.680	-224	
5203230	272	-704	16880	16.592	-42.944	1029.680	-224	
5282995	272	-720	16880	16.592	-43.920	1029.680	-208	
5362764	288	-704	16864	17.568	-42.944	1028.704	-224	
5442529	304	-720	16864	18.544	-43.920	1028.704	-256	
5522297	304	-720	16864	18.544	-43.920	1028.704	-240	
5602058	320	-688	16864	19.520	-41.968	1028.704	-272	
5681824	288	-736	16880	17.568	-44.896	1029.680	-176	
5761588	320	-704	16880	19.520	-42.944	1029.680	-224	
5841351	272	-736	16864	16.592	-44.896	1028.704	-224	
5921116	288	-768	16880	17.568	-46.848	1029.680	-208	
6000880	288	-720	16816	17.568	-43.920	1025.776	-288	
6080644	304	-688	16864	18.544	-41.968	1028.704	-256	
6160405	288	-672	16816	17.568	-40.992	1025.776	-256	
6240165	304	-720	16880	18.544	-43.920	1029.680	-240	
6319927	288	-720	16832	17.568	-43.920	1026.752	-208	
6399692	304	-688	16816	18.544	-41.968	1025.776	-256	
6479454	288	-688	16864	17.568	-41.968	1028.704	-240	
6559221	320	-752	16848	19.520	-45.872	1027.728	-208	
6638983	320	-720	16912	19.520	-43.920	1031.632	-208	
6718747	304	-688	16864	18.544	-41.968	1028.704	-256	
6798510	256	-768	16864	15.616	-46.848	1028.704	-192	
6878275	288	-704	16832	17.568	-42.944	1026.752	-224	
6958039	320	-720	16848	19.520	-43.920	1027.728	-240	
7037805	304	-688	16864	18.544	-41.968	1028.704	-256	
7117568	304	-736	16816	18.544	-44.896	1025.776	-288	
7197338	288	-736	16816	17.568	-44.896	1025.776	-160	
7277106	320	-720	16832	19.520	-43.920	1026.752	-240	
7356872	320	-688	16848	19.520	-41.968	1027.728	-240	
7436638	304	-720	16864	18.544	-43.920	1028.704	-224	
7516400	272	-688	16832	16.592	-41.968	1026.752	-272	
7596161	336	-720	16800	20.496	-43.920	1024.800	-256	
7675925	320	-704	16864	19.520	-42.944	1028.704	-240	
7755693	304	-736	16848	18.544	-44.896	1027.728	-224	
7835457	288	-736	16848	17.568	-44.896	1027.728	-224	
7915219	304	-736	16896	18.544	-44.896	1030.656	-256	
7994985	304	-704	16848	18.544	-42.944	1027.728	-256	
8074746	288	-704	16800	17.568	-42.944	1024.800	-224	
8154509	320	-704	16832	19.520	-42.944	1026.752	-208	
8234271	288	-752	16848	17.568	-45.872	1027.728	-208	
8314035	272	-720	16848	16.592	-43.920	1027.728	-192	
8393800	304	-752	16864	18.544	-45.872	1028.704	-240	
8473561	320	-672	16880	19.520	-40.992	1029.680	-240	
8553321	272	-720	16832	16.592	-43.920	1026.752	-224	
8633084	288	-736	16816	17.568	-44.896	1025.776	-272	
8712848	288	-688	16816	17.568	-41.968	1025.776	-192	
8792610	304	-688	16832	18.544	-41.968	1026.752	-224	
8872376	272	-752	16864	16.592	-45.872	1028.704	-192	
8952139	256	-736	16864	15.616	-44.896	1028.704	-224	
9031902	304	-704	16832	18.544	-42.944	1026.752	-256	
9111667	336	-688	16896	20.496	-41.968	1030.656	-272	
9191431	288	-688	16864	17.568	-41.968	1028.704	-240	
9271191	272	-736	16864	16.592	-44.896	1028.704	-240	
9350949	288	-736	16864	17.568	-44.896	1028.704	-224	
9430707	304	-720	16816	18.544	-43.920	1025.776	-208	
9510464	240	-720	16848	14.640	-43.920	1027.728	-224	
9590219	272	-768	16832	16.592	-46.848	1026.752	-224	
9669980	272	-752	16864	16.592	-45.872	1028.704	-224	
9749743	272	-736	16832	16.592	-44.896	1026.752	-240	
9829502	288	-704	16832	17.568	-42.944	1026.752	-192	
9909260	272	-672	16832	16.592	-40.992	1026.752	-208	
9989028	288	-720	16848	17.568	-43.920	1027.728	-240	
10068794	304	-752	16880	18.544	-45.872	1029.680	-192	
10148556	288	-720	16800	17.568	-43.920	1024.800	-288	
10228322	304	-736	16848	18.544	-44.896	1027.728	-208	
10308085	304	-752	16832	18.544	-45.872	1026.752	-240	
10387849	336	-736	16816	20.496	-44.896	1025.776	-240	
10467609	352	-736	16816	21.472	-44.896	1025.776	-240	
10547370	304	-704	16816	18.544	-42.944	1025.776	-256	
10627134	336	-720	16832	20.496	-43.920	1026.752	-256	
10706898	320	-688	16832	19.520	-41.968	1026.752	-256	
10786657	336	-720	16832	20.496	-43.920	1026.752	-224	
10866418	304	-720	16832	18.544	-43.920	1026.752	-192	
10946180	320	-736	16864	19.520	-44.896	1028.704	-192	
11025937	320	-736	16832	19.520	-44.896	1026.752	-256	
11105701	288	-704	16832	17.568	-42.944	1026.752	-256	
11185463	320	-736	16832	19.520	-44.896	1026.752	-224	
11265227	288	-720	16816	17.568	-43.920	1025.776	-256	
11344988	288	-720	16816	17.568	-43.920	1025.776	-192	
11424746	304	-688	16832	18.544	-41.968	1026.752	-208	
11504509	320	-704	16864	19.520	-42.944	1028.704	-224	
11584268	304	-704	16832	18.544	-42.944	1026.752	-224	
11664027	336	-752	16832	20.496	-45.872	1026.752	-288	
11743788	304	-688	16816	18.544	-41.968	1025.776	-224	
11823547	288	-720	16864	17.568	-43.920	1028.704	-272	
11903312	320	-672	16832	19.520	-40.992	1026.752	-240	
11983077	288	-736	16880	17.568	-44.896	1029.680	-208	
12062839	320	-736	16864	19.520	-44.896	1028.704	-272	
12142601	320	-704	16816	19.520	-42.944	1025.776	-272	
12222363	304	-736	16848	18.544	-44.896	1027.728	-240	
12302119	288	-736	16848	17.568	-44.896	1027.728	-224	
12381878	320	-736	16816	19.520	-44.896	1025.776	-224	
12461639	304	-752	16864	18.544	-45.872	1028.704	-160	
12541400	304	-704	16848	18.544	-42.944	1027.728	-256	
12621160	320	-720	16832	19.520	-43.920	1026.752	-288	
12700921	320	-704	16848	19.520	-42.944	1027.728	-240	
12780680	288	-704	16864	17.568	-42.944	1028.704	-288	
12860445	304	-704	16816	18.544	-42.944	1025.776	-160	
12940205	320	-656	16832	19.520	-40.016	1026.752	-256	
13019965	304	-736	16864	18.544	-44.896	1028.704	-208	
13099730	304	-736	16880	18.544	-44.896	1029.680	-208	
13179494	304	-704	16832	18.544	-42.944	1026.752	-256	
13259263	320	-752	16816	19.520	-45.872	1025.776	-256	
13339027	304	-736	16800	18.544	-44.896	1024.800	-256	
13418788	304	-736	16800	18.544	-44.896	1024.800	-224	
13498552	288	-736	16848	17.568	-44.896	1027.728	-240	
13578307	288	-704	16864	17.568	-42.944	1028.704	-240	
13658068	288	-784	16832	17.568	-47.824	1026.752	-256	
13737829	288	-704	16848	17.568	-42.944	1027.728	-256	
13817591	304	-736	16816	18.544	-44.896	1025.776	-224	
13897356	304	-752	16848	18.544	-45.872	1027.728	-256	
13977119	320	-704	16800	19.520	-42.944	1024.800	-160	
14056877	304	-688	16800	18.544	-41.968	1024.800	-256	
14136638	272	-720	16832	16.592	-43.920	1026.752	-208	
14216401	272	-720	16864	16.592	-43.920	1028.704	-208	
14296160	304	-704	16880	18.544	-42.944	1029.680	-256	
14375916	256	-720	16848	15.616	-43.920	1027.728	-224	
14455673	256	-688	16832	15.616	-41.968	1026.752	-240	
14535432	304	-704	16864	18.544	-42.944	1028.704	-256	
14615197	320	-720	16864	19.520	-43.920	1028.704	-224	
14694961	288	-688	16864	17.568	-41.968	1028.704	-288	
14774725	320	-704	16784	19.520	-42.944	1023.824	-256	
14854485	304	-736	16864	18.544	-44.896	1028.704	-256	
14934244	272	-752	16832	16.592	-45.872	1026.752	-256	
15014003	288	-720	16896	17.568	-43.920	1030.656	-224	
15093765	288	-672	16880	17.568	-40.992	1029.680	-240	
15173517	256	-720	16832	15.616	-43.920	1026.752	-208	
15253274	288	-720	16896	17.568	-43.920	1030.656	-272	
15333030	288	-736	16832	17.568	-44.896	1026.752	-240	
15412791	304	-704	16864	18.544	-42.944	1028.704	-256	
15492549	256	-672	16816	15.616	-40.992	1025.776	-160	
15572312	304	-704	16864	18.544	-42.944	1028.704	-272	
15652073	272	-704	16912	16.592	-42.944	1031.632	-256	
15731840	304	-704	16880	18.544	-42.944	1029.680	-240	
15811604	288	-704	16864	17.568	-42.944	1028.704	-288	
15891368	320	-736	16880	19.520	-44.896	1029.680	-208	
15971129	256	-736	16864	15.616	-44.896	1028.704	-272	
16050891	288	-736	16832	17.568	-44.896	1026.752	-256	
16130656	304	-688	16864	18.544	-41.968	1028.704	-224	
16210420	272	-704	16832	16.592	-42.944	1026.752	-288	
16290184	336	-704	16800	20.496	-42.944	1024.800	-240	
16369946	256	-704	16864	15.616	-42.944	1028.704	-240	
16449708	288	-720	16800	17.568	-43.920	1024.800	-224	
16529467	304	-720	16832	18.544	-43.920	1026.752	-192	
16609229	320	-720	16864	19.520	-43.920	1028.704	-208	
16688994	368	-720	16864	22.448	-43.920	1028.704	-224	
16768755	288	-720	16864	17.568	-43.920	1028.704	-240	
16848518	320	-704	16880	19.520	-42.944	1029.680	-224	
16928280	288	-720	16864	17.568	-43.920	1028.704	-256	
17008043	336	-736	16832	20.496	-44.896	1026.752	-176	
17087804	272	-720	16880	16.592	-43.920	1029.680	-256	
17167567	304	-720	16880	18.544	-43.920	1029.680	-208	
17247330	304	-688	16848	18.544	-41.968	1027.728	-256	
17327093	304	-720	16880	18.544	-43.920	1029.680	-304	
17406858	272	-720	16832	16.592	-43.920	1026.752	-240	
17486618	288	-720	16896	17.568	-43.920	1030.656	-240	
17566378	304	-720	16864	18.544	-43.920	1028.704	-256	
17646142	288	-720	16864	17.568	-43.920	1028.704	-224	
17725905	288	-688	16816	17.568	-41.968	1025.776	-240	
17805665	304	-720	16832	18.544	-43.920	1026.752	-256	
17885435	256	-704	16864	15.616	-42.944	1028.704	-256	
17965196	304	-720	16800	18.544	-43.920	1024.800	-240	
18044955	272	-768	16816	16.592	-46.848	1025.776	-224	
18124720	320	-720	16848	19.520	-43.920	1027.728	-192	
18204484	304	-720	16880	18.544	-43.920	1029.680	-288	
18284250	256	-720	16832	15.616	-43.920	1026.752	-256	
18364015	320	-688	16816	19.520	-41.968	1025.776	-240	
18443778	272	-736	16864	16.592	-44.896	1028.704	-288	
18523541	304	-720	16864	18.544	-43.920	1028.704	-192	
18603305	272	-720	16880	16.592	-43.920	1029.680	-272	
18683065	288	-720	16848	17.568	-43.920	1027.728	-224	
18762827	256	-752	16880	15.616	-45.872	1029.680	-240	
18842590	304	-720	16832	18.544	-43.920	1026.752	-304	
18922349	336	-704	16864	20.496	-42.944	1028.704	-256	
19002111	320	-688	16832	19.520	-41.968	1026.752	-224	
19081875	304	-704	16880	18.544	-42.944	1029.680	-224	
19161636	320	-752	16896	19.520	-45.872	1030.656	-192	
19241399	272	-704	16832	16.592	-42.944	1026.752	-208	
19321164	272	-720	16800	16.592	-43.920	1024.800	-240	
19400924	304	-736	16864	18.544	-44.896	1028.704	-256	
19480688	288	-720	16864	17.568	-43.920	1028.704	-240	
19560450	320	-704	16832	19.520	-42.944	1026.752	-240	
19640216	304	-688	16880	18.544	-41.968	1029.680	-208	
19719979	320	-704	16832	19.520	-42.944	1026.752	-208	
19799740	304	-736	16848	18.544	-44.896	1027.728	-240	
19879504	304	-720	16800	18.544	-43.920	1024.800	-224	
19959267	272	-736	16832	16.592	-44.896	1026.752	-256	
20039029	320	-736	16800	19.520	-44.896	1024.800	-240	
20118787	272	-720	16832	16.592	-43.920	1026.752	-240	
20198546	240	-736	16832	14.640	-44.896	1026.752	-240	
20278307	272	-720	16864	16.592	-43.920	1028.704	-272	
20358071	304	-736	16896	18.544	-44.896	1030.656	-288	
20437835	304	-704	16864	18.544	-42.944	1028.704	-240	
20517598	320	-720	16832	19.520	-43.920	1026.752	-256	
20597356	272	-672	16832	16.592	-40.992	1026.752	-240	
20677116	272	-704	16832	16.592	-42.944	1026.752	-240	
20756881	304	-704	16832	18.544	-42.944	1026.752	-208	
20836639	288	-720	16832	17.568	-43.920	1026.752	-256	
20916403	288	-736	16864	17.568	-44.896	1028.704	-272	
20996163	272	-720	16880	16.592	-43.920	1029.680	-240	
21075925	272	-672	16848	16.592	-40.992	1027.728	-272	
21155684	336	-720	16848	20.496	-43.920	1027.728	-192	
21235441	288	-720	16832	17.568	-43.920	1026.752	-256	
21315204	256	-736	16832	15.616	-44.896	1026.752	-240	
21394967	304	-736	16864	18.544	-44.896	1028.704	-256	
21474731	288	-736	16848	17.568	-44.896	1027.728	-320	
21554493	288	-704	16864	17.568	-42.944	1028.704	-224	
21634252	256	-736	16864	15.616	-44.896	1028.704	-240	
21714019	272	-752	16864	16.592	-45.872	1028.704	-272	
21793784	304	-736	16848	18.544	-44.896	1027.728	-224	
21873550	288	-688	16848	17.568	-41.968	1027.728	-304	
21953311	320	-704	16896	19.520	-42.944	1030.656	-240	
22033077	304	-736	16928	18.544	-44.896	1032.608	-240	
22112840	304	-720	16832	18.544	-43.920	1026.752	-240	
22192604	288	-736	16864	17.568	-44.896	1028.704	-240	
22272366	320	-736	16800	19.520	-44.896	1024.800	-208	
22352128	288	-720	16864	17.568	-43.920	1028.704	-224	
22431892	256	-704	16880	15.616	-42.944	1029.680	-272	
22511657	288	-736	16832	17.568	-44.896	1026.752	-272	
22591422	304	-688	16864	18.544	-41.968	1028.704	-256	
22671186	304	-704	16864	18.544	-42.944	1028.704	-208	
22750950	320	-720	16832	19.520	-43.920	1026.752	-272	
22830713	272	-704	16848	16.592	-42.944	1027.728	-208	
22910474	272	-720	16864	16.592	-43.920	1028.704	-272	
22990239	272	-768	16880	16.592	-46.848	1029.680	-320	
23070003	256	-704	16864	15.616	-42.944	1028.704	-240	
23149765	304	-720	16864	18.544	-43.920	1028.704	-224	
23229524	272	-704	16864	16.592	-42.944	1028.704	-240	
23309287	256	-736	16880	15.616	-44.896	1029.680	-224	
23389048	272	-720	16848	16.592	-43.920	1027.728	-256	
23468807	304	-704	16832	18.544	-42.944	1026.752	-224	
23548567	320	-704	16848	19.520	-42.944	1027.728	-224	
23628330	272	-720	16880	16.592	-43.920	1029.680	-240	
23708088	304	-704	16816	18.544	-42.944	1025.776	-240	
23787845	304	-704	16800	18.544	-42.944	1024.800	-176	
23867604	288	-688	16832	17.568	-41.968	1026.752	-256	
23947366	288	-672	16864	17.568	-40.992	1028.704	-224	
24027128	304	-736	16848	18.544	-44.896	1027.728	-224	
24106891	256	-752	16896	15.616	-45.872	1030.656	-240	
24186648	336	-736	16848	20.496	-44.896	1027.728	-224	
24266406	320	-704	16864	19.520	-42.944	1028.704	-224	
24346168	272	-672	16880	16.592	-40.992	1029.680	-240	
24425931	304	-720	16864	18.544	-43.920	1028.704	-224	
24505695	304	-672	16832	18.544	-40.992	1026.752	-272	
24585458	256	-720	16896	15.616	-43.920	1030.656	-240	
24665219	288	-704	16864	17.568	-42.944	1028.704	-256	
24744980	272	-768	16848	16.592	-46.848	1027.728	-224	
24824741	336	-704	16864	20.496	-42.944	1028.704	-208	
24904503	288	-704	16832	17.568	-42.944	1026.752	-208	
24984266	320	-736	16880	19.520	-44.896	1029.680	-256	
25064029	256	-672	16880	15.616	-40.992	1029.680	-256	
25143792	272	-704	16864	16.592	-42.944	1028.704	-224	
25223556	288	-688	16880	17.568	-41.968	1029.680	-256	
25303319	288	-720	16864	17.568	-43.920	1028.704	-192	
25383084	304	-720	16816	18.544	-43.920	1025.776	-240	
25462844	256	-704	16832	15.616	-42.944	1026.752	-256	
25542609	288	-736	16816	17.568	-44.896	1025.776	-256	
25622375	272	-672	16880	16.592	-40.992	1029.680	-256	
25702141	272	-720	16848	16.592	-43.920	1027.728	-224	
25781905	256	-720	16848	15.616	-43.920	1027.728	-240	
25861674	304	-688	16880	18.544	-41.968	1029.680	-240	
25941441	320	-720	16816	19.520	-43.920	1025.776	-176	
26021211	256	-768	16848	15.616	-46.848	1027.728	-288	
26100974	304	-720	16864	18.544	-43.920	1028.704	-256	
26180742	272	-704	16848	16.592	-42.944	1027.728	-256	
26260509	272	-752	16848	16.592	-45.872	1027.728	-224	
26340281	288	-672	16880	17.568	-40.992	1029.680	-240	
26420044	272	-752	16848	16.592	-45.872	1027.728	-144	
26499807	288	-704	16816	17.568	-42.944	1025.776	-208	
26579573	272	-720	16816	16.592	-43.920	1025.776	-224	
26659335	304	-752	16880	18.544	-45.872	1029.680	-192	
26739094	272	-704	16816	16.592	-42.944	1025.776	-288	
26818854	288	-720	16848	17.568	-43.920	1027.728	-160	
26898614	256	-672	16832	15.616	-40.992	1026.752	-224	
26978375	352	-688	16832	21.472	-41.968	1026.752	-240	
27058137	304	-704	16864	18.544	-42.944	1028.704	-192	
27137900	336	-672	16880	20.496	-40.992	1029.680	-256	
27217670	288	-720	16880	17.568	-43.920	1029.680	-224	
27297436	320	-688	16880	19.520	-41.968	1029.680	-256	
27377199	272	-736	16816	16.592	-44.896	1025.776	-240	
27456961	256	-736	16880	15.616	-44.896	1029.680	-224	
27536723	320	-720	16864	19.520	-43.920	1028.704	-256	
27616487	288	-704	16848	17.568	-42.944	1027.728	-224	
27696255	272	-720	16832	16.592	-43.920	1026.752	-256	
27776018	288	-736	16848	17.568	-44.896	1027.728	-224	
27855787	256	-752	16832	15.616	-45.872	1026.752	-224	
27935546	272	-704	16864	16.592	-42.944	1028.704	-176	
28015312	304	-720	16832	18.544	-43.920	1026.752	-224	
28095080	288	-720	16864	17.568	-43.920	1028.704	-208	
28174849	288	-672	16848	17.568	-40.992	1027.728	-192	
28254623	288	-768	16816	17.568	-46.848	1025.776	-288	
28334387	304	-704	16832	18.544	-42.944	1026.752	-192	
28414149	272	-736	16848	16.592	-44.896	1027.728	-224	
28493915	304	-656	16864	18.544	-40.016	1028.704	-256	
28573679	304	-752	16864	18.544	-45.872	1028.704	-224	
28653440	304	-752	16832	18.544	-45.872	1026.752	-272	
28733203	336	-768	16848	20.496	-46.848	1027.728	-240	
28812965	336	-688	16816	20.496	-41.968	1025.776	-272	
28892729	288	-736	16848	17.568	-44.896	1027.728	-224	
28972490	256	-720	16864	15.616	-43.920	1028.704	-240	
29052250	288	-704	16864	17.568	-42.944	1028.704	-192	
29132011	272	-720	16864	16.592	-43.920	1028.704	-272	
29211775	304	-688	16832	18.544	-41.968	1026.752	-240	
29291538	304	-736	16832	18.544	-44.896	1026.752	-224	
29371304	272	-736	16864	16.592	-44.896	1028.704	-256	
29451069	304	-736	16864	18.544	-44.896	1028.704	-208	
29530831	304	-736	16848	18.544	-44.896	1027.728	-288	
29610596	256	-704	16864	15.616	-42.944	1028.704	-224	
29690354	320	-688	16864	19.520	-41.968	1028.704	-224	
29770118	336	-720	16928	20.496	-43.920	1032.608	-304	
29849889	352	-736	16848	21.472	-44.896	1027.728	-272	
29929656	272	-688	16896	16.592	-41.968	1030.656	-240	
30009423	304	-720	16832	18.544	-43.920	1026.752	-224	
30089188	320	-704	16816	19.520	-42.944	1025.776	-208	
30168954	256	-736	16864	15.616	-44.896	1028.704	-256	
30248715	304	-672	16800	18.544	-40.992	1024.800	-272	
30328479	304	-672	16848	18.544	-40.992	1027.728	-256	
30408246	288	-688	16896	17.568	-41.968	1030.656	-240	
30488007	288	-736	16880	17.568	-44.896	1029.680	-208	
30567772	256	-704	16832	15.616	-42.944	1026.752	-192	
30647540	288	-704	16848	17.568	-42.944	1027.728	-224	
30727304	320	-688	16864	19.520	-41.968	1028.704	-256	
30807071	288	-688	16864	17.568	-41.968	1028.704	-208	
30886840	288	-704	16864	17.568	-42.944	1028.704	-256	
30966611	256	-688	16864	15.616	-41.968	1028.704	-192	
31046381	320	-720	16864	19.520	-43.920	1028.704	-272	
31126148	304	-736	16864	18.544	-44.896	1028.704	-224	
31205910	272	-736	16864	16.592	-44.896	1028.704	-208	
31285677	272	-704	16864	16.592	-42.944	1028.704	-304	
31365444	272	-720	16832	16.592	-43.920	1026.752	-224	
31445212	272	-720	16816	16.592	-43.920	1025.776	-224	
31524982	272	-688	16800	16.592	-41.968	1024.800	-208	
31604751	288	-720	16880	17.568	-43.920	1029.680	-240	
31684514	272	-704	16880	16.592	-42.944	1029.680	-160	
31764284	304	-704	16848	18.544	-42.944	1027.728	-208	
31844051	304	-720	16848	18.544	-43.920	1027.728	-240	
31923818	304	-704	16832	18.544	-42.944	1026.752	-224	
32003585	288	-704	16848	17.568	-42.944	1027.728	-288	
32083355	304	-720	16832	18.544	-43.920	1026.752	-176	
32163120	288	-704	16848	17.568	-42.944	1027.728	-240	
32242885	304	-704	16864	18.544	-42.944	1028.704	-224	
32322650	288	-672	16832	17.568	-40.992	1026.752	-224	
32402418	224	-704	16880	13.664	-42.944	1029.680	-304	
32482186	288	-704	16816	17.568	-42.944	1025.776	-208	
32561959	320	-752	16832	19.520	-45.872	1026.752	-272	
32641729	304	-720	16832	18.544	-43.920	1026.752	-208	
32721499	304	-704	16864	18.544	-42.944	1028.704	-208	
32801272	304	-672	16864	18.544	-40.992	1028.704	-304	
32881045	304	-720	16864	18.544	-43.920	1028.704	-240	
32960814	272	-720	16832	16.592	-43.920	1026.752	-256	
33040583	256	-720	16848	15.616	-43.920	1027.728	-208	
33120354	288	-688	16928	17.568	-41.968	1032.608	-240	
33200125	272	-720	16864	16.592	-43.920	1028.704	-192	
33279900	320	-688	16864	19.520	-41.968	1028.704	-256	
33359673	288	-688	16880	17.568	-41.968	1029.680	-240	
33439446	288	-720	16848	17.568	-43.920	1027.728	-224	
33519217	320	-736	16880	19.520	-44.896	1029.680	-240	
33598988	320	-720	16816	19.520	-43.920	1025.776	-208	
33678759	256	-672	16816	15.616	-40.992	1025.776	-240	
33758529	320	-736	16848	19.520	-44.896	1027.728	-240	
33838295	272	-704	16816	16.592	-42.944	1025.776	-192	
33918058	304	-656	16832	18.544	-40.016	1026.752	-288	
33997821	272	-688	16816	16.592	-41.968	1025.776	-224	
34077587	336	-704	16800	20.496	-42.944	1024.800	-240	
34157354	304	-736	16864	18.544	-44.896	1028.704	-256	
34237117	304	-720	16864	18.544	-43.920	1028.704	-192	
34316879	256	-720	16832	15.616	-43.920	1026.752	-240	
34396642	272	-672	16832	16.592	-40.992	1026.752	-256	
34476411	272	-672	16832	16.592	-40.992	1026.752	-240	
34556176	288	-736	16864	17.568	-44.896	1028.704	-224	
34635942	272	-720	16864	16.592	-43.920	1028.704	-240	
34715714	272	-752	16880	16.592	-45.872	1029.680	-176	
34795483	288	-672	16848	17.568	-40.992	1027.728	-256	
34875244	272	-704	16832	16.592	-42.944	1026.752	-256	
34955009	304	-752	16832	18.544	-45.872	1026.752	-208	
35034772	288	-752	16864	17.568	-45.872	1028.704	-320	
35114532	272	-720	16832	16.592	-43.920	1026.752	-240	
35194293	240	-704	16864	14.640	-42.944	1028.704	-256	
35274057	288	-720	16768	17.568	-43.920	1022.848	-224	
35353821	304	-704	16880	18.544	-42.944	1029.680	-224	
35433589	304	-720	16880	18.544	-43.920	1029.680	-288	
35513353	320	-704	16832	19.520	-42.944	1026.752	-224	
35593118	288	-688	16832	17.568	-41.968	1026.752	-256	
35672884	336	-672	16880	20.496	-40.992	1029.680	-224	
35752656	272	-688	16848	16.592	-41.968	1027.728	-208	
35832423	288	-736	16848	17.568	-44.896	1027.728	-208	
35912189	336	-736	16832	20.496	-44.896	1026.752	-224	
35991951	272	-704	16864	16.592	-42.944	1028.704	-224	
36071721	288	-704	16832	17.568	-42.944	1026.752	-240	
36151487	320	-736	16832	19.520	-44.896	1026.752	-256	
36231251	288	-736	16864	17.568	-44.896	1028.704	-176	
36311009	272	-704	16816	16.592	-42.944	1025.776	-240	
36390774	288	-720	16832	17.568	-43.920	1026.752	-224	
36470538	240	-720	16864	14.640	-43.920	1028.704	-256	
36550301	304	-720	16864	18.544	-43.920	1028.704	-304	
36630063	256	-704	16848	15.616	-42.944	1027.728	-240	
36709829	304	-720	16832	18.544	-43.920	1026.752	-240	
36789591	288	-688	16832	17.568	-41.968	1026.752	-256	
36869355	272	-704	16864	16.592	-42.944	1028.704	-240	
36949117	272	-736	16864	16.592	-44.896	1028.704	-256	
37028879	272	-688	16832	16.592	-41.968	1026.752	-224	
37108640	304	-704	16800	18.544	-42.944	1024.800	-256	
37188402	304	-736	16832	18.544	-44.896	1026.752	-208	
37268167	288	-752	16864	17.568	-45.872	1028.704	-256	
37347940	272	-704	16800	16.592	-42.944	1024.800	-192	
37427705	256	-672	16816	15.616	-40.992	1025.776	-256	
37507468	320	-720	16864	19.520	-43.920	1028.704	-272	
37587233	304	-752	16864	18.544	-45.872	1028.704	-192	
37666994	256	-720	16880	15.616	-43.920	1029.680	-272	
37746757	320	-704	16864	19.520	-42.944	1028.704	-176	
37826520	320	-752	16848	19.520	-45.872	1027.728	-240	
37906282	320	-720	16848	19.520	-43.920	1027.728	-256	
37986049	288	-736	16896	17.568	-44.896	1030.656	-240	
38065814	304	-704	16864	18.544	-42.944	1028.704	-288	
38145577	288	-672	16832	17.568	-40.992	1026.752	-240	
38225342	336	-704	16832	20.496	-42.944	1026.752	-256	
38305101	304	-688	16848	18.544	-41.968	1027.728	-208	
38384863	272	-768	16848	16.592	-46.848	1027.728	-224	
38464627	304	-704	16832	18.544	-42.944	1026.752	-208	
38544391	256	-704	16832	15.616	-42.944	1026.752	-240	
38624156	256	-720	16816	15.616	-43.920	1025.776	-240	
38703920	272	-752	16896	16.592	-45.872	1030.656	-240	
38783682	320	-752	16880	19.520	-45.872	1029.680	-240	
38863445	304	-704	16864	18.544	-42.944	1028.704	-192	
38943202	272	-688	16832	16.592	-41.968	1026.752	-256	
39022961	304	-736	16864	18.544	-44.896	1028.704	-208	
39102724	272	-720	16864	16.592	-43.920	1028.704	-224	
39182484	272	-704	16912	16.592	-42.944	1031.632	-272	
39262246	256	-656	16864	15.616	-40.016	1028.704	-256	
39342006	304	-720	16880	18.544	-43.920	1029.680	-272	
39421762	320	-688	16848	19.520	-41.968	1027.728	-240	
39501524	320	-736	16864	19.520	-44.896	1028.704	-224	
39581286	304	-736	16864	18.544	-44.896	1028.704	-272	
39661046	304	-704	16848	18.544	-42.944	1027.728	-256	
39740809	304	-704	16864	18.544	-42.944	1028.704	-208	
39820573	256	-704	16832	15.616	-42.944	1026.752	-208	
39900337	336	-736	16896	20.496	-44.896	1030.656	-208	
39980102	304	-656	16816	18.544	-40.016	1025.776	-192	
40059861	304	-672	16864	18.544	-40.992	1028.704	-224	
40139625	288	-704	16864	17.568	-42.944	1028.704	-224	
40219385	288	-736	16832	17.568	-44.896	1026.752	-256	
40299146	240	-704	16816	14.640	-42.944	1025.776	-272	
40378905	256	-720	16848	15.616	-43.920	1027.728	-176	
40458669	288	-704	16880	17.568	-42.944	1029.680	-256	
40538436	288	-704	16864	17.568	-42.944	1028.704	-272	
40618201	304	-704	16864	18.544	-42.944	1028.704	-224	
40697964	272	-688	16864	16.592	-41.968	1028.704	-240	
40777729	288	-752	16864	17.568	-45.872	1028.704	-240	
40857491	272	-720	16896	16.592	-43.920	1030.656	-256	
40937255	304	-704	16880	18.544	-42.944	1029.680	-208	
41017020	256	-720	16896	15.616	-43.920	1030.656	-224	
41096788	288	-720	16864	17.568	-43.920	1028.704	-224	
41176554	272	-720	16864	16.592	-43.920	1028.704	-256	
41256319	288	-752	16880	17.568	-45.872	1029.680	-224	
41336083	288	-720	16864	17.568	-43.920	1028.704	-224	
41415843	272	-704	16864	16.592	-42.944	1028.704	-272	
41495603	304	-688	16832	18.544	-41.968	1026.752	-192	
41575364	272	-720	16800	16.592	-43.920	1024.800	-256	
41655126	272	-736	16864	16.592	-44.896	1028.704	-224	
41734889	288	-752	16832	17.568	-45.872	1026.752	-240	
41814650	272	-720	16864	16.592	-43.920	1028.704	-288	
41894416	272	-688	16864	16.592	-41.968	1028.704	-224	
41974177	320	-720	16832	19.520	-43.920	1026.752	-272	
42053943	336	-688	16864	20.496	-41.968	1028.704	-240	
42133710	272	-720	16896	16.592	-43.920	1030.656	-208	
42213474	304	-736	16880	18.544	-44.896	1029.680	-288	
42293233	352	-720	16880	21.472	-43.920	1029.680	-240	
42372997	304	-720	16864	18.544	-43.920	1028.704	-192	
42452763	320	-704	16896	19.520	-42.944	1030.656	-224	
42532526	288	-704	16880	17.568	-42.944	1029.680	-240	
42612287	272	-720	16864	16.592	-43.920	1028.704	-224	
42692050	320	-688	16896	19.520	-41.968	1030.656	-256	
42771814	288	-736	16832	17.568	-44.896	1026.752	-256	
42851582	288	-720	16880	17.568	-43.920	1029.680	-256	
42931350	272	-752	16864	16.592	-45.872	1028.704	-272	
43011113	272	-704	16816	16.592	-42.944	1025.776	-176	
43090876	288	-688	16864	17.568	-41.968	1028.704	-256	
43170640	288	-688	16848	17.568	-41.968	1027.728	-240	
43250403	304	-704	16832	18.544	-42.944	1026.752	-240	
43330166	240	-688	16880	14.640	-41.968	1029.680	-304	
43409929	272	-752	16880	16.592	-45.872	1029.680	-256	
43489691	256	-736	16864	15.616	-44.896	1028.704	-256	
43569459	288	-720	16864	17.568	-43.920	1028.704	-224	
43649226	272	-736	16864	16.592	-44.896	1028.704	-208	
43728986	272	-720	16864	16.592	-43.920	1028.704	-240	
43808748	304	-704	16848	18.544	-42.944	1027.728	-240	
43888508	304	-704	16880	18.544	-42.944	1029.680	-240	
43968269	288	-720	16896	17.568	-43.920	1030.656	-240	
44048029	272	-752	16880	16.592	-45.872	1029.680	-208	
44127796	304	-752	16880	18.544	-45.872	1029.680	-160	
44207561	288	-736	16864	17.568	-44.896	1028.704	-256	
44287325	304	-736	16848	18.544	-44.896	1027.728	-240	
44367088	304	-752	16928	18.544	-45.872	1032.608	-240	
44446850	320	-688	16816	19.520	-41.968	1025.776	-256	
44526616	288	-720	16864	17.568	-43.920	1028.704	-224	
44606384	272	-736	16832	16.592	-44.896	1026.752	-272	
44686148	288	-704	16864	17.568	-42.944	1028.704	-240	
44765910	272	-704	16832	16.592	-42.944	1026.752	-256	
44845677	256	-720	16832	15.616	-43.920	1026.752	-256	
44925443	288	-688	16864	17.568	-41.968	1028.704	-256	
45005205	272	-688	16864	16.592	-41.968	1028.704	-272	
45084974	272	-688	16816	16.592	-41.968	1025.776	-256	
45164741	304	-752	16880	18.544	-45.872	1029.680	-224	
45244508	256	-704	16784	15.616	-42.944	1023.824	-192	
45324274	288	-736	16864	17.568	-44.896	1028.704	-240	
45404038	304	-688	16880	18.544	-41.968	1029.680	-240	
45483804	304	-704	16848	18.544	-42.944	1027.728	-240	
45563567	272	-720	16848	16.592	-43.920	1027.728	-256	
45643335	256	-704	16832	15.616	-42.944	1026.752	-176	
45723103	304	-720	16832	18.544	-43.920	1026.752	-256	
45802869	288	-720	16832	17.568	-43.920	1026.752	-224	
45882635	240	-688	16832	14.640	-41.968	1026.752	-240	
45962402	304	-720	16864	18.544	-43.920	1028.704	-288	
46042164	240	-704	16864	14.640	-42.944	1028.704	-224	
46121928	320	-688	16864	19.520	-41.968	1028.704	-256	
46201687	304	-720	16864	18.544	-43.920	1028.704	-208	
46281455	304	-752	16880	18.544	-45.872	1029.680	-240	
46361216	272	-720	16912	16.592	-43.920	1031.632	-272	
46440979	256	-704	16816	15.616	-42.944	1025.776	-256	
46520744	288	-688	16864	17.568	-41.968	1028.704	-272	
46600507	288	-720	16864	17.568	-43.920	1028.704	-272	
46680274	320	-752	16848	19.520	-45.872	1027.728	-208	
46760047	288	-688	16816	17.568	-41.968	1025.776	-192	
46839814	288	-672	16896	17.568	-40.992	1030.656	-240	
46919581	272	-736	16832	16.592	-44.896	1026.752	-272	
46999350	288	-752	16880	17.568	-45.872	1029.680	-256	
47079117	352	-752	16912	21.472	-45.872	1031.632	-288	
47158885	304	-736	16848	18.544	-44.896	1027.728	-192	
47238651	272	-752	16848	16.592	-45.872	1027.728	-240	
47318421	320	-752	16832	19.520	-45.872	1026.752	-224	
47398186	272	-704	16832	16.592	-42.944	1026.752	-256	
47477953	288	-704	16864	17.568	-42.944	1028.704	-272	
47557723	256	-704	16816	15.616	-42.944	1025.776	-224	
47637486	256	-704	16848	15.616	-42.944	1027.728	-240	
47717252	304	-688	16912	18.544	-41.968	1031.632	-224	
47797017	304	-704	16864	18.544	-42.944	1028.704	-240	
47876786	304	-752	16880	18.544	-45.872	1029.680	-224	
47956556	288	-688	16848	17.568	-41.968	1027.728	-208	
48036324	288	-688	16848	17.568	-41.968	1027.728	-272	
48116088	320	-688	16880	19.520	-41.968	1029.680	-240	
48195859	336	-720	16864	20.496	-43.920	1028.704	-240	
48275628	272	-688	16864	16.592	-41.968	1028.704	-160	
48355394	272	-736	16832	16.592	-44.896	1026.752	-208	
48435160	288	-736	16848	17.568	-44.896	1027.728	-272	
48514930	256	-736	16896	15.616	-44.896	1030.656	-224	
48594697	336	-720	16864	20.496	-43.920	1028.704	-288	
48674462	272	-688	16816	16.592	-41.968	1025.776	-160	
48754230	256	-704	16832	15.616	-42.944	1026.752	-256	
48833993	288	-688	16864	17.568	-41.968	1028.704	-240	
48913758	272	-704	16864	16.592	-42.944	1028.704	-224	
48993523	288	-672	16832	17.568	-40.992	1026.752	-288	
49073289	304	-720	16832	18.544	-43.920	1026.752	-224	
49153056	240	-720	16880	14.640	-43.920	1029.680	-256	
49232824	304	-704	16928	18.544	-42.944	1032.608	-240	
49312588	288	-704	16880	17.568	-42.944	1029.680	-192	
49392354	288	-720	16880	17.568	-43.920	1029.680	-192	
49472122	256	-704	16880	15.616	-42.944	1029.680	-256	
49551886	272	-752	16864	16.592	-45.872	1028.704	-240	
49631651	256	-720	16864	15.616	-43.920	1028.704	-240	
49711415	288	-720	16848	17.568	-43.920	1027.728	-256	
49791180	272	-688	16880	16.592	-41.968	1029.680	-160	
49870946	272	-704	16816	16.592	-42.944	1025.776	-240	
49950715	288	-704	16864	17.568	-42.944	1028.704	-240	
50030481	304	-720	16864	18.544	-43.920	1028.704	-224	
50110245	288	-688	16816	17.568	-41.968	1025.776	-272	
50190012	272	-704	16880	16.592	-42.944	1029.680	-224	
50269773	288	-688	16864	17.568	-41.968	1028.704	-240	
50349536	288	-704	16832	17.568	-42.944	1026.752	-240	
50429300	304	-736	16880	18.544	-44.896	1029.680	-240	
50509063	336	-720	16816	20.496	-43.920	1025.776	-240	
50588825	320	-704	16800	19.520	-42.944	1024.800	-256	
50668586	320	-704	16832	19.520	-42.944	1026.752	-224	
50748349	272	-768	16896	16.592	-46.848	1030.656	-256	
50828115	288	-688	16896	17.568	-41.968	1030.656	-240	
50907880	304	-752	16832	18.544	-45.872	1026.752	-192	
50987647	224	-720	16864	13.664	-43.920	1028.704	-272	
51067415	304	-720	16864	18.544	-43.920	1028.704	-256	
51147178	240	-784	16864	14.640	-47.824	1028.704	-240	
51226941	288	-704	16880	17.568	-42.944	1029.680	-272	
51306703	288	-720	16816	17.568	-43.920	1025.776	-192	
51386472	272	-720	16832	16.592	-43.920	1026.752	-240	
51466237	288	-752	16864	17.568	-45.872	1028.704	-176	
51545997	256	-720	16864	15.616	-43.920	1028.704	-224	
51625761	304	-704	16848	18.544	-42.944	1027.728	-304	
51705525	288	-704	16832	17.568	-42.944	1026.752	-240	
51785290	304	-752	16864	18.544	-45.872	1028.704	-224	
51865055	256	-704	16864	15.616	-42.944	1028.704	-240	
51944817	288	-704	16848	17.568	-42.944	1027.728	-240	
52024582	320	-688	16848	19.520	-41.968	1027.728	-208	
52104350	288	-704	16864	17.568	-42.944	1028.704	-256	
52184114	256	-672	16864	15.616	-40.992	1028.704	-256	
52263877	272	-720	16864	16.592	-43.920	1028.704	-240	
52343642	288	-736	16864	17.568	-44.896	1028.704	-240	
52423404	288	-656	16864	17.568	-40.016	1028.704	-176	
52503168	304	-720	16832	18.544	-43.920	1026.752	-208	
52582931	304	-704	16848	18.544	-42.944	1027.728	-240	
52662698	272	-752	16832	16.592	-45.872	1026.752	-240	
52742460	256	-720	16848	15.616	-43.920	1027.728	-272	
52822225	256	-720	16864	15.616	-43.920	1028.704	-224	
52901991	272	-704	16880	16.592	-42.944	1029.680	-256	
52981760	272	-704	16880	16.592	-42.944	1029.680	-256	
53061527	320	-720	16864	19.520	-43.920	1028.704	-208	
53141292	288	-704	16832	17.568	-42.944	1026.752	-288	
53221055	304	-736	16864	18.544	-44.896	1028.704	-240	
53300816	272	-704	16832	16.592	-42.944	1026.752	-240	
53380582	272	-704	16864	16.592	-42.944	1028.704	-240	
53460346	304	-736	16880	18.544	-44.896	1029.680	-224	
53540111	320	-704	16800	19.520	-42.944	1024.800	-176	
53619878	336	-688	16864	20.496	-41.968	1028.704	-256	
53699645	288	-736	16816	17.568	-44.896	1025.776	-256	
53779410	288	-704	16864	17.568	-42.944	1028.704	-256	
53859179	272	-736	16816	16.592	-44.896	1025.776	-272	
53938942	272	-720	16864	16.592	-43.920	1028.704	-224	
54018706	304	-704	16896	18.544	-42.944	1030.656	-240	
54098472	256	-704	16864	15.616	-42.944	1028.704	-208	
54178235	272	-736	16896	16.592	-44.896	1030.656	-256	
54257990	288	-720	16912	17.568	-43.920	1031.632	-288	
54337756	288	-720	16848	17.568	-43.920	1027.728	-288	
54417520	256	-720	16880	15.616	-43.920	1029.680	-240	
54497286	304	-736	16848	18.544	-44.896	1027.728	-224	
54577048	256	-704	16864	15.616	-42.944	1028.704	-208	
54656811	288	-720	16864	17.568	-43.920	1028.704	-240	
54736573	320	-704	16864	19.520	-42.944	1028.704	-240	
54816332	320	-704	16864	19.520	-42.944	1028.704	-256	
54896089	288	-736	16880	17.568	-44.896	1029.680	-224	
54975849	272	-704	16896	16.592	-42.944	1030.656	-240	
55055616	240	-720	16848	14.640	-43.920	1027.728	-176	
55135387	288	-720	16864	17.568	-43.920	1028.704	-224	
55215152	272	-688	16896	16.592	-41.968	1030.656	-240	
55294916	288	-720	16832	17.568	-43.920	1026.752	-240	
55374677	320	-752	16896	19.520	-45.872	1030.656	-288	
55454436	320	-720	16848	19.520	-43.920	1027.728	-240	
55534202	288	-704	16832	17.568	-42.944	1026.752	-224	
55613970	304	-736	16832	18.544	-44.896	1026.752	-224	
55693737	304	-736	16848	18.544	-44.896	1027.728	-192	
55773503	272	-704	16896	16.592	-42.944	1030.656	-272	
55853270	320	-720	16896	19.520	-43.920	1030.656	-224	
55933034	304	-688	16864	18.544	-41.968	1028.704	-288	
56012800	272	-720	16848	16.592	-43.920	1027.728	-240	
56092567	272	-672	16832	16.592	-40.992	1026.752	-224	
56172333	272	-656	16864	16.592	-40.016	1028.704	-192	
56252097	272	-672	16880	16.592	-40.992	1029.680	-256	
56331862	320	-768	16832	19.520	-46.848	1026.752	-240	
56411629	288	-688	16864	17.568	-41.968	1028.704	-240	
56491392	304	-704	16864	18.544	-42.944	1028.704	-240	
56571159	288	-704	16816	17.568	-42.944	1025.776	-192	
56650924	320	-720	16848	19.520	-43.920	1027.728	-240	
56730693	304	-752	16848	18.544	-45.872	1027.728	-256	
56810459	304	-752	16864	18.544	-45.872	1028.704	-240	
56890224	304	-704	16832	18.544	-42.944	1026.752	-256	
56969989	320	-688	16800	19.520	-41.968	1024.800	-256	
57049756	256	-688	16864	15.616	-41.968	1028.704	-256	
57129520	272	-736	16864	16.592	-44.896	1028.704	-240	
57209286	272	-752	16848	16.592	-45.872	1027.728	-224	
57289053	240	-720	16896	14.640	-43.920	1030.656	-208	
57368816	304	-672	16864	18.544	-40.992	1028.704	-240	
57448578	304	-704	16864	18.544	-42.944	1028.704	-256	
57528343	272	-704	16864	16.592	-42.944	1028.704	-256	
57608114	304	-704	16880	18.544	-42.944	1029.680	-272	
57687883	240	-672	16864	14.640	-40.992	1028.704	-160	
57767647	288	-704	16880	17.568	-42.944	1029.680	-272	
57847414	320	-720	16864	19.520	-43.920	1028.704	-240	
57927182	288	-720	16848	17.568	-43.920	1027.728	-240	
58006950	320	-704	16864	19.520	-42.944	1028.704	-304	
58086714	304	-736	16800	18.544	-44.896	1024.800	-256	
58166480	288	-704	16864	17.568	-42.944	1028.704	-208	
58246246	448	-512	17728	27.328	-31.232	1081.408	-256	
58326008	256	-688	17232	15.616	-41.968	1051.152	-224	
58405772	288	-704	17040	17.568	-42.944	1039.440	-224	
58485537	256	-656	16928	15.616	-40.016	1032.608	-240	
58565301	336	-736	16832	20.496	-44.896	1026.752	-272	
58645065	288	-688	16864	17.568	-41.968	1028.704	-272	
58724824	320	-656	16896	19.520	-40.016	1030.656	-272	
58804592	304	-736	16832	18.544	-44.896	1026.752	-192	
58884354	288	-736	16848	17.568	-44.896	1027.728	-240	
58964116	272	-720	16864	16.592	-43.920	1028.704	-256	
59043884	272	-752	16864	16.592	-45.872	1028.704	-224	
59123650	240	-736	16816	14.640	-44.896	1025.776	-272	
59203415	288	-688	16864	17.568	-41.968	1028.704	-240	
59283177	256	-704	16832	15.616	-42.944	1026.752	-288	
59362943	272	-736	16864	16.592	-44.896	1028.704	-256	
59442709	272	-704	16864	16.592	-42.944	1028.704	-240	
59522481	288	-720	16832	17.568	-43.920	1026.752	-256	
59602249	304	-688	16912	18.544	-41.968	1031.632	-256	
59682015	288	-704	16832	17.568	-42.944	1026.752	-240	
59761781	320	-704	16832	19.520	-42.944	1026.752	-240	
59841547	272	-720	16864	16.592	-43.920	1028.704	-240	
59921313	272	-704	16816	16.592	-42.944	1025.776	-240	
60001078	304	-720	16832	18.544	-43.920	1026.752	-240	
60080846	336	-704	16832	20.496	-42.944	1026.752	-256	
60160611	272	-768	16816	16.592	-46.848	1025.776	-240	
60240373	272	-688	16928	16.592	-41.968	1032.608	-240	
60320139	256	-720	16864	15.616	-43.920	1028.704	-208	
60399907	288	-704	16832	17.568	-42.944	1026.752	-256	
60479675	256	-736	16864	15.616	-44.896	1028.704	-240	
60559441	320	-688	16928	19.520	-41.968	1032.608	-256	
60639206	272	-672	16864	16.592	-40.992	1028.704	-272	
60718964	256	-736	16864	15.616	-44.896	1028.704	-256	
60798724	304	-736	16800	18.544	-44.896	1024.800	-272	
60878486	240	-736	16864	14.640	-44.896	1028.704	-256	
60958250	304	-720	16896	18.544	-43.920	1030.656	-272	
61038017	256	-688	16864	15.616	-41.968	1028.704	-256	
61117780	288	-704	16752	17.568	-42.944	1021.872	-240	
61197543	256	-672	16832	15.616	-40.992	1026.752	-240	
61277307	272	-736	16848	16.592	-44.896	1027.728	-304	
