Timestamp [us]	A_X [LSB]	A_Y [LSB]	A_Z [LSB]	A_X [mg]	A_Y [mg]	A_Z [mg]	QVAR [LSB]	
8165	528	-336	16864	32.208	-20.496	1028.704	352	
167649	496	-336	16832	30.256	-20.496	1026.752	384	
327145	512	-352	16832	31.232	-21.472	1026.752	368	
486646	576	-320	16864	35.136	-19.520	1028.704	352	
646141	512	-352	16848	31.232	-21.472	1027.728	384	
805644	544	-352	16864	33.184	-21.472	1028.704	304	
965149	560	-320	16816	34.160	-19.520	1025.776	384	
1124656	512	-320	16816	31.232	-19.520	1025.776	368	
1284155	544	-320	16816	33.184	-19.520	1025.776	368	
1443660	528	-336	16800	32.208	-20.496	1024.800	336	
1603162	560	-320	16800	34.160	-19.520	1024.800	352	
1762668	544	-320	16800	33.184	-19.520	1024.800	336	
1922175	496	-320	16800	30.256	-19.520	1024.800	368	
2081674	544	-320	16832	33.184	-19.520	1026.752	368	
2241170	544	-336	16864	33.184	-20.496	1028.704	352	
2400666	576	-304	16800	35.136	-18.544	1024.800	368	
2560156	544	-336	16848	33.184	-20.496	1027.728	368	
2719649	512	-368	16800	31.232	-22.448	1024.800	368	
2879138	544	-288	16848	33.184	-17.568	1027.728	384	
3038628	592	-336	16800	36.112	-20.496	1024.800	368	
3198121	512	-320	16800	31.232	-19.520	1024.800	384	
3357615	560	-320	16784	34.160	-19.520	1023.824	368	
3517113	528	-384	16800	32.208	-23.424	1024.800	368	
3676601	592	-336	16800	36.112	-20.496	1024.800	368	
3836101	560	-352	16816	34.160	-21.472	1025.776	368	
3995600	496	-304	16832	30.256	-18.544	1026.752	368	
4155092	512	-352	16864	31.232	-21.472	1028.704	384	
4314586	544	-304	16816	33.184	-18.544	1025.776	368	
4474086	528	-368	16896	32.208	-22.448	1030.656	368	
4633580	528	-320	16800	32.208	-19.520	1024.800	384	
4793072	560	-336	16832	34.160	-20.496	1026.752	384	
4952568	528	-304	16832	32.208	-18.544	1026.752	400	
5112059	544	-352	16864	33.184	-21.472	1028.704	400	
5271551	544	-304	16816	33.184	-18.544	1025.776	384	
5431041	512	-368	16800	31.232	-22.448	1024.800	384	
5590536	512	-304	16880	31.232	-18.544	1029.680	416	
5750027	576	-352	16848	35.136	-21.472	1027.728	384	
5909520	560	-336	16816	34.160	-20.496	1025.776	400	
6069017	512	-352	16864	31.232	-21.472	1028.704	384	
6228510	544	-304	16864	33.184	-18.544	1028.704	400	
6388002	528	-336	16832	32.208	-20.496	1026.752	368	
6547493	528	-320	16832	32.208	-19.520	1026.752	384	
6706980	544	-336	16864	33.184	-20.496	1028.704	336	
6866471	528	-320	16816	32.208	-19.520	1025.776	384	
7025955	544	-336	16848	33.184	-20.496	1027.728	368	
7185450	512	-336	16848	31.232	-20.496	1027.728	384	
7344947	544	-304	16832	33.184	-18.544	1026.752	352	
7504438	544	-336	16848	33.184	-20.496	1027.728	384	
7663932	544	-336	16864	33.184	-20.496	1028.704	384	
7823430	528	-400	16832	32.208	-24.400	1026.752	384	
7982924	528	-352	16816	32.208	-21.472	1025.776	400	
8142426	544	-368	16816	33.184	-22.448	1025.776	352	
8301918	544	-320	16816	33.184	-19.520	1025.776	368	
8461410	560	-352	16832	34.160	-21.472	1026.752	368	
8620906	496	-352	16864	30.256	-21.472	1028.704	368	
8780407	528	-304	16832	32.208	-18.544	1026.752	384	
8939905	576	-304	16832	35.136	-18.544	1026.752	384	
9099399	592	-304	16816	36.112	-18.544	1025.776	384	
9258888	544	-288	16832	33.184	-17.568	1026.752	368	
9418383	512	-336	16864	31.232	-20.496	1028.704	336	
9577880	560	-368	16864	34.160	-22.448	1028.704	368	
9737370	480	-320	16848	29.280	-19.520	1027.728	352	
9896862	544	-368	16832	33.184	-22.448	1026.752	384	
10056361	512	-320	16864	31.232	-19.520	1028.704	336	
10215863	544	-320	16848	33.184	-19.520	1027.728	400	
10375362	544	-384	16800	33.184	-23.424	1024.800	368	
10534862	560	-352	16832	34.160	-21.472	1026.752	384	
10694364	560	-336	16832	34.160	-20.496	1026.752	400	
10853864	544	-368	16864	33.184	-22.448	1028.704	368	
11013365	528	-368	16864	32.208	-22.448	1028.704	384	
11172860	512	-304	16816	31.232	-18.544	1025.776	368	
11332350	544	-352	16864	33.184	-21.472	1028.704	416	
11491843	560	-320	16832	34.160	-19.520	1026.752	368	
11651344	512	-304	16832	31.232	-18.544	1026.752	352	
11810850	560	-352	16832	34.160	-21.472	1026.752	400	
11970353	560	-320	16864	34.160	-19.520	1028.704	384	
12129851	512	-352	16848	31.232	-21.472	1027.728	368	
12289349	528	-352	16800	32.208	-21.472	1024.800	384	
12448839	512	-320	16832	31.232	-19.520	1026.752	384	
12608327	512	-304	16848	31.232	-18.544	1027.728	368	
12767824	560	-304	16864	34.160	-18.544	1028.704	384	
12927325	544	-336	16768	33.184	-20.496	1022.848	400	
13086824	528	-336	16864	32.208	-20.496	1028.704	384	
13246320	528	-336	16816	32.208	-20.496	1025.776	384	
13405815	512	-352	16816	31.232	-21.472	1025.776	384	
13565307	544	-352	16832	33.184	-21.472	1026.752	400	
13724794	528	-368	16832	32.208	-22.448	1026.752	336	
13884291	560	-336	16832	34.160	-20.496	1026.752	368	
14043788	544	-320	16832	33.184	-19.520	1026.752	368	
14203280	528	-368	16880	32.208	-22.448	1029.680	352	
14362769	560	-368	16816	34.160	-22.448	1025.776	384	
14522265	560	-384	16816	34.160	-23.424	1025.776	368	
14681757	512	-320	16880	31.232	-19.520	1029.680	400	
14841248	480	-304	16848	29.280	-18.544	1027.728	384	
15000742	544	-368	16816	33.184	-22.448	1025.776	336	
15160240	496	-352	16832	30.256	-21.472	1026.752	384	
15319742	560	-320	16816	34.160	-19.520	1025.776	384	
15479250	528	-368	16864	32.208	-22.448	1028.704	352	
15638754	560	-352	16816	34.160	-21.472	1025.776	384	
15798266	544	-320	16864	33.184	-19.520	1028.704	400	
15957777	528	-352	16832	32.208	-21.472	1026.752	368	
16117285	528	-352	16832	32.208	-21.472	1026.752	336	
16276789	560	-336	16816	34.160	-20.496	1025.776	352	
16436299	512	-384	16816	31.232	-23.424	1025.776	368	
16595808	528	-320	16816	32.208	-19.520	1025.776	384	
16755312	480	-352	16800	29.280	-21.472	1024.800	384	
16914810	544	-336	16848	33.184	-20.496	1027.728	352	
17074318	544	-336	16800	33.184	-20.496	1024.800	368	
17233819	544	-336	16864	33.184	-20.496	1028.704	368	
17393321	512	-336	16800	31.232	-20.496	1024.800	416	
17552822	512	-352	16864	31.232	-21.472	1028.704	384	
17712319	544	-336	16816	33.184	-20.496	1025.776	400	
17871821	528	-320	16800	32.208	-19.520	1024.800	336	
18031322	560	-336	16864	34.160	-20.496	1028.704	384	
18190823	544	-352	16832	33.184	-21.472	1026.752	384	
18350319	544	-320	16832	33.184	-19.520	1026.752	368	
18509825	528	-288	16816	32.208	-17.568	1025.776	368	
18669333	464	-336	16864	28.304	-20.496	1028.704	352	
18828833	544	-336	16816	33.184	-20.496	1025.776	368	
18988335	512	-352	16832	31.232	-21.472	1026.752	384	
19147828	512	-320	16800	31.232	-19.520	1024.800	368	
19307320	576	-320	16864	35.136	-19.520	1028.704	384	
19466815	512	-320	16832	31.232	-19.520	1026.752	368	
19626312	544	-288	16864	33.184	-17.568	1028.704	384	
19785811	528	-352	16816	32.208	-21.472	1025.776	368	
19945307	544	-320	16864	33.184	-19.520	1028.704	352	
20104804	544	-336	16832	33.184	-20.496	1026.752	368	
20264300	512	-336	16816	31.232	-20.496	1025.776	400	
20423799	560	-336	16800	34.160	-20.496	1024.800	368	
20583297	544	-336	16848	33.184	-20.496	1027.728	384	
20742793	528	-320	16848	32.208	-19.520	1027.728	368	
20902282	544	-352	16832	33.184	-21.472	1026.752	368	
21061769	496	-336	16816	30.256	-20.496	1025.776	352	
21221262	528	-320	16848	32.208	-19.520	1027.728	400	
21380747	544	-368	16800	33.184	-22.448	1024.800	352	
21540235	528	-304	16800	32.208	-18.544	1024.800	368	
21699728	528	-304	16848	32.208	-18.544	1027.728	384	
21859213	560	-336	16864	34.160	-20.496	1028.704	368	
22018704	576	-320	16848	35.136	-19.520	1027.728	384	
22178198	560	-384	16800	34.160	-23.424	1024.800	368	
22337682	544	-368	16800	33.184	-22.448	1024.800	400	
22497175	560	-320	16864	34.160	-19.520	1028.704	368	
22656673	512	-304	16800	31.232	-18.544	1024.800	400	
22816176	544	-368	16800	33.184	-22.448	1024.800	368	
22975670	528	-336	16816	32.208	-20.496	1025.776	368	
23135170	544	-336	16864	33.184	-20.496	1028.704	384	
23294670	544	-320	16832	33.184	-19.520	1026.752	384	
23454168	544	-320	16816	33.184	-19.520	1025.776	384	
23613670	528	-368	16864	32.208	-22.448	1028.704	368	
23773170	528	-336	16848	32.208	-20.496	1027.728	368	
23932667	560	-336	16832	34.160	-20.496	1026.752	384	
24092165	560	-320	16800	34.160	-19.520	1024.800	368	
24251665	496	-368	16832	30.256	-22.448	1026.752	352	
24411167	544	-304	16848	33.184	-18.544	1027.728	368	
24570660	560	-336	16864	34.160	-20.496	1028.704	384	
24730153	544	-320	16816	33.184	-19.520	1025.776	416	
24889648	528	-336	16832	32.208	-20.496	1026.752	368	
25049138	528	-336	16864	32.208	-20.496	1028.704	384	
25208626	528	-336	16864	32.208	-20.496	1028.704	352	
25368115	512	-336	16832	31.232	-20.496	1026.752	368	
25527603	528	-288	16864	32.208	-17.568	1028.704	368	
25687095	528	-384	16800	32.208	-23.424	1024.800	384	
25846587	528	-384	16800	32.208	-23.424	1024.800	384	
26006077	528	-336	16832	32.208	-20.496	1026.752	384	
26165569	544	-336	16832	33.184	-20.496	1026.752	352	
26325060	528	-304	16832	32.208	-18.544	1026.752	400	
26484547	512	-320	16800	31.232	-19.520	1024.800	384	
26644039	528	-336	16800	32.208	-20.496	1024.800	368	
26803537	560	-288	16864	34.160	-17.568	1028.704	352	
26963026	528	-320	16832	32.208	-19.520	1026.752	384	
27122514	560	-336	16848	34.160	-20.496	1027.728	384	
27281998	544	-352	16864	33.184	-21.472	1028.704	368	
27441489	512	-368	16800	31.232	-22.448	1024.800	400	
27600975	512	-336	16848	31.232	-20.496	1027.728	368	
27760462	576	-320	16848	35.136	-19.520	1027.728	384	
27919946	512	-320	16864	31.232	-19.520	1028.704	384	
28079428	544	-320	16848	33.184	-19.520	1027.728	368	
28238907	544	-368	16800	33.184	-22.448	1024.800	352	
28398386	576	-336	16800	35.136	-20.496	1024.800	368	
28557875	528	-304	16864	32.208	-18.544	1028.704	384	
28717360	512	-336	16800	31.232	-20.496	1024.800	384	
28876852	560	-336	16848	34.160	-20.496	1027.728	368	
29036336	544	-320	16800	33.184	-19.520	1024.800	384	
29195823	496	-368	16816	30.256	-22.448	1025.776	352	
29355306	528	-288	16864	32.208	-17.568	1028.704	368	
29514790	544	-320	16864	33.184	-19.520	1028.704	384	
29674281	528	-352	16816	32.208	-21.472	1025.776	400	
29833769	544	-352	16848	33.184	-21.472	1027.728	400	
29993261	528	-352	16832	32.208	-21.472	1026.752	368	
30152752	576	-352	16832	35.136	-21.472	1026.752	368	
30312245	528	-320	16864	32.208	-19.520	1028.704	352	
30471736	576	-352	16832	35.136	-21.472	1026.752	416	
30631224	544	-336	16848	33.184	-20.496	1027.728	368	
30790715	528	-352	16816	32.208	-21.472	1025.776	352	
30950203	560	-368	16816	34.160	-22.448	1025.776	368	
31109686	544	-384	16848	33.184	-23.424	1027.728	368	
31269181	528	-352	16800	32.208	-21.472	1024.800	368	
31428673	528	-336	16832	32.208	-20.496	1026.752	400	
31588168	528	-336	16800	32.208	-20.496	1024.800	368	
31747654	528	-336	16816	32.208	-20.496	1025.776	384	
31907137	560	-336	16832	34.160	-20.496	1026.752	400	
32066625	544	-304	16816	33.184	-18.544	1025.776	384	
32226124	592	-320	16864	36.112	-19.520	1028.704	368	
32385607	544	-336	16800	33.184	-20.496	1024.800	400	
32545097	544	-320	16832	33.184	-19.520	1026.752	384	
32704590	528	-352	16848	32.208	-21.472	1027.728	400	
32864085	560	-336	16848	34.160	-20.496	1027.728	352	
33023575	576	-320	16800	35.136	-19.520	1024.800	384	
33183070	560	-336	16800	34.160	-20.496	1024.800	384	
33342569	544	-320	16864	33.184	-19.520	1028.704	368	
33502065	528	-304	16832	32.208	-18.544	1026.752	400	
33661560	512	-320	16864	31.232	-19.520	1028.704	368	
33821048	512	-336	16816	31.232	-20.496	1025.776	400	
33980538	544	-352	16832	33.184	-21.472	1026.752	400	
34140021	560	-304	16800	34.160	-18.544	1024.800	416	
34299507	560	-368	16816	34.160	-22.448	1025.776	336	
34458988	512	-368	16864	31.232	-22.448	1028.704	384	
34618480	544	-368	16800	33.184	-22.448	1024.800	432	
34777965	512	-368	16864	31.232	-22.448	1028.704	352	
34937451	560	-320	16832	34.160	-19.520	1026.752	400	
35096940	528	-336	16832	32.208	-20.496	1026.752	400	
35256427	512	-320	16800	31.232	-19.520	1024.800	368	
35415917	576	-304	16832	35.136	-18.544	1026.752	384	
35575410	512	-304	16864	31.232	-18.544	1028.704	400	
35734898	528	-304	16752	32.208	-18.544	1021.872	384	
35894382	496	-368	16832	30.256	-22.448	1026.752	384	
36053874	544	-320	16800	33.184	-19.520	1024.800	384	
36213356	512	-368	16880	31.232	-22.448	1029.680	368	
36372842	528	-384	16864	32.208	-23.424	1028.704	368	
36532331	496	-320	16800	30.256	-19.520	1024.800	368	
36691812	528	-320	16848	32.208	-19.520	1027.728	416	
36851291	528	-336	16832	32.208	-20.496	1026.752	368	
37010779	512	-320	16832	31.232	-19.520	1026.752	368	
37170267	576	-304	16880	35.136	-18.544	1029.680	400	
37329749	496	-368	16880	30.256	-22.448	1029.680	384	
37489251	544	-368	16832	33.184	-22.448	1026.752	384	
37648748	528	-368	16864	32.208	-22.448	1028.704	368	
37808242	592	-320	16832	36.112	-19.520	1026.752	368	
37967735	528	-368	16800	32.208	-22.448	1024.800	368	
38127235	544	-352	16880	33.184	-21.472	1029.680	400	
38286726	512	-320	16864	31.232	-19.520	1028.704	400	
38446208	512	-368	16832	31.232	-22.448	1026.752	400	
38605700	512	-336	16848	31.232	-20.496	1027.728	352	
38765189	528	-352	16832	32.208	-21.472	1026.752	368	
38924674	480	-336	16768	29.280	-20.496	1022.848	352	
39084167	560	-320	16832	34.160	-19.520	1026.752	368	
39243655	528	-320	16864	32.208	-19.520	1028.704	384	
39403140	560	-320	16832	34.160	-19.520	1026.752	368	
39562628	576	-368	16896	35.136	-22.448	1030.656	384	
39722119	512	-336	16848	31.232	-20.496	1027.728	400	
39881612	496	-320	16832	30.256	-19.520	1026.752	368	
40041107	528	-304	16864	32.208	-18.544	1028.704	368	
40200591	560	-336	16768	34.160	-20.496	1022.848	384	
40360083	560	-368	16800	34.160	-22.448	1024.800	368	
40519573	528	-336	16800	32.208	-20.496	1024.800	368	
40679063	544	-352	16800	33.184	-21.472	1024.800	352	
40838549	576	-336	16864	35.136	-20.496	1028.704	336	
40998038	528	-336	16800	32.208	-20.496	1024.800	384	
41157524	576	-384	16800	35.136	-23.424	1024.800	416	
41317018	528	-336	16816	32.208	-20.496	1025.776	352	
41476509	544	-368	16848	33.184	-22.448	1027.728	384	
41636007	512	-352	16832	31.232	-21.472	1026.752	384	
41795501	512	-368	16832	31.232	-22.448	1026.752	384	
41954990	560	-336	16800	34.160	-20.496	1024.800	368	
42114476	544	-368	16800	33.184	-22.448	1024.800	384	
42273961	544	-336	16864	33.184	-20.496	1028.704	416	
42433451	496	-352	16800	30.256	-21.472	1024.800	352	
42592949	528	-320	16832	32.208	-19.520	1026.752	400	
42752438	576	-384	16800	35.136	-23.424	1024.800	368	
42911928	576	-320	16800	35.136	-19.520	1024.800	352	
43071417	528	-368	16800	32.208	-22.448	1024.800	384	
43230911	528	-320	16864	32.208	-19.520	1028.704	400	
43390401	528	-336	16864	32.208	-20.496	1028.704	352	
43549881	496	-352	16784	30.256	-21.472	1023.824	336	
43709371	528	-352	16832	32.208	-21.472	1026.752	352	
43868862	544	-352	16816	33.184	-21.472	1025.776	368	
44028349	560	-352	16800	34.160	-21.472	1024.800	384	
44187835	544	-352	16816	33.184	-21.472	1025.776	400	
44347329	544	-352	16800	33.184	-21.472	1024.800	400	
44506820	544	-352	16880	33.184	-21.472	1029.680	384	
44666312	496	-320	16816	30.256	-19.520	1025.776	400	
44825805	528	-320	16864	32.208	-19.520	1028.704	384	
44985294	560	-368	16864	34.160	-22.448	1028.704	384	
45144781	560	-336	16832	34.160	-20.496	1026.752	368	
45304276	528	-304	16784	32.208	-18.544	1023.824	368	
45463771	496	-320	16880	30.256	-19.520	1029.680	400	
45623262	592	-336	16816	36.112	-20.496	1025.776	352	
45782756	528	-320	16848	32.208	-19.520	1027.728	400	
45942246	496	-368	16784	30.256	-22.448	1023.824	400	
46101745	544	-352	16832	33.184	-21.472	1026.752	368	
46261231	512	-320	16832	31.232	-19.520	1026.752	368	
46420725	496	-320	16848	30.256	-19.520	1027.728	368	
46580215	560	-352	16832	34.160	-21.472	1026.752	352	
46739706	496	-368	16832	30.256	-22.448	1026.752	352	
46899194	544	-336	16848	33.184	-20.496	1027.728	368	
47058679	576	-336	16800	35.136	-20.496	1024.800	400	
47218170	512	-320	16816	31.232	-19.520	1025.776	368	
47377663	560	-304	16832	34.160	-18.544	1026.752	352	
47537153	544	-320	16864	33.184	-19.520	1028.704	384	
47696641	512	-336	16784	31.232	-20.496	1023.824	384	
47856133	544	-336	16800	33.184	-20.496	1024.800	384	
48015618	528	-336	16864	32.208	-20.496	1028.704	416	
48175101	512	-352	16864	31.232	-21.472	1028.704	384	
48334595	544	-336	16832	33.184	-20.496	1026.752	384	
48494095	512	-400	16816	31.232	-24.400	1025.776	368	
48653583	496	-352	16832	30.256	-21.472	1026.752	400	
48813075	512	-320	16816	31.232	-19.520	1025.776	384	
48972562	512	-320	16864	31.232	-19.520	1028.704	368	
49132044	512	-304	16816	31.232	-18.544	1025.776	368	
49291534	528	-336	16832	32.208	-20.496	1026.752	352	
49451025	496	-336	16832	30.256	-20.496	1026.752	384	
49610515	528	-320	16864	32.208	-19.520	1028.704	352	
49770004	544	-352	16816	33.184	-21.472	1025.776	384	
49929490	544	-304	16816	33.184	-18.544	1025.776	384	
50088977	544	-368	16832	33.184	-22.448	1026.752	384	
50248468	528	-352	16864	32.208	-21.472	1028.704	368	
50407958	544	-336	16800	33.184	-20.496	1024.800	368	
50567448	528	-368	16800	32.208	-22.448	1024.800	368	
50726937	528	-304	16800	32.208	-18.544	1024.800	384	
50886429	544	-352	16800	33.184	-21.472	1024.800	368	
51045920	528	-320	16800	32.208	-19.520	1024.800	384	
51205408	576	-352	16864	35.136	-21.472	1028.704	368	
51364901	560	-352	16800	34.160	-21.472	1024.800	384	
51524390	512	-352	16816	31.232	-21.472	1025.776	336	
51683888	496	-368	16816	30.256	-22.448	1025.776	368	
51843378	544	-336	16880	33.184	-20.496	1029.680	368	
52002864	544	-368	16816	33.184	-22.448	1025.776	352	
52162355	544	-336	16848	33.184	-20.496	1027.728	352	
52321848	144	-352	16320	8.784	-21.472	995.520	384	
52481335	560	-352	16816	34.160	-21.472	1025.776	384	
52640826	560	-368	16784	34.160	-22.448	1023.824	400	
52800317	512	-320	16816	31.232	-19.520	1025.776	384	
52959803	544	-352	16816	33.184	-21.472	1025.776	368	
53119298	528	-368	16864	32.208	-22.448	1028.704	400	
53278788	528	-320	16832	32.208	-19.520	1026.752	368	
53438275	528	-336	16832	32.208	-20.496	1026.752	384	
53597773	560	-352	16816	34.160	-21.472	1025.776	384	
53757262	528	-336	16848	32.208	-20.496	1027.728	368	
53916757	528	-320	16864	32.208	-19.520	1028.704	416	
54076244	544	-336	16608	33.184	-20.496	1013.088	384	
54235733	576	-416	16944	35.136	-25.376	1033.584	368	
54395217	432	-352	17344	26.352	-21.472	1057.984	368	
54554707	624	-432	16960	38.064	-26.352	1034.560	368	
54714195	512	-384	16832	31.232	-23.424	1026.752	384	
54873680	528	-368	16864	32.208	-22.448	1028.704	368	
55033175	528	-320	16864	32.208	-19.520	1028.704	384	
55192668	560	-384	16816	34.160	-23.424	1025.776	368	
55352160	528	-352	16864	32.208	-21.472	1028.704	352	
55511658	544	-336	16848	33.184	-20.496	1027.728	336	
55671149	576	-352	16768	35.136	-21.472	1022.848	352	
55830647	512	-384	16800	31.232	-23.424	1024.800	400	
55990136	544	-352	16816	33.184	-21.472	1025.776	368	
56149622	512	-384	16800	31.232	-23.424	1024.800	400	
56309111	544	-336	16816	33.184	-20.496	1025.776	384	
56468606	512	-336	16848	31.232	-20.496	1027.728	416	
56628094	544	-336	16832	33.184	-20.496	1026.752	384	
56787584	624	-368	16800	38.064	-22.448	1024.800	400	
56947076	624	-368	16816	38.064	-22.448	1025.776	384	
57106551	544	-352	16752	33.184	-21.472	1021.872	384	
57266035	592	-368	16848	36.112	-22.448	1027.728	384	
57425523	512	-336	16784	31.232	-20.496	1023.824	368	
57585004	528	-336	16816	32.208	-20.496	1025.776	352	
57744487	544	-336	16832	33.184	-20.496	1026.752	384	
57903974	560	-352	16848	34.160	-21.472	1027.728	352	
58063453	528	-320	16800	32.208	-19.520	1024.800	352	
58222937	560	-320	16800	34.160	-19.520	1024.800	400	
58382421	528	-352	16832	32.208	-21.472	1026.752	384	
58541904	576	-320	16848	35.136	-19.520	1027.728	368	
58701387	544	-304	16832	33.184	-18.544	1026.752	384	
58860868	560	-352	16800	34.160	-21.472	1024.800	368	
59020354	512	-320	16816	31.232	-19.520	1025.776	368	
59179842	512	-336	16800	31.232	-20.496	1024.800	384	
59339332	544	-352	16800	33.184	-21.472	1024.800	368	
59498818	512	-336	16848	31.232	-20.496	1027.728	320	
59658305	560	-336	16800	34.160	-20.496	1024.800	352	
59817787	544	-336	16816	33.184	-20.496	1025.776	336	
59977267	560	-336	16832	34.160	-20.496	1026.752	368	
60136749	592	-320	16816	36.112	-19.520	1025.776	336	
60296237	512	-368	16848	31.232	-22.448	1027.728	400	
60455725	480	-320	16800	29.280	-19.520	1024.800	352	
60615218	544	-352	16832	33.184	-21.472	1026.752	400	
60774718	576	-368	16800	35.136	-22.448	1024.800	352	
60934214	528	-288	16784	32.208	-17.568	1023.824	368	
61093702	496	-288	16816	30.256	-17.568	1025.776	400	
61253188	544	-288	16832	33.184	-17.568	1026.752	416	
61412677	480	-368	16800	29.280	-22.448	1024.800	352	
61572164	544	-336	16816	33.184	-20.496	1025.776	384	
61731653	544	-320	16800	33.184	-19.520	1024.800	368	
61891144	576	-368	16832	35.136	-22.448	1026.752	384	
62050629	576	-368	16832	35.136	-22.448	1026.752	384	
62210120	544	-368	16784	33.184	-22.448	1023.824	352	
62369605	512	-320	16800	31.232	-19.520	1024.800	384	
62529090	528	-336	16800	32.208	-20.496	1024.800	368	
62688576	528	-336	16832	32.208	-20.496	1026.752	384	
62848061	560	-368	16832	34.160	-22.448	1026.752	368	
63007556	560	-336	16816	34.160	-20.496	1025.776	384	
63167048	560	-304	16800	34.160	-18.544	1024.800	384	
63326544	544	-352	16880	33.184	-21.472	1029.680	384	
63486035	544	-352	16800	33.184	-21.472	1024.800	368	
63645527	560	-304	16832	34.160	-18.544	1026.752	400	
63805022	592	-352	16816	36.112	-21.472	1025.776	384	
63964509	560	-304	16832	34.160	-18.544	1026.752	368	
64124006	496	-304	16832	30.256	-18.544	1026.752	400	
64283493	560	-384	16864	34.160	-23.424	1028.704	368	
64442982	496	-320	16864	30.256	-19.520	1028.704	352	
64602469	544	-320	16832	33.184	-19.520	1026.752	352	
64761952	528	-320	16832	32.208	-19.520	1026.752	384	
64921437	528	-336	16800	32.208	-20.496	1024.800	384	
65080916	560	-368	16864	34.160	-22.448	1028.704	384	
65240399	496	-352	16800	30.256	-21.472	1024.800	368	
65399883	560	-304	16832	34.160	-18.544	1026.752	384	
65559365	544	-352	16928	33.184	-21.472	1032.608	384	
65718844	528	-352	16880	32.208	-21.472	1029.680	400	
65878328	512	-336	16832	31.232	-20.496	1026.752	384	
66037816	576	-336	16832	35.136	-20.496	1026.752	336	
66197306	544	-368	16832	33.184	-22.448	1026.752	352	
66356798	544	-368	16816	33.184	-22.448	1025.776	368	
66516292	544	-352	16864	33.184	-21.472	1028.704	384	
66675788	512	-368	16800	31.232	-22.448	1024.800	384	
