Timestamp [us]	A_X [LSB]	A_Y [LSB]	A_Z [LSB]	A_X [mg]	A_Y [mg]	A_Z [mg]	QVAR [LSB]	
98162	48	-480	16800	2.928	-29.280	1024.800	384	
257688	32	-464	16864	1.952	-28.304	1028.704	352	
417213	64	-416	16928	3.904	-25.376	1032.608	368	
576741	64	-448	16864	3.904	-27.328	1028.704	352	
736270	16	-464	16864	0.976	-28.304	1028.704	384	
895803	64	-480	16880	3.904	-29.280	1029.680	368	
1055324	64	-448	16864	3.904	-27.328	1028.704	352	
1214847	64	-496	16832	3.904	-30.256	1026.752	368	
1374378	16	-416	16832	0.976	-25.376	1026.752	416	
1533911	32	-464	16816	1.952	-28.304	1025.776	368	
1693440	96	-464	16880	5.856	-28.304	1029.680	368	
1852979	64	-496	16880	3.904	-30.256	1029.680	368	
2012509	80	-480	16880	4.880	-29.280	1029.680	368	
2172030	48	-464	16864	2.928	-28.304	1028.704	352	
2331552	96	-496	16864	5.856	-30.256	1028.704	352	
2491075	80	-448	16832	4.880	-27.328	1026.752	352	
2650596	80	-464	16864	4.880	-28.304	1028.704	368	
2810119	48	-448	16832	2.928	-27.328	1026.752	336	
2969649	64	-432	16880	3.904	-26.352	1029.680	368	
3129176	96	-448	16816	5.856	-27.328	1025.776	368	
3288702	64	-448	16880	3.904	-27.328	1029.680	352	
3448228	64	-496	16880	3.904	-30.256	1029.680	384	
3607758	48	-464	16832	2.928	-28.304	1026.752	368	
3767290	64	-480	16880	3.904	-29.280	1029.680	352	
3926826	48	-512	16848	2.928	-31.232	1027.728	384	
4086350	64	-464	16880	3.904	-28.304	1029.680	384	
4245872	16	-448	16880	0.976	-27.328	1029.680	384	
4405397	64	-432	16832	3.904	-26.352	1026.752	368	
4564925	48	-464	16864	2.928	-28.304	1028.704	352	
4724452	64	-448	16864	3.904	-27.328	1028.704	368	
4883982	64	-448	16880	3.904	-27.328	1029.680	432	
5043513	80	-464	16864	4.880	-28.304	1028.704	368	
5203046	96	-464	16864	5.856	-28.304	1028.704	400	
5362579	64	-448	16832	3.904	-27.328	1026.752	400	
5522107	32	-464	16864	1.952	-28.304	1028.704	384	
5681638	64	-448	16864	3.904	-27.328	1028.704	384	
5841166	48	-464	16864	2.928	-28.304	1028.704	400	
6000692	32	-400	16816	1.952	-24.400	1025.776	416	
6160218	80	-480	16800	4.880	-29.280	1024.800	384	
6319744	48	-448	16848	2.928	-27.328	1027.728	400	
6479273	80	-432	16832	4.880	-26.352	1026.752	384	
6638799	64	-432	16880	3.904	-26.352	1029.680	368	
6798323	80	-464	16864	4.880	-28.304	1028.704	384	
6957846	48	-432	16864	2.928	-26.352	1028.704	416	
7117375	96	-480	16848	5.856	-29.280	1027.728	400	
7276897	48	-464	16832	2.928	-28.304	1026.752	368	
7436415	48	-384	16832	2.928	-23.424	1026.752	384	
7595937	112	-448	16880	6.832	-27.328	1029.680	368	
7755458	80	-496	16832	4.880	-30.256	1026.752	400	
7914979	96	-480	16864	5.856	-29.280	1028.704	368	
8074501	64	-480	16880	3.904	-29.280	1029.680	384	
8234020	16	-496	16864	0.976	-30.256	1028.704	400	
8393547	80	-432	16896	4.880	-26.352	1030.656	416	
8553077	64	-464	16816	3.904	-28.304	1025.776	400	
8712608	32	-448	16880	1.952	-27.328	1029.680	384	
8872133	64	-464	16832	3.904	-28.304	1026.752	416	
9031656	80	-480	16880	4.880	-29.280	1029.680	400	
9191180	80	-480	16864	4.880	-29.280	1028.704	400	
9350708	80	-464	16864	4.880	-28.304	1028.704	400	
9510238	48	-432	16880	2.928	-26.352	1029.680	384	
9669763	16	-464	16832	0.976	-28.304	1026.752	384	
9829290	48	-448	16816	2.928	-27.328	1025.776	384	
9988820	96	-480	16912	5.856	-29.280	1031.632	384	
10148350	0	-464	16848	0.000	-28.304	1027.728	352	
10307881	80	-448	16832	4.880	-27.328	1026.752	384	
10467409	112	-448	16880	6.832	-27.328	1029.680	400	
10626933	96	-432	16832	5.856	-26.352	1026.752	400	
10786455	32	-368	16928	1.952	-22.448	1032.608	400	
10945973	144	-400	16864	8.784	-24.400	1028.704	400	
11105503	64	-432	16864	3.904	-26.352	1028.704	368	
11265027	96	-432	16880	5.856	-26.352	1029.680	400	
11424552	64	-496	16864	3.904	-30.256	1028.704	384	
11584078	80	-496	16848	4.880	-30.256	1027.728	384	
11743606	80	-448	16800	4.880	-27.328	1024.800	400	
11903134	32	-448	16848	1.952	-27.328	1027.728	400	
12062665	96	-512	16848	5.856	-31.232	1027.728	368	
12222185	64	-464	16848	3.904	-28.304	1027.728	400	
12381708	64	-464	16864	3.904	-28.304	1028.704	368	
12541237	64	-480	16784	3.904	-29.280	1023.824	368	
12700762	64	-448	16864	3.904	-27.328	1028.704	368	
12860284	48	-448	16864	2.928	-27.328	1028.704	416	
13019806	48	-448	16864	2.928	-27.328	1028.704	352	
13179329	32	-464	16816	1.952	-28.304	1025.776	368	
13338860	64	-480	16816	3.904	-29.280	1025.776	416	
13498386	48	-448	16864	2.928	-27.328	1028.704	384	
13657914	48	-464	16896	2.928	-28.304	1030.656	400	
13817440	64	-512	16880	3.904	-31.232	1029.680	368	
13976969	48	-400	16832	2.928	-24.400	1026.752	384	
14136491	48	-432	16864	2.928	-26.352	1028.704	400	
14296015	64	-464	16864	3.904	-28.304	1028.704	400	
14455541	80	-480	16832	4.880	-29.280	1026.752	352	
14615060	96	-480	16880	5.856	-29.280	1029.680	384	
14774589	64	-416	16832	3.904	-25.376	1026.752	400	
14934114	64	-464	16880	3.904	-28.304	1029.680	384	
15093637	96	-448	16864	5.856	-27.328	1028.704	368	
15253163	80	-464	16848	4.880	-28.304	1027.728	384	
15412690	96	-480	16864	5.856	-29.280	1028.704	432	
15572215	48	-464	16832	2.928	-28.304	1026.752	448	
15731737	0	-480	16880	0.000	-29.280	1029.680	384	
15891260	144	-480	16832	8.784	-29.280	1026.752	368	
16050800	80	-432	16864	4.880	-26.352	1028.704	400	
16210335	48	-480	16864	2.928	-29.280	1028.704	368	
16369863	96	-432	16880	5.856	-26.352	1029.680	384	
16529388	48	-464	16848	2.928	-28.304	1027.728	384	
16688912	64	-480	16880	3.904	-29.280	1029.680	368	
16848443	96	-464	16880	5.856	-28.304	1029.680	352	
17007979	16	-416	16848	0.976	-25.376	1027.728	368	
17167505	64	-448	16864	3.904	-27.328	1028.704	368	
17327037	64	-464	16832	3.904	-28.304	1026.752	368	
17486571	96	-448	16896	5.856	-27.328	1030.656	400	
17646097	48	-480	16912	2.928	-29.280	1031.632	352	
17805622	96	-448	16832	5.856	-27.328	1026.752	400	
17965141	80	-464	16848	4.880	-28.304	1027.728	384	
18124659	64	-432	16832	3.904	-26.352	1026.752	400	
18284183	48	-432	16864	2.928	-26.352	1028.704	400	
18443706	80	-464	16816	4.880	-28.304	1025.776	384	
18603231	64	-432	16864	3.904	-26.352	1028.704	400	
18762759	64	-480	16864	3.904	-29.280	1028.704	400	
18922292	64	-448	16896	3.904	-27.328	1030.656	400	
19081824	64	-464	16832	3.904	-28.304	1026.752	384	
19241352	48	-464	16848	2.928	-28.304	1027.728	384	
19400886	64	-432	16896	3.904	-26.352	1030.656	384	
19560411	80	-496	16864	4.880	-30.256	1028.704	400	
19719930	80	-480	16832	4.880	-29.280	1026.752	368	
19879459	48	-464	16880	2.928	-28.304	1029.680	384	
20038987	80	-416	16864	4.880	-25.376	1028.704	384	
20198518	48	-432	16896	2.928	-26.352	1030.656	384	
20358048	112	-464	16864	6.832	-28.304	1028.704	416	
20517585	80	-432	16912	4.880	-26.352	1031.632	416	
20677120	112	-416	16848	6.832	-25.376	1027.728	368	
20836651	48	-432	16864	2.928	-26.352	1028.704	352	
20996189	80	-464	16864	4.880	-28.304	1028.704	368	
21155720	48	-464	16864	2.928	-28.304	1028.704	368	
21315246	64	-432	16880	3.904	-26.352	1029.680	384	
21474778	64	-464	16864	3.904	-28.304	1028.704	368	
21634308	32	-464	16880	1.952	-28.304	1029.680	384	
21793848	64	-432	16848	3.904	-26.352	1027.728	400	
21953375	64	-528	16880	3.904	-32.208	1029.680	416	
22112898	80	-496	16880	4.880	-30.256	1029.680	368	
22272433	48	-448	16832	2.928	-27.328	1026.752	384	
22431959	112	-448	16880	6.832	-27.328	1029.680	384	
22591489	80	-480	16832	4.880	-29.280	1026.752	400	
22751019	80	-448	16848	4.880	-27.328	1027.728	400	
22910547	48	-480	16880	2.928	-29.280	1029.680	352	
23070073	16	-496	16816	0.976	-30.256	1025.776	384	
23229602	48	-528	16800	2.928	-32.208	1024.800	368	
23389124	64	-496	16864	3.904	-30.256	1028.704	368	
23548659	128	-432	16896	7.808	-26.352	1030.656	416	
23708189	80	-416	16896	4.880	-25.376	1030.656	384	
23867716	80	-464	16848	4.880	-28.304	1027.728	400	
24027243	64	-448	16896	3.904	-27.328	1030.656	384	
24186774	48	-432	16848	2.928	-26.352	1027.728	400	
24346305	96	-480	16864	5.856	-29.280	1028.704	416	
24505836	96	-448	16880	5.856	-27.328	1029.680	352	
24665370	96	-432	16816	5.856	-26.352	1025.776	384	
24824901	16	-448	16880	0.976	-27.328	1029.680	368	
24984432	96	-432	16864	5.856	-26.352	1028.704	384	
25143966	48	-448	16864	2.928	-27.328	1028.704	368	
25303496	64	-464	16880	3.904	-28.304	1029.680	368	
25463024	48	-464	16912	2.928	-28.304	1031.632	416	
25622554	80	-496	16848	4.880	-30.256	1027.728	384	
25782084	48	-480	16800	2.928	-29.280	1024.800	400	
25941615	48	-480	16832	2.928	-29.280	1026.752	352	
26101147	48	-480	16864	2.928	-29.280	1028.704	384	
26260673	48	-448	16864	2.928	-27.328	1028.704	384	
26420205	80	-464	16832	4.880	-28.304	1026.752	384	
26579730	32	-464	16864	1.952	-28.304	1028.704	384	
26739256	80	-432	16880	4.880	-26.352	1029.680	368	
26898783	64	-432	16864	3.904	-26.352	1028.704	400	
27058316	16	-432	16880	0.976	-26.352	1029.680	384	
27217854	80	-464	16848	4.880	-28.304	1027.728	384	
27377383	48	-496	16864	2.928	-30.256	1028.704	400	
27536914	128	-448	16848	7.808	-27.328	1027.728	416	
27696450	32	-496	16864	1.952	-30.256	1028.704	400	
27855983	96	-400	16864	5.856	-24.400	1028.704	400	
28015516	64	-480	16864	3.904	-29.280	1028.704	352	
28175050	64	-448	16848	3.904	-27.328	1027.728	384	
28334576	16	-464	16784	0.976	-28.304	1023.824	400	
28494105	32	-704	16192	1.952	-42.944	987.712	416	
28653639	80	-480	16800	4.880	-29.280	1024.800	368	
28813171	16	-448	16880	0.976	-27.328	1029.680	400	
28972703	128	-448	16816	7.808	-27.328	1025.776	384	
29132243	96	-448	16864	5.856	-27.328	1028.704	400	
29291775	96	-448	16848	5.856	-27.328	1027.728	416	
29451299	16	-480	16720	0.976	-29.280	1019.920	400	
29610829	96	-480	16848	5.856	-29.280	1027.728	368	
29770357	80	-496	16864	4.880	-30.256	1028.704	336	
29929880	80	-464	16816	4.880	-28.304	1025.776	384	
30089405	112	-432	16816	6.832	-26.352	1025.776	368	
30248943	16	-496	16880	0.976	-30.256	1029.680	352	
30408474	64	-432	16864	3.904	-26.352	1028.704	384	
30567997	64	-464	16800	3.904	-28.304	1024.800	368	
30727517	48	-448	16672	2.928	-27.328	1016.992	400	
30887042	48	-464	16752	2.928	-28.304	1021.872	368	
31046563	80	-464	16864	4.880	-28.304	1028.704	384	
31206098	80	-480	16848	4.880	-29.280	1027.728	400	
31365623	64	-464	16832	3.904	-28.304	1026.752	336	
31525148	96	-480	16816	5.856	-29.280	1025.776	368	
31684670	96	-480	16816	5.856	-29.280	1025.776	416	
31844196	96	-464	16832	5.856	-28.304	1026.752	416	
32003723	80	-464	16832	4.880	-28.304	1026.752	400	
32163253	80	-464	16832	4.880	-28.304	1026.752	368	
32322781	64	-432	16816	3.904	-26.352	1025.776	416	
32482306	64	-512	16816	3.904	-31.232	1025.776	384	
32641838	112	-464	16896	6.832	-28.304	1030.656	400	
32801366	112	-464	16816	6.832	-28.304	1025.776	368	
32960891	96	-480	16896	5.856	-29.280	1030.656	432	
33120425	96	-464	16832	5.856	-28.304	1026.752	384	
33279950	64	-480	16816	3.904	-29.280	1025.776	368	
33439480	112	-448	16816	6.832	-27.328	1025.776	384	
33599012	112	-480	16816	6.832	-29.280	1025.776	368	
33758536	80	-464	16864	4.880	-28.304	1028.704	400	
33918058	48	-432	16864	2.928	-26.352	1028.704	400	
34077588	80	-496	16864	4.880	-30.256	1028.704	416	
34237113	112	-496	16832	6.832	-30.256	1026.752	400	
34396636	96	-480	16864	5.856	-29.280	1028.704	352	
34556160	112	-480	16848	6.832	-29.280	1027.728	432	
34715683	112	-416	16816	6.832	-25.376	1025.776	384	
34875212	80	-448	16800	4.880	-27.328	1024.800	400	
35034740	96	-448	16848	5.856	-27.328	1027.728	400	
35194271	80	-448	16864	4.880	-27.328	1028.704	384	
35353804	128	-448	16832	7.808	-27.328	1026.752	416	
35513324	64	-464	16848	3.904	-28.304	1027.728	384	
35672854	80	-448	16832	4.880	-27.328	1026.752	384	
35832390	64	-480	16864	3.904	-29.280	1028.704	384	
35991922	64	-464	16864	3.904	-28.304	1028.704	384	
36151452	64	-464	16832	3.904	-28.304	1026.752	416	
36310984	96	-448	16832	5.856	-27.328	1026.752	400	
36470504	64	-448	16832	3.904	-27.328	1026.752	368	
36630028	112	-480	16832	6.832	-29.280	1026.752	416	
36789551	96	-448	16880	5.856	-27.328	1029.680	384	
36949081	32	-448	16832	1.952	-27.328	1026.752	384	
37108614	80	-448	16864	4.880	-27.328	1028.704	384	
37268141	80	-480	16800	4.880	-29.280	1024.800	384	
37427668	80	-464	16848	4.880	-28.304	1027.728	352	
37587194	48	-464	16848	2.928	-28.304	1027.728	368	
37746723	96	-512	16816	5.856	-31.232	1025.776	384	
37906250	32	-464	16864	1.952	-28.304	1028.704	384	
38065779	64	-432	16816	3.904	-26.352	1025.776	400	
38225309	96	-368	16848	5.856	-22.448	1027.728	384	
38384844	80	-448	16864	4.880	-27.328	1028.704	368	
38544379	96	-512	16832	5.856	-31.232	1026.752	384	
38703906	64	-432	16896	3.904	-26.352	1030.656	416	
38863436	48	-480	16864	2.928	-29.280	1028.704	352	
39022964	80	-432	16816	4.880	-26.352	1025.776	384	
39182494	128	-432	16864	7.808	-26.352	1028.704	368	
39342022	64	-432	16832	3.904	-26.352	1026.752	416	
39501553	64	-464	16864	3.904	-28.304	1028.704	416	
39661088	32	-464	16832	1.952	-28.304	1026.752	400	
39820616	48	-464	16864	2.928	-28.304	1028.704	400	
39980147	80	-464	16864	4.880	-28.304	1028.704	352	
40139680	48	-448	16880	2.928	-27.328	1029.680	400	
40299211	96	-480	16832	5.856	-29.280	1026.752	368	
40458736	32	-448	16832	1.952	-27.328	1026.752	432	
40618262	96	-448	16880	5.856	-27.328	1029.680	384	
40777787	48	-464	16848	2.928	-28.304	1027.728	416	
40937319	112	-448	16864	6.832	-27.328	1028.704	400	
41096843	64	-464	16832	3.904	-28.304	1026.752	384	
41256373	80	-448	16864	4.880	-27.328	1028.704	368	
41415898	80	-432	16832	4.880	-26.352	1026.752	384	
41575425	80	-448	16864	4.880	-27.328	1028.704	384	
41734947	48	-448	16864	2.928	-27.328	1028.704	400	
41894469	80	-464	16864	4.880	-28.304	1028.704	416	
42053985	48	-448	16880	2.928	-27.328	1029.680	352	
42213506	64	-512	16864	3.904	-31.232	1028.704	368	
42373026	80	-448	16816	4.880	-27.328	1025.776	400	
42532552	128	-496	16880	7.808	-30.256	1029.680	368	
42692076	48	-448	16864	2.928	-27.328	1028.704	384	
42851598	80	-480	16864	4.880	-29.280	1028.704	384	
43011118	32	-448	16832	1.952	-27.328	1026.752	368	
43170642	48	-432	16816	2.928	-26.352	1025.776	400	
43330164	80	-496	16864	4.880	-30.256	1028.704	416	
43489689	48	-496	16896	2.928	-30.256	1030.656	400	
43649212	64	-448	16864	3.904	-27.328	1028.704	352	
43808739	64	-432	16848	3.904	-26.352	1027.728	368	
43968264	64	-384	16848	3.904	-23.424	1027.728	416	
44127791	64	-464	16832	3.904	-28.304	1026.752	384	
44287322	48	-464	16832	2.928	-28.304	1026.752	368	
44446851	32	-464	16848	1.952	-28.304	1027.728	384	
44606375	80	-448	16880	4.880	-27.328	1029.680	384	
44765895	80	-448	16864	4.880	-27.328	1028.704	384	
44925413	80	-464	16864	4.880	-28.304	1028.704	416	
45084941	48	-432	16800	2.928	-26.352	1024.800	400	
45244469	112	-448	16864	6.832	-27.328	1028.704	384	
45404005	80	-464	16800	4.880	-28.304	1024.800	384	
45563531	80	-464	16832	4.880	-28.304	1026.752	368	
45723065	96	-480	16864	5.856	-29.280	1028.704	368	
45882597	80	-480	16848	4.880	-29.280	1027.728	384	
46042123	96	-448	16832	5.856	-27.328	1026.752	384	
46201652	80	-464	16848	4.880	-28.304	1027.728	368	
46361174	112	-480	16880	6.832	-29.280	1029.680	368	
46520696	64	-480	16832	3.904	-29.280	1026.752	352	
46680218	48	-464	16832	2.928	-28.304	1026.752	384	
46839744	48	-480	16928	2.928	-29.280	1032.608	400	
46999270	32	-496	16832	1.952	-30.256	1026.752	400	
47158793	80	-464	16800	4.880	-28.304	1024.800	384	
47318318	80	-464	16864	4.880	-28.304	1028.704	336	
47477838	96	-496	16768	5.856	-30.256	1022.848	400	
47637358	96	-480	16800	5.856	-29.280	1024.800	384	
47796890	96	-416	16832	5.856	-25.376	1026.752	400	
47956422	80	-496	16832	4.880	-30.256	1026.752	400	
48115949	96	-448	16864	5.856	-27.328	1028.704	368	
48275489	96	-496	16864	5.856	-30.256	1028.704	400	
48435024	128	-496	16720	7.808	-30.256	1019.920	384	
48594560	64	-496	16816	3.904	-30.256	1025.776	384	
48754090	64	-480	16864	3.904	-29.280	1028.704	384	
48913625	112	-448	16800	6.832	-27.328	1024.800	368	
49073154	80	-464	16832	4.880	-28.304	1026.752	384	
49232681	80	-496	16832	4.880	-30.256	1026.752	400	
49392207	48	-496	16832	2.928	-30.256	1026.752	384	
49551745	16	-496	16864	0.976	-30.256	1028.704	384	
49711268	80	-496	16832	4.880	-30.256	1026.752	400	
49870797	48	-464	16832	2.928	-28.304	1026.752	416	
50030328	48	-480	16832	2.928	-29.280	1026.752	384	
50189852	32	-512	16816	1.952	-31.232	1025.776	368	
50349377	96	-496	16832	5.856	-30.256	1026.752	368	
50508905	80	-448	16912	4.880	-27.328	1031.632	416	
50668432	48	-464	16832	2.928	-28.304	1026.752	432	
50827961	80	-464	16880	4.880	-28.304	1029.680	400	
50987487	128	-480	16800	7.808	-29.280	1024.800	400	
51147013	112	-464	16864	6.832	-28.304	1028.704	352	
51306543	80	-448	16864	4.880	-27.328	1028.704	368	
51466078	64	-432	16816	3.904	-26.352	1025.776	384	
51625607	64	-448	16816	3.904	-27.328	1025.776	400	
51785133	96	-448	16832	5.856	-27.328	1026.752	384	
51944663	80	-416	16864	4.880	-25.376	1028.704	384	
52104196	96	-464	16864	5.856	-28.304	1028.704	368	
52263721	96	-416	16864	5.856	-25.376	1028.704	400	
52423252	96	-480	16864	5.856	-29.280	1028.704	384	
52582781	80	-464	16816	4.880	-28.304	1025.776	400	
52742310	80	-496	16848	4.880	-30.256	1027.728	400	
52901842	80	-448	16816	4.880	-27.328	1025.776	400	
53061366	80	-496	16832	4.880	-30.256	1026.752	384	
53220900	96	-464	16816	5.856	-28.304	1025.776	368	
53380430	64	-480	16832	3.904	-29.280	1026.752	384	
53539966	96	-464	16864	5.856	-28.304	1028.704	384	
53699498	64	-416	16800	3.904	-25.376	1024.800	384	
53859022	80	-464	16816	4.880	-28.304	1025.776	384	
54018548	64	-512	16848	3.904	-31.232	1027.728	368	
54178078	112	-464	16848	6.832	-28.304	1027.728	400	
54337612	96	-464	16832	5.856	-28.304	1026.752	384	
54497144	80	-464	16816	4.880	-28.304	1025.776	368	
54656677	48	-464	16816	2.928	-28.304	1025.776	400	
54816210	80	-416	16880	4.880	-25.376	1029.680	384	
54975738	96	-448	16896	5.856	-27.328	1030.656	432	
55135266	64	-432	16880	3.904	-26.352	1029.680	384	
55294801	96	-480	16800	5.856	-29.280	1024.800	400	
55454337	96	-464	16816	5.856	-28.304	1025.776	384	
55613873	80	-432	16864	4.880	-26.352	1028.704	368	
55773407	48	-480	16832	2.928	-29.280	1026.752	368	
55932945	112	-448	16864	6.832	-27.328	1028.704	400	
56092473	64	-448	16832	3.904	-27.328	1026.752	384	
56251997	96	-448	16816	5.856	-27.328	1025.776	384	
56411518	112	-464	16816	6.832	-28.304	1025.776	368	
56571054	112	-448	16832	6.832	-27.328	1026.752	368	
56730594	96	-432	16864	5.856	-26.352	1028.704	368	
56890132	96	-448	16848	5.856	-27.328	1027.728	384	
57049665	64	-416	16864	3.904	-25.376	1028.704	400	
57209201	64	-480	16864	3.904	-29.280	1028.704	368	
57368730	64	-464	16832	3.904	-28.304	1026.752	400	
57528261	96	-480	16832	5.856	-29.280	1026.752	352	
57687794	64	-432	16864	3.904	-26.352	1028.704	400	
57847327	96	-480	16832	5.856	-29.280	1026.752	400	
58006865	64	-464	16880	3.904	-28.304	1029.680	416	
58166400	64	-448	16848	3.904	-27.328	1027.728	384	
58325938	96	-464	16864	5.856	-28.304	1028.704	368	
58485473	64	-480	16832	3.904	-29.280	1026.752	352	
58645003	112	-448	16880	6.832	-27.328	1029.680	400	
58804537	64	-416	16816	3.904	-25.376	1025.776	400	
58964076	80	-432	16864	4.880	-26.352	1028.704	416	
59123609	32	-448	16832	1.952	-27.328	1026.752	400	
59283147	96	-496	16816	5.856	-30.256	1025.776	384	
59442682	128	-480	16832	7.808	-29.280	1026.752	384	
59602217	64	-480	16816	3.904	-29.280	1025.776	400	
59761758	64	-448	16848	3.904	-27.328	1027.728	400	
59921296	96	-464	16816	5.856	-28.304	1025.776	352	
60080827	96	-480	16832	5.856	-29.280	1026.752	384	
60240363	128	-448	16928	7.808	-27.328	1032.608	400	
60399899	80	-416	16976	4.880	-25.376	1035.536	400	
60559430	80	-400	17024	4.880	-24.400	1038.464	384	
60718965	128	-448	16832	7.808	-27.328	1026.752	384	
60878501	96	-496	16864	5.856	-30.256	1028.704	384	
61038039	80	-464	16864	4.880	-28.304	1028.704	400	
61197579	80	-480	16832	4.880	-29.280	1026.752	384	
61357121	80	-528	16832	4.880	-32.208	1026.752	416	
61516657	64	-464	16880	3.904	-28.304	1029.680	400	
61676186	112	-496	16880	6.832	-30.256	1029.680	352	
61835716	80	-464	16800	4.880	-28.304	1024.800	368	
61995253	64	-480	16864	3.904	-29.280	1028.704	400	
62154792	96	-448	16832	5.856	-27.328	1026.752	352	
62314324	64	-448	16832	3.904	-27.328	1026.752	368	
62473863	80	-432	16864	4.880	-26.352	1028.704	400	
62633403	80	-480	16832	4.880	-29.280	1026.752	384	
62792940	80	-480	16816	4.880	-29.280	1025.776	352	
62952474	64	-464	16864	3.904	-28.304	1028.704	384	
63112009	64	-448	16864	3.904	-27.328	1028.704	352	
63271548	48	-528	16752	2.928	-32.208	1021.872	384	
63431083	0	-432	16864	0.000	-26.352	1028.704	384	
63590630	80	-464	16896	4.880	-28.304	1030.656	400	
63750171	112	-464	16832	6.832	-28.304	1026.752	384	
63909707	64	-448	16832	3.904	-27.328	1026.752	384	
64069235	32	-448	16864	1.952	-27.328	1028.704	400	
64228762	64	-448	16832	3.904	-27.328	1026.752	432	
64388295	112	-496	16848	6.832	-30.256	1027.728	368	
64547821	48	-448	16832	2.928	-27.328	1026.752	416	
64707354	64	-464	16864	3.904	-28.304	1028.704	384	
64866885	128	-544	16880	7.808	-33.184	1029.680	384	
65026415	48	-448	16880	2.928	-27.328	1029.680	400	
65185943	48	-496	16848	2.928	-30.256	1027.728	384	
65345472	80	-432	16816	4.880	-26.352	1025.776	384	
65504996	64	-512	16864	3.904	-31.232	1028.704	384	
65664527	32	-480	16832	1.952	-29.280	1026.752	384	
65824056	80	-512	16816	4.880	-31.232	1025.776	368	
65983579	80	-464	16832	4.880	-28.304	1026.752	400	
66143109	80	-464	16896	4.880	-28.304	1030.656	368	
66302629	64	-432	16864	3.904	-26.352	1028.704	368	
66462155	64	-416	16832	3.904	-25.376	1026.752	368	
66621682	112	-464	16896	6.832	-28.304	1030.656	400	
66781213	48	-480	16800	2.928	-29.280	1024.800	384	
66940748	80	-480	16864	4.880	-29.280	1028.704	384	
67100280	96	-480	16880	5.856	-29.280	1029.680	400	
67259804	48	-480	16880	2.928	-29.280	1029.680	368	
67419334	80	-480	16864	4.880	-29.280	1028.704	368	
67578867	64	-464	16864	3.904	-28.304	1028.704	352	
67738395	80	-480	16832	4.880	-29.280	1026.752	368	
67897925	48	-496	16832	2.928	-30.256	1026.752	368	
68057460	80	-464	16816	4.880	-28.304	1025.776	400	
68216991	48	-432	16832	2.928	-26.352	1026.752	400	
68376530	96	-480	16864	5.856	-29.280	1028.704	368	
68536062	80	-496	16864	4.880	-30.256	1028.704	368	
68695591	64	-464	16864	3.904	-28.304	1028.704	368	
68855125	64	-448	16864	3.904	-27.328	1028.704	384	
69014655	96	-448	16864	5.856	-27.328	1028.704	416	
69174182	80	-448	16864	4.880	-27.328	1028.704	352	
69333716	32	-432	16800	1.952	-26.352	1024.800	384	
69493251	48	-432	16816	2.928	-26.352	1025.776	368	
69652786	80	-496	16880	4.880	-30.256	1029.680	368	
69812321	32	-496	16864	1.952	-30.256	1028.704	368	
69971855	80	-512	16864	4.880	-31.232	1028.704	352	
70131385	80	-432	16848	4.880	-26.352	1027.728	368	
70290918	80	-480	16864	4.880	-29.280	1028.704	400	
70450447	96	-464	16864	5.856	-28.304	1028.704	384	
70609977	80	-464	16864	4.880	-28.304	1028.704	352	
70769508	64	-448	16864	3.904	-27.328	1028.704	384	
70929032	64	-448	16864	3.904	-27.328	1028.704	336	
71088568	80	-432	16896	4.880	-26.352	1030.656	368	
71248096	48	-384	16880	2.928	-23.424	1029.680	384	
71407626	32	-464	16864	1.952	-28.304	1028.704	352	
71567161	48	-464	16864	2.928	-28.304	1028.704	368	
71726687	64	-480	16880	3.904	-29.280	1029.680	400	
71886216	96	-464	16864	5.856	-28.304	1028.704	384	
72045749	48	-448	16864	2.928	-27.328	1028.704	368	
72205281	80	-432	16848	4.880	-26.352	1027.728	400	
72364812	80	-464	16832	4.880	-28.304	1026.752	384	
72524347	64	-448	16928	3.904	-27.328	1032.608	384	
72683880	80	-416	16880	4.880	-25.376	1029.680	384	
72843404	80	-480	16864	4.880	-29.280	1028.704	368	
73002930	64	-480	16880	3.904	-29.280	1029.680	384	
73162460	32	-480	16848	1.952	-29.280	1027.728	400	
73321987	64	-464	16848	3.904	-28.304	1027.728	400	
73481515	64	-448	16880	3.904	-27.328	1029.680	384	
73641050	64	-448	16848	3.904	-27.328	1027.728	384	
73800577	64	-496	16864	3.904	-30.256	1028.704	400	
73960107	64	-464	16848	3.904	-28.304	1027.728	416	
74119636	64	-432	16832	3.904	-26.352	1026.752	400	
74279163	96	-464	16800	5.856	-28.304	1024.800	352	
74438693	48	-432	16816	2.928	-26.352	1025.776	384	
74598227	48	-464	16864	2.928	-28.304	1028.704	416	
74757755	64	-464	16880	3.904	-28.304	1029.680	384	
74917285	80	-448	16928	4.880	-27.328	1032.608	400	
75076808	32	-448	16832	1.952	-27.328	1026.752	400	
75236331	96	-464	16864	5.856	-28.304	1028.704	384	
75395855	16	-448	16848	0.976	-27.328	1027.728	400	
75555379	64	-464	16864	3.904	-28.304	1028.704	416	
75714906	48	-432	16848	2.928	-26.352	1027.728	400	
75874442	96	-496	16848	5.856	-30.256	1027.728	368	
76033973	112	-448	16864	6.832	-27.328	1028.704	400	
76193504	64	-448	16848	3.904	-27.328	1027.728	384	
76353029	96	-496	16896	5.856	-30.256	1030.656	368	
76512557	48	-480	16880	2.928	-29.280	1029.680	400	
76672082	128	-432	16832	7.808	-26.352	1026.752	368	
76831610	80	-480	16864	4.880	-29.280	1028.704	368	
76991137	48	-448	16864	2.928	-27.328	1028.704	384	
77150670	80	-480	16912	4.880	-29.280	1031.632	400	
77310211	48	-448	16832	2.928	-27.328	1026.752	416	
77469744	48	-496	16864	2.928	-30.256	1028.704	384	
77629276	64	-496	16864	3.904	-30.256	1028.704	368	
77788806	80	-464	16896	4.880	-28.304	1030.656	400	
77948336	96	-448	16864	5.856	-27.328	1028.704	368	
78107866	96	-480	16880	5.856	-29.280	1029.680	368	
78267403	64	-464	16896	3.904	-28.304	1030.656	400	
78426940	80	-464	16864	4.880	-28.304	1028.704	368	
78586474	16	-464	16864	0.976	-28.304	1028.704	384	
78746008	48	-464	16832	2.928	-28.304	1026.752	368	
78905537	48	-464	16880	2.928	-28.304	1029.680	400	
79065071	80	-448	16848	4.880	-27.328	1027.728	400	
79224600	48	-448	16864	2.928	-27.328	1028.704	368	
79384132	96	-480	16880	5.856	-29.280	1029.680	368	
79543662	112	-464	16864	6.832	-28.304	1028.704	400	
79703194	80	-464	16864	4.880	-28.304	1028.704	400	
79862724	80	-496	16864	4.880	-30.256	1028.704	368	
80022254	80	-432	16832	4.880	-26.352	1026.752	368	
80181780	64	-432	16880	3.904	-26.352	1029.680	400	
80341311	64	-512	16816	3.904	-31.232	1025.776	400	
80500834	96	-496	16816	5.856	-30.256	1025.776	384	
80660362	64	-448	16864	3.904	-27.328	1028.704	352	
80819891	96	-448	16832	5.856	-27.328	1026.752	368	
80979418	48	-480	16832	2.928	-29.280	1026.752	384	
81138942	80	-464	16896	4.880	-28.304	1030.656	384	
81298467	48	-432	16864	2.928	-26.352	1028.704	384	
81457994	48	-480	16848	2.928	-29.280	1027.728	384	
81617518	64	-480	16848	3.904	-29.280	1027.728	384	
81777046	64	-480	16832	3.904	-29.280	1026.752	384	
81936570	80	-464	16880	4.880	-28.304	1029.680	368	
82096100	64	-400	16832	3.904	-24.400	1026.752	368	
82255635	48	-496	16832	2.928	-30.256	1026.752	368	
82415164	48	-416	16848	2.928	-25.376	1027.728	400	
82574697	80	-416	16880	4.880	-25.376	1029.680	352	
82734230	80	-464	16864	4.880	-28.304	1028.704	416	
82893758	96	-496	16832	5.856	-30.256	1026.752	400	
83053281	48	-496	16784	2.928	-30.256	1023.824	400	
83212808	48	-480	16848	2.928	-29.280	1027.728	368	
83372331	80	-496	16848	4.880	-30.256	1027.728	384	
83531856	48	-480	16848	2.928	-29.280	1027.728	384	
83691384	16	-496	16880	0.976	-30.256	1029.680	368	
83850917	80	-512	16896	4.880	-31.232	1030.656	384	
84010444	80	-432	16912	4.880	-26.352	1031.632	352	
84169977	64	-464	16832	3.904	-28.304	1026.752	368	
84329502	32	-448	16800	1.952	-27.328	1024.800	384	
84489027	64	-448	16864	3.904	-27.328	1028.704	352	
84648553	16	-448	16848	0.976	-27.328	1027.728	352	
84808079	64	-432	16864	3.904	-26.352	1028.704	368	
84967608	64	-432	16816	3.904	-26.352	1025.776	384	
85127132	32	-432	16864	1.952	-26.352	1028.704	368	
85286661	64	-464	16864	3.904	-28.304	1028.704	384	
85446184	64	-432	16832	3.904	-26.352	1026.752	336	
85605715	64	-464	16832	3.904	-28.304	1026.752	384	
85765242	48	-480	16816	2.928	-29.280	1025.776	384	
85924764	112	-432	16864	6.832	-26.352	1028.704	368	
86084287	32	-448	16880	1.952	-27.328	1029.680	368	
86243809	48	-464	16816	2.928	-28.304	1025.776	384	
86403335	48	-448	16848	2.928	-27.328	1027.728	400	
86562864	80	-400	16832	4.880	-24.400	1026.752	400	
86722386	80	-448	16848	4.880	-27.328	1027.728	384	
86881913	48	-448	16816	2.928	-27.328	1025.776	368	
87041436	64	-448	16832	3.904	-27.328	1026.752	416	
87200955	32	-480	16864	1.952	-29.280	1028.704	176	
87360477	96	-480	16880	5.856	-29.280	1029.680	384	
87520006	80	-448	16864	4.880	-27.328	1028.704	400	
87679537	32	-416	16880	1.952	-25.376	1029.680	400	
87839071	64	-496	16832	3.904	-30.256	1026.752	368	
87998594	32	-464	16816	1.952	-28.304	1025.776	352	
88158117	64	-480	16880	3.904	-29.280	1029.680	368	
88317638	64	-448	16848	3.904	-27.328	1027.728	384	
88477161	112	-480	16864	6.832	-29.280	1028.704	352	
88636677	80	-464	16864	4.880	-28.304	1028.704	416	
88796198	48	-416	16928	2.928	-25.376	1032.608	384	
88955726	80	-496	16864	4.880	-30.256	1028.704	400	
89115246	32	-480	16864	1.952	-29.280	1028.704	352	
89274772	32	-464	16864	1.952	-28.304	1028.704	384	
89434294	48	-448	16848	2.928	-27.328	1027.728	384	
89593811	64	-464	16896	3.904	-28.304	1030.656	416	
89753329	64	-400	16816	3.904	-24.400	1025.776	368	
89912852	64	-432	16896	3.904	-26.352	1030.656	336	
90072376	96	-432	16880	5.856	-26.352	1029.680	416	
90231891	64	-432	16864	3.904	-26.352	1028.704	368	
90391408	112	-448	16896	6.832	-27.328	1030.656	384	
90550934	80	-432	16864	4.880	-26.352	1028.704	384	
90710458	64	-480	16864	3.904	-29.280	1028.704	384	
90869978	48	-464	16864	2.928	-28.304	1028.704	384	
91029503	80	-464	16864	4.880	-28.304	1028.704	400	
91189023	32	-416	16864	1.952	-25.376	1028.704	368	
91348543	112	-512	16832	6.832	-31.232	1026.752	352	
91508063	48	-464	16848	2.928	-28.304	1027.728	368	
91667579	48	-448	16880	2.928	-27.328	1029.680	368	
91827096	80	-496	16832	4.880	-30.256	1026.752	384	
91986619	48	-448	16864	2.928	-27.328	1028.704	384	
92146136	48	-432	16816	2.928	-26.352	1025.776	384	
92305657	64	-496	16848	3.904	-30.256	1027.728	384	
92465171	64	-432	16832	3.904	-26.352	1026.752	384	
92624691	96	-480	16832	5.856	-29.280	1026.752	352	
92784219	112	-496	16864	6.832	-30.256	1028.704	384	
92943739	112	-448	16880	6.832	-27.328	1029.680	368	
93103258	112	-448	16896	6.832	-27.328	1030.656	400	
93262783	32	-448	16832	1.952	-27.328	1026.752	400	
93422307	80	-464	16864	4.880	-28.304	1028.704	384	
93581834	32	-480	16896	1.952	-29.280	1030.656	368	
93741354	80	-464	16864	4.880	-28.304	1028.704	384	
93900880	64	-480	16944	3.904	-29.280	1033.584	400	
94060402	48	-480	16800	2.928	-29.280	1024.800	368	
94219923	96	-480	16880	5.856	-29.280	1029.680	368	
94379455	48	-480	16880	2.928	-29.280	1029.680	368	
94538987	48	-496	16800	2.928	-30.256	1024.800	400	
94698508	80	-480	16848	4.880	-29.280	1027.728	368	
94858030	80	-480	16896	4.880	-29.280	1030.656	384	
95017550	48	-384	16864	2.928	-23.424	1028.704	416	
95177073	80	-400	16832	4.880	-24.400	1026.752	368	
95336592	80	-448	16880	4.880	-27.328	1029.680	384	
95496112	80	-464	16848	4.880	-28.304	1027.728	368	
95655640	48	-496	16864	2.928	-30.256	1028.704	400	
95815174	48	-464	16816	2.928	-28.304	1025.776	384	
95974698	48	-480	16832	2.928	-29.280	1026.752	400	
96134219	80	-448	16832	4.880	-27.328	1026.752	400	
96293739	64	-432	16864	3.904	-26.352	1028.704	416	
96453258	32	-464	16912	1.952	-28.304	1031.632	368	
96612778	48	-464	16864	2.928	-28.304	1028.704	400	
96772298	48	-480	16880	2.928	-29.280	1029.680	368	
96931822	64	-448	16880	3.904	-27.328	1029.680	368	
97091337	64	-464	16832	3.904	-28.304	1026.752	368	
97250858	80	-496	16816	4.880	-30.256	1025.776	384	
97410380	48	-432	16816	2.928	-26.352	1025.776	400	
97569896	64	-480	16880	3.904	-29.280	1029.680	352	
97729415	112	-464	16864	6.832	-28.304	1028.704	400	
97888931	48	-480	16864	2.928	-29.280	1028.704	368	
98048442	64	-448	16816	3.904	-27.328	1025.776	432	
98207960	64	-464	16832	3.904	-28.304	1026.752	384	
98367479	64	-480	16864	3.904	-29.280	1028.704	368	
98526995	80	-480	16864	4.880	-29.280	1028.704	400	
98686511	96	-496	16832	5.856	-30.256	1026.752	400	
98846026	64	-464	16880	3.904	-28.304	1029.680	384	
99005540	80	-464	16768	4.880	-28.304	1022.848	384	
99165057	48	-512	16832	2.928	-31.232	1026.752	400	
99324581	80	-480	16848	4.880	-29.280	1027.728	384	
99484116	80	-480	16832	4.880	-29.280	1026.752	368	
99643639	80	-448	16864	4.880	-27.328	1028.704	368	
99803162	64	-432	16848	3.904	-26.352	1027.728	432	
99962688	80	-432	16864	4.880	-26.352	1028.704	384	
100122208	80	-448	16896	4.880	-27.328	1030.656	400	
100281738	80	-448	16864	4.880	-27.328	1028.704	400	
100441260	64	-432	16816	3.904	-26.352	1025.776	416	
100600770	64	-448	16832	3.904	-27.328	1026.752	400	
100760268	48	-448	16864	2.928	-27.328	1028.704	416	
100919765	112	-480	16880	6.832	-29.280	1029.680	416	
101079262	48	-448	16800	2.928	-27.328	1024.800	416	
101238757	48	-448	16864	2.928	-27.328	1028.704	416	
101398253	80	-464	16880	4.880	-28.304	1029.680	400	
101557746	64	-496	16864	3.904	-30.256	1028.704	384	
101717249	64	-480	16880	3.904	-29.280	1029.680	416	
101876745	96	-448	16816	5.856	-27.328	1025.776	384	
102036245	80	-416	16848	4.880	-25.376	1027.728	400	
102195749	32	-480	16816	1.952	-29.280	1025.776	352	
102355248	80	-464	16880	4.880	-28.304	1029.680	400	
102514748	80	-480	16832	4.880	-29.280	1026.752	416	
102674251	64	-464	16864	3.904	-28.304	1028.704	384	
102833756	80	-496	16880	4.880	-30.256	1029.680	384	
102993256	80	-480	16832	4.880	-29.280	1026.752	384	
103152760	48	-464	16864	2.928	-28.304	1028.704	368	
103312263	64	-464	16816	3.904	-28.304	1025.776	400	
103471766	80	-480	16848	4.880	-29.280	1027.728	368	
103631263	80	-464	16848	4.880	-28.304	1027.728	384	
103790759	80	-416	16832	4.880	-25.376	1026.752	400	
103950259	32	-448	16896	1.952	-27.328	1030.656	432	
104109748	64	-496	16880	3.904	-30.256	1029.680	400	
104269245	32	-528	16880	1.952	-32.208	1029.680	352	
104428746	16	-544	16896	0.976	-33.184	1030.656	400	
104588242	48	-528	16832	2.928	-32.208	1026.752	400	
104747738	32	-464	16848	1.952	-28.304	1027.728	400	
104907235	64	-480	16832	3.904	-29.280	1026.752	368	
105066729	80	-496	16832	4.880	-30.256	1026.752	416	
105226224	32	-448	16848	1.952	-27.328	1027.728	416	
105385713	80	-496	16880	4.880	-30.256	1029.680	400	
105545200	32	-464	16864	1.952	-28.304	1028.704	384	
105704688	48	-464	16880	2.928	-28.304	1029.680	384	
105864174	32	-464	16848	1.952	-28.304	1027.728	384	
106023665	64	-464	16864	3.904	-28.304	1028.704	416	
106183157	16	-512	16848	0.976	-31.232	1027.728	384	
106342644	0	-480	16816	0.000	-29.280	1025.776	384	
106502140	32	-464	16864	1.952	-28.304	1028.704	384	
106661643	64	-464	16864	3.904	-28.304	1028.704	400	
106821138	96	-512	16848	5.856	-31.232	1027.728	368	
106980635	80	-480	16896	4.880	-29.280	1030.656	400	
107140139	96	-432	16832	5.856	-26.352	1026.752	384	
107299641	64	-480	16848	3.904	-29.280	1027.728	368	
107459132	80	-480	16800	4.880	-29.280	1024.800	368	
107618630	48	-512	16832	2.928	-31.232	1026.752	384	
107778121	48	-480	16832	2.928	-29.280	1026.752	384	
107937619	64	-464	16800	3.904	-28.304	1024.800	400	
108097109	16	-496	16896	0.976	-30.256	1030.656	384	
108256600	64	-432	16816	3.904	-26.352	1025.776	416	
108416102	112	-448	16880	6.832	-27.328	1029.680	384	
108575599	80	-432	16848	4.880	-26.352	1027.728	384	
108735100	80	-416	16832	4.880	-25.376	1026.752	384	
108894611	96	-432	16864	5.856	-26.352	1028.704	384	
109054113	0	-432	16880	0.000	-26.352	1029.680	400	
109213610	64	-496	16832	3.904	-30.256	1026.752	400	
109373112	16	-432	16832	0.976	-26.352	1026.752	416	
109532606	80	-496	16912	4.880	-30.256	1031.632	368	
109692099	16	-528	16864	0.976	-32.208	1028.704	384	
109851594	80	-448	16848	4.880	-27.328	1027.728	352	
110011090	16	-464	16864	0.976	-28.304	1028.704	352	
110170587	48	-448	16832	2.928	-27.328	1026.752	416	
110330086	80	-432	16880	4.880	-26.352	1029.680	336	
110489586	80	-480	16832	4.880	-29.280	1026.752	400	
110649090	48	-416	16848	2.928	-25.376	1027.728	368	
110808594	80	-432	16832	4.880	-26.352	1026.752	400	
110968091	64	-448	16880	3.904	-27.328	1029.680	368	
111127590	64	-496	16832	3.904	-30.256	1026.752	384	
111287092	80	-480	16800	4.880	-29.280	1024.800	384	
111446585	32	-448	16816	1.952	-27.328	1025.776	400	
111606079	48	-464	16864	2.928	-28.304	1028.704	400	
111765564	80	-448	16848	4.880	-27.328	1027.728	368	
111925055	80	-496	16816	4.880	-30.256	1025.776	368	
112084546	96	-480	16928	5.856	-29.280	1032.608	384	
112244047	48	-448	16800	2.928	-27.328	1024.800	384	
112403537	48	-480	16816	2.928	-29.280	1025.776	400	
112563026	48	-480	16896	2.928	-29.280	1030.656	368	
112722525	48	-448	16848	2.928	-27.328	1027.728	352	
112882017	80	-496	16880	4.880	-30.256	1029.680	384	
113041507	48	-400	16880	2.928	-24.400	1029.680	400	
113200999	48	-432	16864	2.928	-26.352	1028.704	352	
113360485	64	-480	16880	3.904	-29.280	1029.680	416	
113519975	48	-512	16832	2.928	-31.232	1026.752	384	
113679471	64	-448	16864	3.904	-27.328	1028.704	368	
113838960	48	-448	16848	2.928	-27.328	1027.728	400	
113998446	96	-464	16864	5.856	-28.304	1028.704	368	
114157933	96	-480	16864	5.856	-29.280	1028.704	384	
114317417	32	-416	16848	1.952	-25.376	1027.728	384	
114476906	64	-448	16864	3.904	-27.328	1028.704	368	
114636395	112	-448	16880	6.832	-27.328	1029.680	384	
114795891	32	-432	16816	1.952	-26.352	1025.776	400	
114955377	64	-464	16816	3.904	-28.304	1025.776	384	
115114868	64	-464	16896	3.904	-28.304	1030.656	368	
115274356	64	-480	16848	3.904	-29.280	1027.728	400	
115433843	48	-448	16864	2.928	-27.328	1028.704	384	
115593332	48	-464	16864	2.928	-28.304	1028.704	368	
115752822	64	-432	16864	3.904	-26.352	1028.704	384	
115912316	64	-464	16896	3.904	-28.304	1030.656	352	
116071808	96	-464	16864	5.856	-28.304	1028.704	416	
116231297	32	-480	16880	1.952	-29.280	1029.680	384	
116390781	64	-464	16848	3.904	-28.304	1027.728	336	
116550272	48	-448	16848	2.928	-27.328	1027.728	352	
116709767	48	-480	16816	2.928	-29.280	1025.776	368	
116869258	112	-480	16816	6.832	-29.280	1025.776	384	
117028754	64	-432	16864	3.904	-26.352	1028.704	368	
117188252	32	-464	16832	1.952	-28.304	1026.752	384	
117347749	48	-496	16896	2.928	-30.256	1030.656	368	
117507240	96	-512	16848	5.856	-31.232	1027.728	368	
117666740	128	-464	16896	7.808	-28.304	1030.656	384	
117826234	32	-464	16816	1.952	-28.304	1025.776	400	
117985725	144	-448	16800	8.784	-27.328	1024.800	352	
118145214	64	-448	16864	3.904	-27.328	1028.704	368	
118304711	80	-400	16864	4.880	-24.400	1028.704	384	
118464204	96	-496	16880	5.856	-30.256	1029.680	368	
118623694	112	-448	16848	6.832	-27.328	1027.728	368	
118783186	32	-416	16800	1.952	-25.376	1024.800	384	
118942678	64	-432	16832	3.904	-26.352	1026.752	384	
119102169	80	-432	16848	4.880	-26.352	1027.728	368	
119261668	0	-480	16832	0.000	-29.280	1026.752	368	
119421158	80	-432	16816	4.880	-26.352	1025.776	368	
119580657	64	-432	16864	3.904	-26.352	1028.704	368	
119740154	96	-448	16848	5.856	-27.328	1027.728	384	
119899653	80	-464	16832	4.880	-28.304	1026.752	368	
120059145	96	-432	16880	5.856	-26.352	1029.680	384	
120218635	48	-432	16832	2.928	-26.352	1026.752	384	
120378130	96	-464	16864	5.856	-28.304	1028.704	368	
120537624	64	-448	16832	3.904	-27.328	1026.752	416	
120697121	80	-448	16832	4.880	-27.328	1026.752	400	
120856619	80	-464	16800	4.880	-28.304	1024.800	352	
121016118	48	-464	16816	2.928	-28.304	1025.776	384	
121175611	80	-464	16864	4.880	-28.304	1028.704	416	
121335096	128	-432	16816	7.808	-26.352	1025.776	400	
121494591	48	-464	16832	2.928	-28.304	1026.752	384	
121654085	80	-464	16800	4.880	-28.304	1024.800	416	
121813574	32	-512	16832	1.952	-31.232	1026.752	416	
121973069	64	-448	16880	3.904	-27.328	1029.680	400	
122132563	16	-480	16752	0.976	-29.280	1021.872	368	
122292058	96	-464	16928	5.856	-28.304	1032.608	384	
122451558	64	-432	16864	3.904	-26.352	1028.704	384	
122611054	64	-496	16864	3.904	-30.256	1028.704	384	
122770547	80	-464	16864	4.880	-28.304	1028.704	368	
122930042	48	-480	16864	2.928	-29.280	1028.704	384	
123089534	112	-464	16848	6.832	-28.304	1027.728	368	
123249027	48	-448	16832	2.928	-27.328	1026.752	384	
123408518	48	-480	16816	2.928	-29.280	1025.776	368	
123568013	96	-448	16832	5.856	-27.328	1026.752	352	
123727506	80	-464	16848	4.880	-28.304	1027.728	368	
123887000	32	-448	16864	1.952	-27.328	1028.704	416	
124046496	96	-480	16832	5.856	-29.280	1026.752	400	
124205994	64	-480	16864	3.904	-29.280	1028.704	400	
124365479	80	-464	16832	4.880	-28.304	1026.752	368	
124524969	112	-448	16816	6.832	-27.328	1025.776	336	
124684459	112	-448	16864	6.832	-27.328	1028.704	416	
124843951	80	-448	16832	4.880	-27.328	1026.752	384	
125003446	128	-448	16864	7.808	-27.328	1028.704	400	
125162938	64	-448	16832	3.904	-27.328	1026.752	384	
125322426	64	-432	16816	3.904	-26.352	1025.776	384	
125481915	64	-464	16800	3.904	-28.304	1024.800	368	
125641406	96	-432	16864	5.856	-26.352	1028.704	432	
125800896	16	-496	16864	0.976	-30.256	1028.704	368	
125960388	80	-560	16832	4.880	-34.160	1026.752	400	
126119891	64	-448	16816	3.904	-27.328	1025.776	352	
126279385	80	-480	16848	4.880	-29.280	1027.728	400	
126438870	96	-432	16832	5.856	-26.352	1026.752	384	
126598356	80	-464	16848	4.880	-28.304	1027.728	400	
126757847	80	-432	16816	4.880	-26.352	1025.776	400	
126917339	80	-448	16832	4.880	-27.328	1026.752	384	
127076827	80	-416	16864	4.880	-25.376	1028.704	368	
127236314	80	-496	16864	4.880	-30.256	1028.704	384	
127395800	80	-480	16800	4.880	-29.280	1024.800	352	
127555299	16	-432	16816	0.976	-26.352	1025.776	368	
127714794	32	-480	16848	1.952	-29.280	1027.728	368	
127874285	80	-448	16864	4.880	-27.328	1028.704	368	
128033778	96	-448	16832	5.856	-27.328	1026.752	384	
128193271	64	-416	16832	3.904	-25.376	1026.752	384	
128352763	96	-448	16816	5.856	-27.328	1025.776	384	
128512255	96	-448	16880	5.856	-27.328	1029.680	368	
128671749	96	-464	16832	5.856	-28.304	1026.752	400	
128831242	64	-480	16880	3.904	-29.280	1029.680	352	
128990729	80	-464	16816	4.880	-28.304	1025.776	384	
129150225	96	-464	16864	5.856	-28.304	1028.704	368	
129309718	80	-480	16864	4.880	-29.280	1028.704	400	
129469212	128	-432	16832	7.808	-26.352	1026.752	384	
129628702	96	-432	16864	5.856	-26.352	1028.704	400	
129788196	48	-448	16832	2.928	-27.328	1026.752	368	
129947692	64	-512	16880	3.904	-31.232	1029.680	400	
130107186	112	-400	16816	6.832	-24.400	1025.776	368	
130266675	64	-464	16864	3.904	-28.304	1028.704	368	
130426166	80	-480	16848	4.880	-29.280	1027.728	400	
130585659	112	-464	16832	6.832	-28.304	1026.752	368	
130745143	112	-480	16832	6.832	-29.280	1026.752	384	
130904641	32	-464	16816	1.952	-28.304	1025.776	384	
131064134	96	-480	16832	5.856	-29.280	1026.752	416	
131223622	64	-448	16800	3.904	-27.328	1024.800	368	
131383109	80	-448	16832	4.880	-27.328	1026.752	352	
131542599	112	-496	16848	6.832	-30.256	1027.728	336	
131702085	128	-448	16848	7.808	-27.328	1027.728	384	
131861586	64	-432	16864	3.904	-26.352	1028.704	400	
132021078	80	-496	16816	4.880	-30.256	1025.776	368	
132180563	80	-432	16832	4.880	-26.352	1026.752	416	
132340052	112	-448	16800	6.832	-27.328	1024.800	384	
132499548	80	-464	16832	4.880	-28.304	1026.752	432	
132659045	80	-480	16864	4.880	-29.280	1028.704	384	
132818533	80	-448	16848	4.880	-27.328	1027.728	384	
132978021	80	-480	16848	4.880	-29.280	1027.728	368	
133137515	64	-464	16848	3.904	-28.304	1027.728	368	
133297012	48	-432	16880	2.928	-26.352	1029.680	384	
133456499	32	-448	16816	1.952	-27.328	1025.776	368	
133615987	64	-464	16816	3.904	-28.304	1025.776	416	
133775482	80	-464	16896	4.880	-28.304	1030.656	384	
133934977	80	-464	16832	4.880	-28.304	1026.752	368	
134094469	96	-496	16832	5.856	-30.256	1026.752	352	
134253963	96	-448	16848	5.856	-27.328	1027.728	400	
134413457	64	-480	16848	3.904	-29.280	1027.728	384	
134572953	64	-496	16832	3.904	-30.256	1026.752	368	
134732448	64	-416	16832	3.904	-25.376	1026.752	368	
134891941	64	-512	16864	3.904	-31.232	1028.704	400	
135051431	48	-512	16848	2.928	-31.232	1027.728	368	
135210932	64	-464	16832	3.904	-28.304	1026.752	384	
135370428	96	-464	16864	5.856	-28.304	1028.704	368	
135529927	64	-448	16864	3.904	-27.328	1028.704	368	
135689425	112	-480	16816	6.832	-29.280	1025.776	416	
135848917	80	-416	16848	4.880	-25.376	1027.728	432	
136008413	80	-480	16800	4.880	-29.280	1024.800	400	
136167907	80	-448	16816	4.880	-27.328	1025.776	384	
136327393	112	-480	16880	6.832	-29.280	1029.680	400	
136486882	96	-448	16848	5.856	-27.328	1027.728	400	
136646380	80	-480	16864	4.880	-29.280	1028.704	384	
136805869	80	-480	16816	4.880	-29.280	1025.776	368	
136965359	64	-464	16848	3.904	-28.304	1027.728	400	
137124849	64	-480	16832	3.904	-29.280	1026.752	384	
137284342	64	-464	16832	3.904	-28.304	1026.752	368	
137443832	64	-464	16880	3.904	-28.304	1029.680	432	
137603327	64	-480	16864	3.904	-29.280	1028.704	416	
137762817	0	-544	16832	0.000	-33.184	1026.752	368	
137922311	48	-512	16848	2.928	-31.232	1027.728	384	
138081805	112	-416	16864	6.832	-25.376	1028.704	400	
138241302	48	-400	16880	2.928	-24.400	1029.680	352	
138400797	80	-432	16864	4.880	-26.352	1028.704	416	
138560294	64	-480	16864	3.904	-29.280	1028.704	384	
138719790	64	-512	16864	3.904	-31.232	1028.704	368	
138879288	32	-448	16832	1.952	-27.328	1026.752	400	
139038780	16	-432	16864	0.976	-26.352	1028.704	368	
139198273	48	-464	16832	2.928	-28.304	1026.752	352	
139357768	64	-464	16880	3.904	-28.304	1029.680	384	
139517260	32	-448	16816	1.952	-27.328	1025.776	368	
139676760	64	-432	16848	3.904	-26.352	1027.728	400	
139836259	80	-480	16864	4.880	-29.280	1028.704	368	
139995753	80	-464	16832	4.880	-28.304	1026.752	400	
140155243	48	-496	16832	2.928	-30.256	1026.752	384	
140314738	48	-496	16832	2.928	-30.256	1026.752	368	
140474234	80	-448	16880	4.880	-27.328	1029.680	384	
140633725	64	-480	16880	3.904	-29.280	1029.680	384	
140793219	96	-448	16864	5.856	-27.328	1028.704	384	
140952723	80	-448	16816	4.880	-27.328	1025.776	400	
141112228	64	-464	16864	3.904	-28.304	1028.704	336	
141271727	96	-464	16864	5.856	-28.304	1028.704	368	
141431226	80	-432	16864	4.880	-26.352	1028.704	368	
141590725	16	-448	16848	0.976	-27.328	1027.728	416	
141750227	80	-432	16864	4.880	-26.352	1028.704	368	
141909726	48	-480	16864	2.928	-29.280	1028.704	384	
142069223	64	-432	16880	3.904	-26.352	1029.680	384	
142228718	64	-512	16864	3.904	-31.232	1028.704	416	
142388217	48	-416	16864	2.928	-25.376	1028.704	368	
142547717	96	-464	16864	5.856	-28.304	1028.704	368	
142707219	64	-512	16832	3.904	-31.232	1026.752	384	
142866713	32	-464	16864	1.952	-28.304	1028.704	384	
143026206	80	-480	16832	4.880	-29.280	1026.752	384	
143185698	64	-496	16864	3.904	-30.256	1028.704	384	
143345189	64	-464	16880	3.904	-28.304	1029.680	368	
143504683	48	-448	16800	2.928	-27.328	1024.800	368	
143664177	16	-416	16832	0.976	-25.376	1026.752	400	
143823674	16	-448	16832	0.976	-27.328	1026.752	384	
143983174	48	-432	16880	2.928	-26.352	1029.680	416	
144142672	112	-480	16848	6.832	-29.280	1027.728	416	
144302162	64	-480	16848	3.904	-29.280	1027.728	384	
144461664	48	-496	16864	2.928	-30.256	1028.704	368	
144621164	80	-496	16864	4.880	-30.256	1028.704	368	
144780666	80	-544	16848	4.880	-33.184	1027.728	368	
144940167	80	-448	16864	4.880	-27.328	1028.704	384	
145099661	16	-464	16848	0.976	-28.304	1027.728	432	
145259155	32	-464	16832	1.952	-28.304	1026.752	384	
145418653	32	-448	16832	1.952	-27.328	1026.752	384	
145578144	32	-480	16896	1.952	-29.280	1030.656	416	
145737634	48	-464	16832	2.928	-28.304	1026.752	400	
145897130	80	-464	16832	4.880	-28.304	1026.752	400	
146056627	64	-432	16864	3.904	-26.352	1028.704	400	
146216123	80	-432	16864	4.880	-26.352	1028.704	368	
146375615	64	-496	16864	3.904	-30.256	1028.704	400	
146535113	80	-464	16880	4.880	-28.304	1029.680	416	
146694610	64	-432	16864	3.904	-26.352	1028.704	416	
146854097	80	-464	16880	4.880	-28.304	1029.680	368	
147013592	80	-432	16864	4.880	-26.352	1028.704	368	
147173080	96	-448	16848	5.856	-27.328	1027.728	400	
147332568	32	-432	16880	1.952	-26.352	1029.680	400	
147492062	0	-432	16832	0.000	-26.352	1026.752	400	
147651556	64	-432	16816	3.904	-26.352	1025.776	368	
147811050	80	-448	16864	4.880	-27.328	1028.704	368	
147970541	80	-448	16880	4.880	-27.328	1029.680	416	
148130027	96	-496	16800	5.856	-30.256	1024.800	416	
148289516	64	-448	16832	3.904	-27.328	1026.752	400	
148449012	128	-448	16832	7.808	-27.328	1026.752	400	
148608511	48	-432	16864	2.928	-26.352	1028.704	368	
148768006	80	-464	16864	4.880	-28.304	1028.704	384	
148927503	48	-432	16864	2.928	-26.352	1028.704	400	
149086999	64	-448	16832	3.904	-27.328	1026.752	400	
149246491	80	-464	16848	4.880	-28.304	1027.728	384	
149405981	80	-512	16864	4.880	-31.232	1028.704	368	
149565474	32	-464	16864	1.952	-28.304	1028.704	368	
149724970	80	-432	16864	4.880	-26.352	1028.704	384	
149884474	64	-432	16864	3.904	-26.352	1028.704	400	
150043974	96	-416	16848	5.856	-25.376	1027.728	400	
150203470	16	-480	16880	0.976	-29.280	1029.680	368	
150362969	48	-448	16864	2.928	-27.328	1028.704	416	
150522467	64	-416	16880	3.904	-25.376	1029.680	400	
150681971	80	-448	16832	4.880	-27.328	1026.752	384	
150841465	80	-448	16832	4.880	-27.328	1026.752	384	
151000958	192	-688	16864	11.712	-41.968	1028.704	368	
151160449	96	-464	16864	5.856	-28.304	1028.704	400	
151319935	64	-448	16800	3.904	-27.328	1024.800	400	
151479433	32	-432	16864	1.952	-26.352	1028.704	400	
151638934	96	-432	16864	5.856	-26.352	1028.704	400	
151798420	48	-480	16864	2.928	-29.280	1028.704	368	
151957917	48	-448	16800	2.928	-27.328	1024.800	400	
152117415	16	-432	16864	0.976	-26.352	1028.704	352	
152276913	64	-464	16832	3.904	-28.304	1026.752	384	
152436405	48	-432	16864	2.928	-26.352	1028.704	384	
152595897	96	-400	16864	5.856	-24.400	1028.704	368	
152755391	96	-448	16864	5.856	-27.328	1028.704	400	
152914883	64	-416	16816	3.904	-25.376	1025.776	368	
153074380	112	-432	16832	6.832	-26.352	1026.752	368	
153233873	80	-416	16800	4.880	-25.376	1024.800	352	
153393361	48	-464	16864	2.928	-28.304	1028.704	384	
153552847	64	-416	16928	3.904	-25.376	1032.608	400	
153712345	48	-448	16832	2.928	-27.328	1026.752	400	
153871837	80	-416	16864	4.880	-25.376	1028.704	384	
154031327	16	-432	16880	0.976	-26.352	1029.680	400	
154190819	80	-432	16896	4.880	-26.352	1030.656	400	
154350312	64	-464	16832	3.904	-28.304	1026.752	400	
154509799	80	-416	16864	4.880	-25.376	1028.704	384	
154669286	48	-464	16864	2.928	-28.304	1028.704	400	
154828782	96	-448	16800	5.856	-27.328	1024.800	400	
154988277	48	-432	16864	2.928	-26.352	1028.704	400	
155147765	80	-448	16816	4.880	-27.328	1025.776	400	
155307255	80	-384	16832	4.880	-23.424	1026.752	384	
155466748	96	-416	16864	5.856	-25.376	1028.704	432	
155626236	112	-464	16864	6.832	-28.304	1028.704	384	
155785722	80	-480	16816	4.880	-29.280	1025.776	400	
155945215	48	-432	16848	2.928	-26.352	1027.728	400	
156104707	96	-432	16864	5.856	-26.352	1028.704	368	
156264198	16	-432	16864	0.976	-26.352	1028.704	400	
156423686	64	-464	16864	3.904	-28.304	1028.704	384	
156583173	80	-496	16848	4.880	-30.256	1027.728	384	
156742664	96	-432	16832	5.856	-26.352	1026.752	416	
156902149	48	-432	16880	2.928	-26.352	1029.680	368	
157061637	80	-416	16848	4.880	-25.376	1027.728	384	
157221126	128	-448	16832	7.808	-27.328	1026.752	384	
157380614	64	-432	16848	3.904	-26.352	1027.728	384	
157540111	48	-448	16864	2.928	-27.328	1028.704	400	
157699605	96	-432	16864	5.856	-26.352	1028.704	368	
157859091	80	-416	16800	4.880	-25.376	1024.800	368	
158018582	112	-448	16864	6.832	-27.328	1028.704	368	
158178074	64	-432	16864	3.904	-26.352	1028.704	384	
158337574	64	-416	16864	3.904	-25.376	1028.704	400	
158497063	80	-432	16832	4.880	-26.352	1026.752	384	
158656560	80	-480	16864	4.880	-29.280	1028.704	320	
158816049	96	-400	16880	5.856	-24.400	1029.680	352	
158975543	64	-416	16848	3.904	-25.376	1027.728	368	
159135032	80	-480	16848	4.880	-29.280	1027.728	368	
159294525	16	-480	16800	0.976	-29.280	1024.800	368	
159454022	32	-496	16864	1.952	-30.256	1028.704	368	
159613514	48	-480	16816	2.928	-29.280	1025.776	400	
159773006	80	-432	16864	4.880	-26.352	1028.704	400	
159932501	48	-432	16832	2.928	-26.352	1026.752	384	
160091995	64	-400	16832	3.904	-24.400	1026.752	368	
160251486	96	-432	16896	5.856	-26.352	1030.656	384	
160410986	48	-432	16832	2.928	-26.352	1026.752	384	
160570481	32	-480	16864	1.952	-29.280	1028.704	384	
160729972	32	-448	16864	1.952	-27.328	1028.704	336	
160889464	64	-448	16864	3.904	-27.328	1028.704	368	
161048955	96	-432	16848	5.856	-26.352	1027.728	384	
161208447	96	-432	16832	5.856	-26.352	1026.752	368	
161367931	48	-416	16896	2.928	-25.376	1030.656	352	
161527418	48	-464	16864	2.928	-28.304	1028.704	400	
161686906	96	-448	16880	5.856	-27.328	1029.680	400	
161846395	64	-400	16880	3.904	-24.400	1029.680	384	
162005893	48	-448	16864	2.928	-27.328	1028.704	384	
162165389	48	-480	16880	2.928	-29.280	1029.680	384	
162324884	64	-512	16864	3.904	-31.232	1028.704	384	
162484383	64	-416	16864	3.904	-25.376	1028.704	352	
162643875	48	-432	16832	2.928	-26.352	1026.752	384	
162803366	80	-432	16880	4.880	-26.352	1029.680	384	
162962856	80	-416	16848	4.880	-25.376	1027.728	368	
163122354	128	-448	16848	7.808	-27.328	1027.728	400	
163281850	64	-464	16848	3.904	-28.304	1027.728	400	
163441350	96	-448	16864	5.856	-27.328	1028.704	368	
163600842	48	-432	16880	2.928	-26.352	1029.680	400	
163760334	64	-368	16864	3.904	-22.448	1028.704	384	
163919819	48	-464	16864	2.928	-28.304	1028.704	400	
164079314	64	-416	16816	3.904	-25.376	1025.776	368	
164238796	80	-448	16864	4.880	-27.328	1028.704	384	
164398286	32	-432	16864	1.952	-26.352	1028.704	432	
164557776	32	-416	16832	1.952	-25.376	1026.752	352	
164717262	80	-432	16832	4.880	-26.352	1026.752	400	
164876754	64	-448	16896	3.904	-27.328	1030.656	400	
165036245	80	-464	16832	4.880	-28.304	1026.752	368	
165195735	96	-416	16864	5.856	-25.376	1028.704	352	
165355226	64	-432	16848	3.904	-26.352	1027.728	400	
165514717	64	-464	16864	3.904	-28.304	1028.704	416	
165674212	48	-432	16864	2.928	-26.352	1028.704	384	
165833709	48	-432	16832	2.928	-26.352	1026.752	400	
165993207	32	-432	16816	1.952	-26.352	1025.776	384	
166152715	80	-432	16880	4.880	-26.352	1029.680	384	
166312216	80	-448	16864	4.880	-27.328	1028.704	352	
166471727	64	-464	16864	3.904	-28.304	1028.704	384	
166631230	64	-464	16864	3.904	-28.304	1028.704	400	
166790727	80	-432	16832	4.880	-26.352	1026.752	384	
166950234	48	-432	16864	2.928	-26.352	1028.704	416	
167109735	80	-448	16864	4.880	-27.328	1028.704	400	
167269231	80	-464	16880	4.880	-28.304	1029.680	416	
167428730	16	-448	16832	0.976	-27.328	1026.752	384	
167588228	48	-432	16880	2.928	-26.352	1029.680	384	
167747728	80	-416	16880	4.880	-25.376	1029.680	400	
167907227	48	-448	16848	2.928	-27.328	1027.728	384	
168066726	48	-464	16864	2.928	-28.304	1028.704	384	
168226215	80	-416	16848	4.880	-25.376	1027.728	384	
168385714	64	-432	16848	3.904	-26.352	1027.728	384	
168545210	80	-416	16848	4.880	-25.376	1027.728	400	
168704702	48	-432	16848	2.928	-26.352	1027.728	384	
168864208	96	-432	16880	5.856	-26.352	1029.680	384	
169023707	48	-400	16864	2.928	-24.400	1028.704	384	
169183212	80	-432	16816	4.880	-26.352	1025.776	416	
169342710	48	-432	16864	2.928	-26.352	1028.704	368	
169502208	48	-416	16848	2.928	-25.376	1027.728	400	
169661709	80	-432	16864	4.880	-26.352	1028.704	368	
169821209	32	-480	16864	1.952	-29.280	1028.704	384	
169980709	48	-416	16880	2.928	-25.376	1029.680	384	
170140203	48	-416	16848	2.928	-25.376	1027.728	352	
170299703	80	-432	16864	4.880	-26.352	1028.704	368	
170459208	16	-448	16880	0.976	-27.328	1029.680	400	
170618707	48	-400	16848	2.928	-24.400	1027.728	400	
170778198	80	-416	16816	4.880	-25.376	1025.776	416	
170937691	48	-448	16864	2.928	-27.328	1028.704	400	
171097186	80	-464	16880	4.880	-28.304	1029.680	400	
171256680	80	-432	16848	4.880	-26.352	1027.728	384	
171416180	48	-464	16864	2.928	-28.304	1028.704	400	
171575684	16	-432	16864	0.976	-26.352	1028.704	384	
171735188	80	-400	16880	4.880	-24.400	1029.680	368	
171894692	-32	192	16800	-1.952	11.712	1024.800	368	
172054194	16	-448	16832	0.976	-27.328	1026.752	384	
172213696	48	-384	16896	2.928	-23.424	1030.656	384	
172373195	80	-464	16864	4.880	-28.304	1028.704	384	
172532692	32	-416	16864	1.952	-25.376	1028.704	432	
172692193	80	-416	16832	4.880	-25.376	1026.752	384	
172851688	96	-480	16832	5.856	-29.280	1026.752	384	
173011186	96	-416	16864	5.856	-25.376	1028.704	368	
173170688	80	-432	16880	4.880	-26.352	1029.680	384	
173330187	64	-416	16816	3.904	-25.376	1025.776	416	
173489686	80	-416	16816	4.880	-25.376	1025.776	384	
173649173	64	-416	16832	3.904	-25.376	1026.752	384	
