Timestamp [us]	A_X [LSB]	A_Y [LSB]	A_Z [LSB]	A_X [mg]	A_Y [mg]	A_Z [mg]	QVAR [LSB]	
8228	144	-528	16960	8.784	-32.208	1034.560	240	
167750	240	-480	16960	14.640	-29.280	1034.560	160	
327270	192	-480	16960	11.712	-29.280	1034.560	128	
486796	240	-464	16944	14.640	-28.304	1033.584	208	
646319	176	-480	16960	10.736	-29.280	1034.560	192	
805841	208	-480	16960	12.688	-29.280	1034.560	272	
965359	176	-496	16928	10.736	-30.256	1032.608	304	
1124882	160	-528	16960	9.760	-32.208	1034.560	256	
1284405	176	-528	16976	10.736	-32.208	1035.536	240	
1443917	240	-544	17024	14.640	-33.184	1038.464	288	
1603435	160	-480	16960	9.760	-29.280	1034.560	192	
1762953	176	-512	16944	10.736	-31.232	1033.584	144	
1922471	224	-496	16944	13.664	-30.256	1033.584	256	
2081990	208	-480	16976	12.688	-29.280	1035.536	448	
2241504	176	-560	16960	10.736	-34.160	1034.560	224	
2401021	160	-528	16896	9.760	-32.208	1030.656	192	
2560531	240	-544	16944	14.640	-33.184	1033.584	272	
2720047	192	-496	16976	11.712	-30.256	1035.536	192	
2879561	224	-496	16992	13.664	-30.256	1036.512	64	
3039080	192	-496	16992	11.712	-30.256	1036.512	224	
3198585	208	-528	16976	12.688	-32.208	1035.536	240	
3358093	240	-512	16928	14.640	-31.232	1032.608	256	
3517601	192	-480	16992	11.712	-29.280	1036.512	224	
3677117	176	-528	16960	10.736	-32.208	1034.560	256	
3836625	192	-528	16992	11.712	-32.208	1036.512	192	
3996134	208	-512	16976	12.688	-31.232	1035.536	288	
4155621	224	-512	16944	13.664	-31.232	1033.584	224	
4315110	240	-512	16928	14.640	-31.232	1032.608	272	
4474594	192	-496	16928	11.712	-30.256	1032.608	256	
4634085	208	-496	16960	12.688	-30.256	1034.560	304	
4793576	208	-560	16960	12.688	-34.160	1034.560	240	
4953063	208	-512	16960	12.688	-31.232	1034.560	224	
5112555	160	-496	16960	9.760	-30.256	1034.560	256	
5272045	208	-496	16992	12.688	-30.256	1036.512	176	
5431532	144	-496	16960	8.784	-30.256	1034.560	144	
5591017	208	-528	16960	12.688	-32.208	1034.560	256	
5750501	208	-512	16960	12.688	-31.232	1034.560	512	
5909993	192	-512	16976	11.712	-31.232	1035.536	256	
6069482	192	-512	16960	11.712	-31.232	1034.560	224	
6228967	240	-512	16976	14.640	-31.232	1035.536	240	
6388446	224	-528	16960	13.664	-32.208	1034.560	240	
6547933	192	-512	16960	11.712	-31.232	1034.560	48	
6707417	192	-512	16944	11.712	-31.232	1033.584	240	
6866902	224	-496	16960	13.664	-30.256	1034.560	256	
7026387	192	-560	16928	11.712	-34.160	1032.608	256	
7185878	208	-528	17008	12.688	-32.208	1037.488	192	
7345371	176	-496	16976	10.736	-30.256	1035.536	272	
7504866	224	-512	16992	13.664	-31.232	1036.512	192	
7664359	144	-512	16960	8.784	-31.232	1034.560	240	
7823849	208	-512	16944	12.688	-31.232	1033.584	176	
7983340	208	-512	16960	12.688	-31.232	1034.560	256	
8142828	160	-528	16960	9.760	-32.208	1034.560	272	
8302323	192	-496	16992	11.712	-30.256	1036.512	304	
8461810	224	-544	16976	13.664	-33.184	1035.536	272	
8621301	160	-512	16976	9.760	-31.232	1035.536	208	
8780798	208	-528	16992	12.688	-32.208	1036.512	256	
8940287	192	-528	16992	11.712	-32.208	1036.512	128	
9099782	176	-496	16960	10.736	-30.256	1034.560	128	
9259280	160	-528	16992	9.760	-32.208	1036.512	256	
9418775	208	-496	16960	12.688	-30.256	1034.560	528	
9578265	176	-480	17008	10.736	-29.280	1037.488	224	
9737752	176	-512	17008	10.736	-31.232	1037.488	256	
9897247	208	-496	17008	12.688	-30.256	1037.488	288	
10056741	192	-512	16944	11.712	-31.232	1033.584	192	
10216233	192	-496	16960	11.712	-30.256	1034.560	64	
10375727	144	-544	16960	8.784	-33.184	1034.560	256	
10535218	192	-544	16928	11.712	-33.184	1032.608	224	
10694709	192	-592	16928	11.712	-36.112	1032.608	240	
10854197	160	-496	17024	9.760	-30.256	1038.464	256	
11013683	176	-576	16992	10.736	-35.136	1036.512	272	
11173168	160	-544	16960	9.760	-33.184	1034.560	240	
11332654	208	-544	16960	12.688	-33.184	1034.560	320	
11492147	176	-464	16960	10.736	-28.304	1034.560	192	
11651637	192	-512	16960	11.712	-31.232	1034.560	144	
11811134	240	-512	16928	14.640	-31.232	1032.608	272	
11970622	192	-496	16928	11.712	-30.256	1032.608	416	
12130109	208	-512	16976	12.688	-31.232	1035.536	256	
12289594	208	-512	16928	12.688	-31.232	1032.608	224	
12449079	160	-544	16976	9.760	-33.184	1035.536	240	
12608571	208	-528	17008	12.688	-32.208	1037.488	176	
12768054	128	-528	16992	7.808	-32.208	1036.512	112	
12927542	176	-528	16992	10.736	-32.208	1036.512	208	
13087024	192	-480	16960	11.712	-29.280	1034.560	272	
13246512	192	-480	16992	11.712	-29.280	1036.512	240	
13406007	192	-480	16960	11.712	-29.280	1034.560	192	
13565499	176	-512	17008	10.736	-31.232	1037.488	272	
13724993	224	-512	16944	13.664	-31.232	1033.584	240	
13884480	160	-512	16992	9.760	-31.232	1036.512	208	
14043967	208	-480	17024	12.688	-29.280	1038.464	160	
14203456	208	-480	16992	12.688	-29.280	1036.512	192	
14362958	192	-496	16976	11.712	-30.256	1035.536	288	
14522439	160	-464	17008	9.760	-28.304	1037.488	368	
14681937	176	-592	17008	10.736	-36.112	1037.488	240	
14841433	160	-688	16928	9.760	-41.968	1032.608	176	
15000927	224	-560	16960	13.664	-34.160	1034.560	272	
15160419	176	-448	16960	10.736	-27.328	1034.560	208	
15319914	176	-512	16960	10.736	-31.232	1034.560	96	
15479408	208	-480	17040	12.688	-29.280	1039.440	224	
15638902	208	-464	16992	12.688	-28.304	1036.512	368	
15798398	176	-528	16992	10.736	-32.208	1036.512	240	
15957895	176	-480	16944	10.736	-29.280	1033.584	224	
16117387	160	-544	16992	9.760	-33.184	1036.512	256	
16276882	224	-544	16960	13.664	-33.184	1034.560	192	
16436384	192	-560	16992	11.712	-34.160	1036.512	0	
16595876	176	-512	17008	10.736	-31.232	1037.488	208	
16755369	176	-528	16928	10.736	-32.208	1032.608	208	
16914859	208	-528	16976	12.688	-32.208	1035.536	272	
17074346	176	-480	16960	10.736	-29.280	1034.560	272	
17233837	224	-496	16992	13.664	-30.256	1036.512	256	
17393325	176	-528	16976	10.736	-32.208	1035.536	192	
17552817	192	-512	16960	11.712	-31.232	1034.560	256	
17712311	192	-496	16960	11.712	-30.256	1034.560	192	
17871806	176	-528	16992	10.736	-32.208	1036.512	160	
18031296	192	-496	16960	11.712	-30.256	1034.560	240	
18190789	192	-512	16960	11.712	-31.232	1034.560	480	
18350285	160	-560	16992	9.760	-34.160	1036.512	256	
18509774	208	-480	16992	12.688	-29.280	1036.512	144	
18669272	176	-528	16992	10.736	-32.208	1036.512	240	
18828771	208	-448	16976	12.688	-27.328	1035.536	112	
18988264	224	-464	16960	13.664	-28.304	1034.560	80	
19147748	208	-496	16992	12.688	-30.256	1036.512	256	
19307236	208	-528	16928	12.688	-32.208	1032.608	240	
19466728	208	-528	16992	12.688	-32.208	1036.512	224	
19626216	160	-480	16992	9.760	-29.280	1036.512	192	
19785702	192	-512	16992	11.712	-31.232	1036.512	240	
19945198	176	-464	17008	10.736	-28.304	1037.488	192	
20104694	192	-496	16960	11.712	-30.256	1034.560	240	
20264191	160	-544	16960	9.760	-33.184	1034.560	208	
20423684	192	-528	16944	11.712	-32.208	1033.584	224	
20583182	224	-528	16960	13.664	-32.208	1034.560	224	
20742680	144	-544	16992	8.784	-33.184	1036.512	288	
20902177	160	-544	16960	9.760	-33.184	1034.560	240	
21061677	176	-528	16976	10.736	-32.208	1035.536	160	
21221177	208	-544	16960	12.688	-33.184	1034.560	240	
21380675	176	-496	16992	10.736	-30.256	1036.512	192	
21540184	256	-512	16928	15.616	-31.232	1032.608	96	
21699692	208	-512	17024	12.688	-31.232	1038.464	256	
21859189	208	-528	16960	12.688	-32.208	1034.560	496	
22018691	208	-544	16928	12.688	-33.184	1032.608	224	
22178188	160	-464	16992	9.760	-28.304	1036.512	176	
22337682	176	-528	16944	10.736	-32.208	1033.584	288	
22497185	176	-464	16960	10.736	-28.304	1034.560	176	
22656679	192	-512	16976	11.712	-31.232	1035.536	96	
22816178	176	-464	16992	10.736	-28.304	1036.512	224	
22975675	176	-512	16960	10.736	-31.232	1034.560	224	
23135170	208	-496	17008	12.688	-30.256	1037.488	272	
23294667	192	-544	17024	11.712	-33.184	1038.464	208	
23454165	208	-560	16944	12.688	-34.160	1033.584	240	
23613660	192	-528	16992	11.712	-32.208	1036.512	208	
23773161	176	-528	17024	10.736	-32.208	1038.464	224	
23932663	144	-480	17088	8.784	-29.280	1042.368	176	
24092156	240	-336	17040	14.640	-20.496	1039.440	192	
24251651	208	-416	16992	12.688	-25.376	1036.512	288	
24411145	192	-416	16992	11.712	-25.376	1036.512	336	
24570642	224	-512	16992	13.664	-31.232	1036.512	224	
24730141	144	-544	16992	8.784	-33.184	1036.512	240	
24889644	192	-528	16992	11.712	-32.208	1036.512	224	
25049136	192	-544	16960	11.712	-33.184	1034.560	192	
25208631	160	-560	17008	9.760	-34.160	1037.488	80	
25368128	176	-480	16960	10.736	-29.280	1034.560	256	
25527619	192	-480	16976	11.712	-29.280	1035.536	400	
25687112	176	-528	16992	10.736	-32.208	1036.512	224	
25846609	160	-480	16960	9.760	-29.280	1034.560	208	
26006103	240	-512	16992	14.640	-31.232	1036.512	240	
26165603	128	-512	16944	7.808	-31.232	1033.584	192	
26325095	208	-512	16960	12.688	-31.232	1034.560	64	
26484592	128	-576	17008	7.808	-35.136	1037.488	224	
26644091	176	-576	16944	10.736	-35.136	1033.584	208	
26803583	224	-496	17008	13.664	-30.256	1037.488	256	
26963075	176	-480	16944	10.736	-29.280	1033.584	240	
27122568	240	-448	16976	14.640	-27.328	1035.536	240	
27282059	240	-480	16976	14.640	-29.280	1035.536	192	
27441554	192	-432	16960	11.712	-26.352	1034.560	256	
27601044	224	-448	16960	13.664	-27.328	1034.560	192	
27760534	224	-480	16992	13.664	-29.280	1036.512	176	
27920027	160	-464	16976	9.760	-28.304	1035.536	256	
28079519	208	-480	16992	12.688	-29.280	1036.512	400	
28239020	192	-448	16928	11.712	-27.328	1032.608	256	
28398515	160	-448	16992	9.760	-27.328	1036.512	192	
28558011	208	-512	17008	12.688	-31.232	1037.488	256	
28717508	192	-560	16976	11.712	-34.160	1035.536	208	
28877005	160	-544	16960	9.760	-33.184	1034.560	64	
29036504	192	-512	16960	11.712	-31.232	1034.560	256	
29195992	144	-544	16992	8.784	-33.184	1036.512	304	
29355486	192	-480	16944	11.712	-29.280	1033.584	240	
29514975	192	-528	16944	11.712	-32.208	1033.584	192	
29674468	176	-512	16992	10.736	-31.232	1036.512	288	
29833961	144	-528	16944	8.784	-32.208	1033.584	256	
29993458	144	-544	16960	8.784	-33.184	1034.560	32	
30152947	176	-528	16960	10.736	-32.208	1034.560	224	
30312431	192	-496	16960	11.712	-30.256	1034.560	176	
30471921	192	-528	17008	11.712	-32.208	1037.488	240	
30631408	224	-528	16960	13.664	-32.208	1034.560	272	
30790901	160	-560	16992	9.760	-34.160	1036.512	224	
30950395	224	-544	16992	13.664	-33.184	1036.512	208	
31109890	192	-560	16960	11.712	-34.160	1034.560	192	
31269388	176	-560	16992	10.736	-34.160	1036.512	144	
31428879	192	-480	16976	11.712	-29.280	1035.536	160	
31588370	192	-528	16976	11.712	-32.208	1035.536	272	
31747852	192	-512	16960	11.712	-31.232	1034.560	384	
31907337	192	-512	16960	11.712	-31.232	1034.560	272	
32066821	208	-528	16944	12.688	-32.208	1033.584	176	
32226310	192	-496	16944	11.712	-30.256	1033.584	288	
32385798	208	-528	16960	12.688	-32.208	1034.560	192	
32545291	192	-528	16976	11.712	-32.208	1035.536	112	
32704779	176	-448	16960	10.736	-27.328	1034.560	224	
32864265	192	-560	16960	11.712	-34.160	1034.560	304	
33023747	176	-512	16992	10.736	-31.232	1036.512	240	
33183238	160	-560	16960	9.760	-34.160	1034.560	208	
33342727	176	-496	16992	10.736	-30.256	1036.512	272	
33502222	192	-496	16960	11.712	-30.256	1034.560	192	
33661707	160	-528	16992	9.760	-32.208	1036.512	96	
33821192	208	-512	16992	12.688	-31.232	1036.512	288	
33980686	208	-528	16992	12.688	-32.208	1036.512	192	
34140180	208	-544	16976	12.688	-33.184	1035.536	288	
34299672	224	-560	16976	13.664	-34.160	1035.536	272	
34459164	208	-576	16928	12.688	-35.136	1032.608	224	
34618651	144	-528	16960	8.784	-32.208	1034.560	208	
34778135	224	-560	16960	13.664	-34.160	1034.560	288	
34937623	224	-480	17008	13.664	-29.280	1037.488	176	
35097109	176	-480	16992	10.736	-29.280	1036.512	192	
35256598	176	-512	16960	10.736	-31.232	1034.560	224	
35416088	224	-528	16960	13.664	-32.208	1034.560	416	
35575584	176	-544	16976	10.736	-33.184	1035.536	272	
35735076	208	-512	16960	12.688	-31.232	1034.560	224	
35894563	224	-480	16992	13.664	-29.280	1036.512	240	
36054051	224	-496	16992	13.664	-30.256	1036.512	160	
36213541	176	-528	17024	10.736	-32.208	1038.464	64	
36373027	160	-528	16992	9.760	-32.208	1036.512	192	
36532515	192	-512	16992	11.712	-31.232	1036.512	208	
36692006	192	-544	16992	11.712	-33.184	1036.512	256	
36851495	224	-432	16992	13.664	-26.352	1036.512	208	
37010985	176	-512	17008	10.736	-31.232	1037.488	272	
37170472	208	-528	16960	12.688	-32.208	1034.560	160	
37329958	208	-544	16960	12.688	-33.184	1034.560	288	
37489443	224	-544	16976	13.664	-33.184	1035.536	192	
37648926	176	-480	16992	10.736	-29.280	1036.512	192	
37808417	208	-528	16992	12.688	-32.208	1036.512	240	
37967905	208	-448	17008	12.688	-27.328	1037.488	304	
38127395	224	-496	17008	13.664	-30.256	1037.488	240	
38286885	192	-528	16992	11.712	-32.208	1036.512	208	
38446375	208	-512	17024	12.688	-31.232	1038.464	272	
38605865	176	-496	17008	10.736	-30.256	1037.488	160	
38765353	208	-464	16976	12.688	-28.304	1035.536	128	
38924847	192	-480	17008	11.712	-29.280	1037.488	224	
39084338	144	-544	16928	8.784	-33.184	1032.608	464	
39243829	224	-560	17024	13.664	-34.160	1038.464	240	
39403315	176	-544	16992	10.736	-33.184	1036.512	144	
39562805	192	-560	17008	11.712	-34.160	1037.488	256	
39722291	176	-480	17024	10.736	-29.280	1038.464	176	
39881783	224	-480	17024	13.664	-29.280	1038.464	32	
40041281	208	-432	16992	12.688	-26.352	1036.512	208	
40200771	160	-560	16928	9.760	-34.160	1032.608	240	
40360263	208	-512	16992	12.688	-31.232	1036.512	272	
40519750	144	-544	16960	8.784	-33.184	1034.560	240	
40679236	176	-528	16960	10.736	-32.208	1034.560	288	
40838724	208	-464	17008	12.688	-28.304	1037.488	208	
40998207	160	-496	17008	9.760	-30.256	1037.488	272	
41157695	176	-496	17024	10.736	-30.256	1038.464	192	
41317180	192	-528	17008	11.712	-32.208	1037.488	192	
41476664	208	-528	16976	12.688	-32.208	1035.536	256	
41636150	192	-512	16992	11.712	-31.232	1036.512	400	
41795640	176	-528	16976	10.736	-32.208	1035.536	272	
41955128	208	-512	16976	12.688	-31.232	1035.536	192	
42114615	176	-512	17008	10.736	-31.232	1037.488	272	
42274104	176	-496	16992	10.736	-30.256	1036.512	224	
42433598	192	-480	17024	11.712	-29.280	1038.464	64	
42593089	176	-512	16960	10.736	-31.232	1034.560	272	
42752578	240	-512	16928	14.640	-31.232	1032.608	352	
42912071	192	-512	16992	11.712	-31.232	1036.512	272	
43071555	192	-496	16992	11.712	-30.256	1036.512	224	
43231045	192	-544	16992	11.712	-33.184	1036.512	224	
43390536	208	-544	16944	12.688	-33.184	1033.584	224	
43550022	192	-528	16944	11.712	-32.208	1033.584	128	
43709512	192	-528	16976	11.712	-32.208	1035.536	240	
43868998	192	-496	16976	11.712	-30.256	1035.536	176	
44028487	224	-512	17008	13.664	-31.232	1037.488	256	
44187977	176	-512	17008	10.736	-31.232	1037.488	288	
44347464	160	-512	16944	9.760	-31.232	1033.584	272	
44506945	208	-544	16992	12.688	-33.184	1036.512	208	
44666432	176	-512	16992	10.736	-31.232	1036.512	272	
44825915	208	-560	16944	12.688	-34.160	1033.584	192	
44985405	192	-512	16992	11.712	-31.232	1036.512	144	
45144901	176	-496	16992	10.736	-30.256	1036.512	256	
45304406	256	-512	16992	15.616	-31.232	1036.512	464	
45463902	192	-480	16944	11.712	-29.280	1033.584	256	
45623395	160	-528	16976	9.760	-32.208	1035.536	208	
45782889	224	-496	16992	13.664	-30.256	1036.512	288	
45942373	160	-480	16992	9.760	-29.280	1036.512	176	
46101864	176	-592	16992	10.736	-36.112	1036.512	64	
46261355	192	-528	16928	11.712	-32.208	1032.608	240	
46420845	192	-512	16944	11.712	-31.232	1033.584	256	
46580337	176	-544	17008	10.736	-33.184	1037.488	256	
46739831	208	-528	16960	12.688	-32.208	1034.560	224	
46899322	240	-512	16960	14.640	-31.232	1034.560	224	
47058816	208	-544	16976	12.688	-33.184	1035.536	208	
47218310	160	-512	16992	9.760	-31.232	1036.512	160	
47377803	192	-560	16960	11.712	-34.160	1034.560	176	
47537292	192	-512	17024	11.712	-31.232	1038.464	256	
47696787	176	-528	17040	10.736	-32.208	1039.440	272	
47856286	176	-528	16960	10.736	-32.208	1034.560	304	
48015782	160	-528	16960	9.760	-32.208	1034.560	272	
48175277	256	-480	16944	15.616	-29.280	1033.584	176	
48334765	192	-480	17008	11.712	-29.280	1037.488	288	
48494248	176	-464	16960	10.736	-28.304	1034.560	192	
48653739	208	-544	16960	12.688	-33.184	1034.560	176	
48813232	192	-576	16976	11.712	-35.136	1035.536	288	
48972720	224	-512	16944	13.664	-31.232	1033.584	464	
49132213	176	-512	17024	10.736	-31.232	1038.464	288	
49291700	176	-464	17008	10.736	-28.304	1037.488	208	
49451190	192	-480	16992	11.712	-29.280	1036.512	256	
49610672	192	-512	16960	11.712	-31.232	1034.560	176	
49770162	176	-528	16960	10.736	-32.208	1034.560	64	
49929653	208	-528	16992	12.688	-32.208	1036.512	224	
50089141	208	-544	16960	12.688	-33.184	1034.560	208	
50248636	176	-528	16992	10.736	-32.208	1036.512	240	
50408133	192	-512	16960	11.712	-31.232	1034.560	208	
50567615	176	-480	17008	10.736	-29.280	1037.488	272	
50727100	160	-528	16976	9.760	-32.208	1035.536	160	
50886583	176	-544	16992	10.736	-33.184	1036.512	192	
51046071	208	-560	16960	12.688	-34.160	1034.560	176	
51205555	208	-544	16976	12.688	-33.184	1035.536	192	
51365044	208	-528	17008	12.688	-32.208	1037.488	224	
51524538	176	-480	17008	10.736	-29.280	1037.488	368	
51684028	176	-496	16960	10.736	-30.256	1034.560	224	
51843516	176	-512	16992	10.736	-31.232	1036.512	208	
52003008	208	-448	16960	12.688	-27.328	1034.560	256	
52162502	224	-496	16992	13.664	-30.256	1036.512	176	
52321996	224	-464	16960	13.664	-28.304	1034.560	112	
52481488	224	-432	16976	13.664	-26.352	1035.536	240	
52640978	176	-480	16992	10.736	-29.280	1036.512	432	
52800467	208	-528	16944	12.688	-32.208	1033.584	256	
52959958	176	-544	17008	10.736	-33.184	1037.488	208	
53119455	192	-512	16944	11.712	-31.232	1033.584	240	
53278940	208	-528	16960	12.688	-32.208	1034.560	208	
53438430	160	-512	16960	9.760	-31.232	1034.560	160	
53597918	144	-528	17040	8.784	-32.208	1039.440	208	
53757406	192	-512	16976	11.712	-31.232	1035.536	224	
53916891	192	-512	16992	11.712	-31.232	1036.512	272	
54076378	192	-512	16944	11.712	-31.232	1033.584	256	
54235870	192	-496	16992	11.712	-30.256	1036.512	240	
54395359	208	-480	16928	12.688	-29.280	1032.608	176	
54554852	224	-448	16992	13.664	-27.328	1036.512	256	
54714339	224	-496	16992	13.664	-30.256	1036.512	192	
54873827	160	-496	17008	9.760	-30.256	1037.488	80	
55033314	208	-528	16992	12.688	-32.208	1036.512	240	
55192809	208	-528	16992	12.688	-32.208	1036.512	400	
55352296	192	-528	16992	11.712	-32.208	1036.512	272	
55511784	208	-528	16944	12.688	-32.208	1033.584	176	
55671273	176	-544	16992	10.736	-33.184	1036.512	256	
55830765	192	-544	17008	11.712	-33.184	1037.488	176	
55990252	176	-544	16992	10.736	-33.184	1036.512	64	
56149754	176	-496	16960	10.736	-30.256	1034.560	224	
56309257	192	-528	16960	11.712	-32.208	1034.560	208	
56468762	192	-480	16944	11.712	-29.280	1033.584	256	
56628260	192	-512	16960	11.712	-31.232	1034.560	208	
56787756	160	-576	17040	9.760	-35.136	1039.440	288	
56947247	144	-496	16992	8.784	-30.256	1036.512	176	
57106733	240	-544	16992	14.640	-33.184	1036.512	256	
57266219	192	-496	17008	11.712	-30.256	1037.488	224	
57425717	192	-480	16992	11.712	-29.280	1036.512	208	
57585211	208	-512	16960	12.688	-31.232	1034.560	272	
57744704	224	-512	16976	13.664	-31.232	1035.536	288	
57904196	192	-512	16976	11.712	-31.232	1035.536	256	
58063694	224	-544	17056	13.664	-33.184	1040.416	192	
58223195	160	-496	16976	9.760	-30.256	1035.536	240	
58382691	144	-560	17008	8.784	-34.160	1037.488	192	
58542187	128	-400	17008	7.808	-24.400	1037.488	128	
58701686	240	-400	16960	14.640	-24.400	1034.560	304	
58861180	208	-496	16960	12.688	-30.256	1034.560	512	
59020672	208	-528	16992	12.688	-32.208	1036.512	272	
59180166	192	-512	16944	11.712	-31.232	1033.584	160	
59339672	192	-544	16928	11.712	-33.184	1032.608	256	
59499170	208	-544	16992	12.688	-33.184	1036.512	176	
59658669	192	-528	16992	11.712	-32.208	1036.512	-16	
59818171	192	-496	16928	11.712	-30.256	1032.608	208	
59977670	144	-528	17008	8.784	-32.208	1037.488	176	
60137168	208	-656	16960	12.688	-40.016	1034.560	256	
60296670	224	-544	17024	13.664	-33.184	1038.464	160	
60456167	240	-464	16992	14.640	-28.304	1036.512	176	
60615661	160	-432	16944	9.760	-26.352	1033.584	240	
60775154	192	-464	16960	11.712	-28.304	1034.560	256	
60934641	208	-496	16896	12.688	-30.256	1030.656	192	
61094130	208	-496	16992	12.688	-30.256	1036.512	192	
61253623	176	-512	16896	10.736	-31.232	1030.656	288	
61413120	128	-464	17040	7.808	-28.304	1039.440	352	
61572615	240	-320	16992	14.640	-19.520	1036.512	288	
61732109	192	-368	16960	11.712	-22.448	1034.560	192	
