Timestamp [us]	A_X [LSB]	A_Y [LSB]	A_Z [LSB]	A_X [mg]	A_Y [mg]	A_Z [mg]	QVAR [LSB]	
13353	240	-288	16864	14.640	-17.568	1028.704	352	
53236	224	-256	16896	13.664	-15.616	1030.656	368	
93120	256	-256	16864	15.616	-15.616	1028.704	336	
133007	304	-256	16896	18.544	-15.616	1030.656	352	
172893	256	-240	16880	15.616	-14.640	1029.680	336	
212781	224	-256	16864	13.664	-15.616	1028.704	336	
252668	272	-256	16880	16.592	-15.616	1029.680	336	
292552	272	-256	16864	16.592	-15.616	1028.704	320	
332439	256	-256	16880	15.616	-15.616	1029.680	352	
372326	256	-240	16896	15.616	-14.640	1030.656	336	
412210	208	-240	16864	12.688	-14.640	1028.704	352	
452095	272	-240	16896	16.592	-14.640	1030.656	320	
491979	288	-272	16896	17.568	-16.592	1030.656	352	
531863	256	-256	16864	15.616	-15.616	1028.704	320	
571749	288	-224	16864	17.568	-13.664	1028.704	320	
611632	272	-256	16896	16.592	-15.616	1030.656	336	
651515	272	-256	16864	16.592	-15.616	1028.704	336	
691398	256	-256	16832	15.616	-15.616	1026.752	368	
731282	272	-256	16880	16.592	-15.616	1029.680	320	
771168	224	-272	16880	13.664	-16.592	1029.680	352	
811052	288	-288	16928	17.568	-17.568	1032.608	320	
850935	240	-224	16880	14.640	-13.664	1029.680	320	
890816	240	-256	16864	14.640	-15.616	1028.704	336	
930702	272	-272	16864	16.592	-16.592	1028.704	368	
970586	304	-240	16832	18.544	-14.640	1026.752	368	
1010470	256	-272	16864	15.616	-16.592	1028.704	336	
1050354	304	-256	16880	18.544	-15.616	1029.680	336	
1090240	272	-256	16928	16.592	-15.616	1032.608	368	
1130122	304	-240	16864	18.544	-14.640	1028.704	304	
1170010	272	-224	16880	16.592	-13.664	1029.680	352	
1209896	288	-304	16896	17.568	-18.544	1030.656	368	
1249782	256	-256	16864	15.616	-15.616	1028.704	336	
1289669	256	-256	16960	15.616	-15.616	1034.560	400	
1329556	192	-320	16880	11.712	-19.520	1029.680	304	
1369438	272	-288	16864	16.592	-17.568	1028.704	304	
1409321	320	-256	16848	19.520	-15.616	1027.728	336	
1449201	224	-256	16864	13.664	-15.616	1028.704	336	
1489083	256	-288	16896	15.616	-17.568	1030.656	368	
1528966	240	-256	16864	14.640	-15.616	1028.704	352	
1568849	240	-288	16864	14.640	-17.568	1028.704	320	
1608729	256	-256	16880	15.616	-15.616	1029.680	336	
1648611	240	-240	16848	14.640	-14.640	1027.728	304	
1688494	288	-256	16880	17.568	-15.616	1029.680	368	
1728378	272	-304	16896	16.592	-18.544	1030.656	352	
1768261	288	-288	16864	17.568	-17.568	1028.704	352	
1808145	304	-240	16864	18.544	-14.640	1028.704	336	
1848025	256	-256	16880	15.616	-15.616	1029.680	384	
1887908	256	-256	16832	15.616	-15.616	1026.752	336	
1927789	256	-256	16864	15.616	-15.616	1028.704	352	
1967673	224	-256	16880	13.664	-15.616	1029.680	304	
2007557	272	-224	16864	16.592	-13.664	1028.704	336	
2047441	272	-256	16896	16.592	-15.616	1030.656	336	
2087321	304	-240	16864	18.544	-14.640	1028.704	336	
2127208	224	-224	16864	13.664	-13.664	1028.704	336	
2167090	256	-240	16896	15.616	-14.640	1030.656	336	
2206971	256	-304	16864	15.616	-18.544	1028.704	320	
2246853	288	-256	16848	17.568	-15.616	1027.728	320	
2286733	256	-256	16928	15.616	-15.616	1032.608	336	
2326613	272	-256	16896	16.592	-15.616	1030.656	352	
2366496	288	-256	16880	17.568	-15.616	1029.680	352	
2406379	272	-304	16880	16.592	-18.544	1029.680	336	
2446262	256	-256	16832	15.616	-15.616	1026.752	336	
2486144	288	-240	16864	17.568	-14.640	1028.704	336	
2526026	272	-256	16832	16.592	-15.616	1026.752	352	
2565906	304	-336	16928	18.544	-20.496	1032.608	336	
2605785	304	-288	16864	18.544	-17.568	1028.704	352	
2645662	224	-256	16864	13.664	-15.616	1028.704	320	
2685543	272	-256	16848	16.592	-15.616	1027.728	320	
2725427	272	-288	16912	16.592	-17.568	1031.632	368	
2765309	272	-256	16800	16.592	-15.616	1024.800	320	
2805189	288	-288	16864	17.568	-17.568	1028.704	336	
2845072	272	-256	16864	16.592	-15.616	1028.704	336	
2884954	304	-256	16880	18.544	-15.616	1029.680	336	
2924836	256	-256	16896	15.616	-15.616	1030.656	304	
2964716	256	-256	16912	15.616	-15.616	1031.632	336	
3004598	256	-240	16928	15.616	-14.640	1032.608	336	
3044479	288	-256	16896	17.568	-15.616	1030.656	384	
3084360	256	-256	16832	15.616	-15.616	1026.752	336	
3124240	288	-256	16896	17.568	-15.616	1030.656	336	
3164121	288	-256	16880	17.568	-15.616	1029.680	368	
3204005	304	-256	16880	18.544	-15.616	1029.680	336	
3243887	256	-272	16880	15.616	-16.592	1029.680	384	
3283769	272	-240	16896	16.592	-14.640	1030.656	352	
3323652	256	-256	16880	15.616	-15.616	1029.680	352	
3363535	272	-304	16864	16.592	-18.544	1028.704	336	
3403418	272	-240	16832	16.592	-14.640	1026.752	368	
3443300	288	-224	16864	17.568	-13.664	1028.704	352	
3483181	256	-240	16896	15.616	-14.640	1030.656	352	
3523061	272	-256	16864	16.592	-15.616	1028.704	336	
3562940	272	-256	16864	16.592	-15.616	1028.704	320	
3602820	256	-256	16864	15.616	-15.616	1028.704	368	
3642702	256	-272	16880	15.616	-16.592	1029.680	320	
3682580	272	-240	16864	16.592	-14.640	1028.704	320	
3722461	256	-240	16896	15.616	-14.640	1030.656	368	
3762344	256	-288	16896	15.616	-17.568	1030.656	336	
3802224	272	-256	16848	16.592	-15.616	1027.728	336	
3842104	256	-256	16880	15.616	-15.616	1029.680	304	
3881983	288	-256	16864	17.568	-15.616	1028.704	336	
3921864	240	-256	16912	14.640	-15.616	1031.632	320	
3961743	272	-256	16896	16.592	-15.616	1030.656	336	
4001622	240	-256	16880	14.640	-15.616	1029.680	352	
4041504	304	-256	16928	18.544	-15.616	1032.608	400	
4081387	272	-240	16864	16.592	-14.640	1028.704	352	
4121267	256	-256	16880	15.616	-15.616	1029.680	368	
4161147	272	-256	16880	16.592	-15.616	1029.680	352	
4201026	272	-256	16864	16.592	-15.616	1028.704	336	
4240907	272	-256	16864	16.592	-15.616	1028.704	320	
4280787	288	-256	16864	17.568	-15.616	1028.704	384	
4320664	320	-256	16880	19.520	-15.616	1029.680	352	
4360543	224	-256	16896	13.664	-15.616	1030.656	336	
4400423	240	-256	16880	14.640	-15.616	1029.680	336	
4440302	288	-224	16880	17.568	-13.664	1029.680	320	
4480183	256	-256	16880	15.616	-15.616	1029.680	352	
4520067	304	-256	16896	18.544	-15.616	1030.656	352	
4559946	256	-256	16896	15.616	-15.616	1030.656	320	
4599828	288	-256	16880	17.568	-15.616	1029.680	336	
4639708	304	-256	16864	18.544	-15.616	1028.704	320	
4679588	272	-256	16848	16.592	-15.616	1027.728	336	
4719468	272	-256	16864	16.592	-15.616	1028.704	368	
4759354	304	-256	16896	18.544	-15.616	1030.656	336	
4799237	320	-256	16848	19.520	-15.616	1027.728	304	
4839118	272	-256	16880	16.592	-15.616	1029.680	352	
4878998	224	-256	16880	13.664	-15.616	1029.680	304	
4918879	288	-256	16880	17.568	-15.616	1029.680	320	
4958759	288	-256	16864	17.568	-15.616	1028.704	336	
4998641	288	-240	16880	17.568	-14.640	1029.680	336	
5038522	304	-272	16864	18.544	-16.592	1028.704	304	
5078404	256	-304	16896	15.616	-18.544	1030.656	336	
5118288	224	-240	16896	13.664	-14.640	1030.656	320	
5158167	256	-256	16880	15.616	-15.616	1029.680	320	
5198049	256	-256	16912	15.616	-15.616	1031.632	304	
5237931	272	-256	16896	16.592	-15.616	1030.656	352	
5277812	272	-256	16880	16.592	-15.616	1029.680	320	
5317696	272	-272	16848	16.592	-16.592	1027.728	336	
5357580	288	-256	16848	17.568	-15.616	1027.728	304	
5397463	288	-288	16864	17.568	-17.568	1028.704	320	
5437346	256	-256	16880	15.616	-15.616	1029.680	320	
5477227	272	-224	16880	16.592	-13.664	1029.680	352	
5517109	288	-256	16864	17.568	-15.616	1028.704	352	
5556993	272	-256	16880	16.592	-15.616	1029.680	352	
5596873	304	-304	16864	18.544	-18.544	1028.704	336	
5636754	240	-256	16880	14.640	-15.616	1029.680	352	
5676637	288	-288	16848	17.568	-17.568	1027.728	352	
5716518	288	-256	16864	17.568	-15.616	1028.704	352	
5756401	288	-256	16896	17.568	-15.616	1030.656	352	
5796282	304	-256	16848	18.544	-15.616	1027.728	352	
5836166	288	-256	16864	17.568	-15.616	1028.704	336	
5876052	288	-256	16864	17.568	-15.616	1028.704	352	
5915936	240	-256	16928	14.640	-15.616	1032.608	320	
5955821	256	-256	16880	15.616	-15.616	1029.680	320	
5995702	272	-256	16864	16.592	-15.616	1028.704	320	
6035584	256	-256	16880	15.616	-15.616	1029.680	336	
6075467	256	-256	16864	15.616	-15.616	1028.704	320	
6115351	288	-240	16864	17.568	-14.640	1028.704	368	
6155234	304	-240	16912	18.544	-14.640	1031.632	336	
6195116	288	-256	16848	17.568	-15.616	1027.728	304	
6234996	272	-256	16864	16.592	-15.616	1028.704	304	
6274878	288	-256	16880	17.568	-15.616	1029.680	320	
6314758	208	-224	16880	12.688	-13.664	1029.680	368	
6354638	256	-240	16896	15.616	-14.640	1030.656	352	
6394519	288	-288	16896	17.568	-17.568	1030.656	352	
6434400	256	-224	16864	15.616	-13.664	1028.704	320	
6474281	288	-256	16848	17.568	-15.616	1027.728	368	
6514163	272	-256	16880	16.592	-15.616	1029.680	352	
6554044	272	-240	16896	16.592	-14.640	1030.656	336	
6593927	240	-256	16880	14.640	-15.616	1029.680	384	
6633813	320	-256	16896	19.520	-15.616	1030.656	336	
6673699	256	-256	16880	15.616	-15.616	1029.680	336	
6713581	272	-256	16928	16.592	-15.616	1032.608	320	
6753461	304	-224	16880	18.544	-13.664	1029.680	320	
6793342	224	-256	16864	13.664	-15.616	1028.704	320	
6833224	288	-256	16864	17.568	-15.616	1028.704	336	
6873104	224	-304	16928	13.664	-18.544	1032.608	352	
6912987	256	-256	16912	15.616	-15.616	1031.632	336	
6952869	256	-256	16864	15.616	-15.616	1028.704	336	
6992751	320	-240	16896	19.520	-14.640	1030.656	336	
7032629	336	-256	16848	20.496	-15.616	1027.728	336	
7072507	256	-256	16896	15.616	-15.616	1030.656	384	
7112390	256	-256	16896	15.616	-15.616	1030.656	304	
7152273	256	-256	16864	15.616	-15.616	1028.704	336	
7192157	272	-256	16864	16.592	-15.616	1028.704	336	
7232037	272	-240	16928	16.592	-14.640	1032.608	368	
7271917	256	-240	16864	15.616	-14.640	1028.704	352	
7311799	256	-272	16896	15.616	-16.592	1030.656	368	
7351680	272	-256	16864	16.592	-15.616	1028.704	352	
7391560	208	-240	16880	12.688	-14.640	1029.680	320	
7431442	224	-256	16928	13.664	-15.616	1032.608	336	
7471327	320	-224	16848	19.520	-13.664	1027.728	336	
7511211	304	-288	16864	18.544	-17.568	1028.704	336	
7551094	256	-256	16896	15.616	-15.616	1030.656	320	
7590978	256	-256	16864	15.616	-15.616	1028.704	352	
7630862	256	-256	16864	15.616	-15.616	1028.704	368	
7670745	272	-256	16864	16.592	-15.616	1028.704	352	
7710625	272	-288	16880	16.592	-17.568	1029.680	336	
7750508	256	-256	16880	15.616	-15.616	1029.680	352	
7790392	240	-224	16928	14.640	-13.664	1032.608	320	
7830273	240	-256	16880	14.640	-15.616	1029.680	352	
7870156	288	-256	16864	17.568	-15.616	1028.704	384	
7910039	256	-256	16880	15.616	-15.616	1029.680	336	
7949921	272	-224	16880	16.592	-13.664	1029.680	384	
7989802	272	-256	16864	16.592	-15.616	1028.704	352	
8029686	288	-256	16832	17.568	-15.616	1026.752	336	
8069567	272	-256	16896	16.592	-15.616	1030.656	352	
8109447	272	-256	16832	16.592	-15.616	1026.752	336	
8149328	256	-288	16848	15.616	-17.568	1027.728	336	
8189206	240	-240	16816	14.640	-14.640	1025.776	336	
8229086	304	-256	16896	18.544	-15.616	1030.656	384	
8268966	288	-256	16816	17.568	-15.616	1025.776	320	
8308848	240	-256	16896	14.640	-15.616	1030.656	336	
8348730	304	-256	16864	18.544	-15.616	1028.704	336	
8388610	288	-256	16832	17.568	-15.616	1026.752	336	
8428493	256	-256	16864	15.616	-15.616	1028.704	352	
8468373	288	-256	16848	17.568	-15.616	1027.728	352	
8508257	288	-256	16880	17.568	-15.616	1029.680	368	
8548138	256	-256	16880	15.616	-15.616	1029.680	352	
8588020	288	-256	16880	17.568	-15.616	1029.680	368	
8627899	304	-256	16832	18.544	-15.616	1026.752	384	
8667780	272	-256	16864	16.592	-15.616	1028.704	336	
8707662	304	-256	16832	18.544	-15.616	1026.752	352	
8747543	304	-256	16896	18.544	-15.616	1030.656	352	
8787426	288	-256	16880	17.568	-15.616	1029.680	368	
8827307	240	-256	16864	14.640	-15.616	1028.704	320	
8867190	272	-256	16864	16.592	-15.616	1028.704	352	
8907070	304	-256	16896	18.544	-15.616	1030.656	368	
8946952	288	-256	16928	17.568	-15.616	1032.608	352	
8986833	64	-336	17056	3.904	-20.496	1040.416	320	
9026715	336	-272	16800	20.496	-16.592	1024.800	336	
9066597	544	-256	16848	33.184	-15.616	1027.728	352	
9106479	272	-320	16880	16.592	-19.520	1029.680	352	
9146358	192	-256	16816	11.712	-15.616	1025.776	336	
9186237	256	-224	16800	15.616	-13.664	1024.800	336	
9226119	288	-304	16800	17.568	-18.544	1024.800	352	
9266000	304	-304	16896	18.544	-18.544	1030.656	320	
9305882	272	-256	16832	16.592	-15.616	1026.752	336	
9345763	240	-224	16880	14.640	-13.664	1029.680	368	
9385646	288	-256	16896	17.568	-15.616	1030.656	352	
9425529	320	-336	16864	19.520	-20.496	1028.704	352	
9465411	256	-256	16848	15.616	-15.616	1027.728	384	
9505292	240	-256	16848	14.640	-15.616	1027.728	336	
9545174	208	-224	16832	12.688	-13.664	1026.752	352	
9585057	288	-256	16864	17.568	-15.616	1028.704	352	
9624935	272	-304	16880	16.592	-18.544	1029.680	336	
9664815	256	-288	16848	15.616	-17.568	1027.728	352	
9704695	224	-224	16848	13.664	-13.664	1027.728	336	
9744576	256	-256	16880	15.616	-15.616	1029.680	368	
9784459	288	-288	16896	17.568	-17.568	1030.656	352	
9824342	272	-256	16880	16.592	-15.616	1029.680	336	
9864225	272	-256	16944	16.592	-15.616	1033.584	368	
9904109	224	-256	16864	13.664	-15.616	1028.704	320	
9943991	272	-288	16880	16.592	-17.568	1029.680	336	
9983873	320	-288	16896	19.520	-17.568	1030.656	336	
10023755	288	-240	16896	17.568	-14.640	1030.656	336	
10063637	240	-256	16880	14.640	-15.616	1029.680	320	
10103516	256	-208	16976	15.616	-12.688	1035.536	320	
10143399	240	-304	16832	14.640	-18.544	1026.752	352	
10183280	272	-256	16944	16.592	-15.616	1033.584	336	
10223162	288	-288	16832	17.568	-17.568	1026.752	352	
10263044	224	-256	16864	13.664	-15.616	1028.704	336	
10302927	224	-256	16848	13.664	-15.616	1027.728	352	
10342811	256	-256	16880	15.616	-15.616	1029.680	384	
10382692	320	-256	16864	19.520	-15.616	1028.704	336	
10422575	304	-272	16880	18.544	-16.592	1029.680	368	
10462456	304	-240	16864	18.544	-14.640	1028.704	368	
10502339	192	-288	16864	11.712	-17.568	1028.704	320	
10542220	224	-240	16880	13.664	-14.640	1029.680	352	
10582100	304	-208	16880	18.544	-12.688	1029.680	336	
10621986	304	-256	16864	18.544	-15.616	1028.704	304	
10661866	224	-256	16880	13.664	-15.616	1029.680	352	
10701750	256	-240	16832	15.616	-14.640	1026.752	352	
10741632	288	-256	16864	17.568	-15.616	1028.704	336	
10781512	272	-256	16864	16.592	-15.616	1028.704	352	
10821393	304	-256	16880	18.544	-15.616	1029.680	368	
10861276	256	-240	16880	15.616	-14.640	1029.680	384	
10901158	272	-256	16896	16.592	-15.616	1030.656	304	
10941038	272	-256	16848	16.592	-15.616	1027.728	368	
10980921	272	-256	16880	16.592	-15.616	1029.680	368	
11020804	224	-256	16864	13.664	-15.616	1028.704	352	
11060683	256	-256	16896	15.616	-15.616	1030.656	336	
11100566	288	-224	16832	17.568	-13.664	1026.752	368	
11140447	240	-288	16896	14.640	-17.568	1030.656	368	
11180329	240	-256	16896	14.640	-15.616	1030.656	368	
11220212	304	-304	16832	18.544	-18.544	1026.752	352	
11260096	272	-240	16912	16.592	-14.640	1031.632	336	
11299977	240	-224	16912	14.640	-13.664	1031.632	320	
11339860	304	-256	16880	18.544	-15.616	1029.680	336	
11379739	288	-256	16864	17.568	-15.616	1028.704	352	
11419619	272	-288	16864	16.592	-17.568	1028.704	336	
11459501	304	-240	16928	18.544	-14.640	1032.608	368	
11499386	272	-256	16832	16.592	-15.616	1026.752	368	
11539272	256	-256	16896	15.616	-15.616	1030.656	288	
11579154	304	-256	16864	18.544	-15.616	1028.704	352	
11619036	256	-240	16864	15.616	-14.640	1028.704	336	
11658918	240	-272	16880	14.640	-16.592	1029.680	352	
11698801	272	-288	16848	16.592	-17.568	1027.728	352	
11738685	288	-304	16864	17.568	-18.544	1028.704	336	
11778568	272	-256	16864	16.592	-15.616	1028.704	320	
11818450	272	-224	16912	16.592	-13.664	1031.632	384	
11858331	272	-256	16880	16.592	-15.616	1029.680	352	
11898213	288	-256	16880	17.568	-15.616	1029.680	304	
11938097	320	-256	16864	19.520	-15.616	1028.704	352	
11977983	240	-288	16880	14.640	-17.568	1029.680	368	
12017865	256	-256	16864	15.616	-15.616	1028.704	368	
12057749	304	-272	16864	18.544	-16.592	1028.704	368	
12097631	288	-256	16880	17.568	-15.616	1029.680	352	
12137514	304	-256	16864	18.544	-15.616	1028.704	384	
12177397	256	-256	16896	15.616	-15.616	1030.656	352	
12217278	256	-256	16864	15.616	-15.616	1028.704	352	
12257159	288	-256	16896	17.568	-15.616	1030.656	352	
12297042	240	-256	16848	14.640	-15.616	1027.728	320	
12336925	272	-288	16880	16.592	-17.568	1029.680	336	
12376809	288	-224	16912	17.568	-13.664	1031.632	352	
12416690	272	-288	16864	16.592	-17.568	1028.704	304	
12456572	272	-240	16864	16.592	-14.640	1028.704	352	
12496455	288	-240	16864	17.568	-14.640	1028.704	352	
12536338	256	-256	16880	15.616	-15.616	1029.680	368	
12576219	256	-288	16928	15.616	-17.568	1032.608	352	
12616101	240	-288	16832	14.640	-17.568	1026.752	336	
12655982	224	-256	16864	13.664	-15.616	1028.704	320	
12695862	272	-288	16896	16.592	-17.568	1030.656	336	
12735741	288	-256	16832	17.568	-15.616	1026.752	336	
12775626	272	-224	16896	16.592	-13.664	1030.656	352	
12815507	320	-256	16832	19.520	-15.616	1026.752	384	
12855391	272	-256	16880	16.592	-15.616	1029.680	352	
12895272	208	-256	16896	12.688	-15.616	1030.656	384	
12935154	256	-240	16880	15.616	-14.640	1029.680	336	
12975035	272	-240	16880	16.592	-14.640	1029.680	368	
13014917	224	-256	16800	13.664	-15.616	1024.800	320	
13054802	272	-288	16912	16.592	-17.568	1031.632	352	
13094684	256	-256	16896	15.616	-15.616	1030.656	352	
13134569	304	-320	16880	18.544	-19.520	1029.680	352	
13174452	288	-256	16864	17.568	-15.616	1028.704	336	
13214334	256	-208	16880	15.616	-12.688	1029.680	368	
13254215	304	-224	16864	18.544	-13.664	1028.704	336	
13294099	272	-256	16864	16.592	-15.616	1028.704	336	
13333979	272	-256	16832	16.592	-15.616	1026.752	352	
13373856	240	-224	16864	14.640	-13.664	1028.704	320	
13413728	256	-304	16896	15.616	-18.544	1030.656	400	
13453600	304	-288	16864	18.544	-17.568	1028.704	368	
13493474	288	-288	16864	17.568	-17.568	1028.704	352	
13533349	288	-256	16864	17.568	-15.616	1028.704	336	
13573224	256	-288	16880	15.616	-17.568	1029.680	384	
13613100	272	-304	16880	16.592	-18.544	1029.680	352	
13652976	288	-240	16896	17.568	-14.640	1030.656	384	
13692851	256	-288	16880	15.616	-17.568	1029.680	352	
13732723	240	-208	16848	14.640	-12.688	1027.728	368	
13772599	288	-224	16880	17.568	-13.664	1029.680	368	
13812473	224	-288	16864	13.664	-17.568	1028.704	336	
13852348	288	-288	16864	17.568	-17.568	1028.704	368	
13892218	256	-256	16864	15.616	-15.616	1028.704	352	
13932096	272	-256	16880	16.592	-15.616	1029.680	368	
13971969	272	-256	16864	16.592	-15.616	1028.704	352	
14011841	288	-256	16928	17.568	-15.616	1032.608	368	
14051715	288	-256	16864	17.568	-15.616	1028.704	352	
14091592	272	-256	16880	16.592	-15.616	1029.680	368	
14131465	256	-256	16864	15.616	-15.616	1028.704	352	
14171338	256	-256	16864	15.616	-15.616	1028.704	336	
14211213	272	-256	16880	16.592	-15.616	1029.680	368	
14251087	256	-304	16864	15.616	-18.544	1028.704	352	
14290960	320	-256	16864	19.520	-15.616	1028.704	368	
14330834	240	-240	16832	14.640	-14.640	1026.752	352	
14370710	240	-256	16880	14.640	-15.616	1029.680	352	
14410584	288	-304	16864	17.568	-18.544	1028.704	352	
14450457	256	-320	16896	15.616	-19.520	1030.656	384	
14490331	240	-256	16896	14.640	-15.616	1030.656	352	
14530206	240	-240	16880	14.640	-14.640	1029.680	368	
14570081	288	-240	16880	17.568	-14.640	1029.680	384	
14609956	304	-272	16880	18.544	-16.592	1029.680	336	
14649830	256	-320	16864	15.616	-19.520	1028.704	368	
14689703	272	-256	16864	16.592	-15.616	1028.704	352	
14729577	288	-288	16864	17.568	-17.568	1028.704	384	
14769454	304	-256	16880	18.544	-15.616	1029.680	352	
14809329	256	-256	16912	15.616	-15.616	1031.632	336	
14849204	224	-256	16864	13.664	-15.616	1028.704	384	
14889078	256	-256	16864	15.616	-15.616	1028.704	384	
14928954	304	-320	16880	18.544	-19.520	1029.680	352	
14968830	256	-256	16864	15.616	-15.616	1028.704	368	
15008704	288	-192	16832	17.568	-11.712	1026.752	400	
15048580	240	-240	16880	14.640	-14.640	1029.680	368	
15088455	240	-304	16880	14.640	-18.544	1029.680	336	
15128332	272	-304	16864	16.592	-18.544	1028.704	336	
15168206	272	-224	16848	16.592	-13.664	1027.728	384	
15208078	272	-224	16896	16.592	-13.664	1030.656	368	
15247953	304	-256	16880	18.544	-15.616	1029.680	352	
15287829	320	-288	16896	19.520	-17.568	1030.656	384	
15327705	288	-256	16864	17.568	-15.616	1028.704	352	
15367584	288	-256	16864	17.568	-15.616	1028.704	368	
15407461	256	-256	16880	15.616	-15.616	1029.680	352	
15447337	272	-304	16912	16.592	-18.544	1031.632	352	
15487213	256	-256	16864	15.616	-15.616	1028.704	352	
15527091	272	-224	16848	16.592	-13.664	1027.728	352	
15566966	272	-256	16864	16.592	-15.616	1028.704	352	
15606843	288	-288	16864	17.568	-17.568	1028.704	368	
15646718	272	-288	16848	16.592	-17.568	1027.728	336	
15686593	288	-240	16864	17.568	-14.640	1028.704	320	
15726468	272	-304	16880	16.592	-18.544	1029.680	352	
15766342	240	-256	16896	14.640	-15.616	1030.656	352	
15806218	272	-240	16864	16.592	-14.640	1028.704	320	
15846094	336	-288	16880	20.496	-17.568	1029.680	368	
15885968	224	-208	16912	13.664	-12.688	1031.632	336	
15925842	288	-256	16832	17.568	-15.616	1026.752	352	
15965717	240	-256	16896	14.640	-15.616	1030.656	352	
16005590	240	-256	16864	14.640	-15.616	1028.704	352	
16045464	288	-256	16864	17.568	-15.616	1028.704	384	
16085341	272	-256	16864	16.592	-15.616	1028.704	384	
16125219	240	-256	16880	14.640	-15.616	1029.680	352	
16165095	304	-224	16864	18.544	-13.664	1028.704	368	
16204973	272	-256	16832	16.592	-15.616	1026.752	336	
16244849	288	-288	16880	17.568	-17.568	1029.680	336	
16284725	288	-256	16832	17.568	-15.616	1026.752	352	
16324599	256	-288	16880	15.616	-17.568	1029.680	384	
16364476	272	-256	16896	16.592	-15.616	1030.656	352	
16404351	256	-256	16880	15.616	-15.616	1029.680	352	
16444225	256	-256	16848	15.616	-15.616	1027.728	352	
16484100	288	-304	16880	17.568	-18.544	1029.680	368	
16523977	240	-288	16928	14.640	-17.568	1032.608	384	
16563854	272	-256	16848	16.592	-15.616	1027.728	336	
16603728	320	-304	16896	19.520	-18.544	1030.656	368	
16643606	256	-288	16928	15.616	-17.568	1032.608	352	
16683483	272	-240	16880	16.592	-14.640	1029.680	368	
16723359	288	-256	16864	17.568	-15.616	1028.704	368	
16763233	272	-256	16896	16.592	-15.616	1030.656	336	
16803109	272	-256	16880	16.592	-15.616	1029.680	352	
16842989	256	-288	16944	15.616	-17.568	1033.584	384	
16882866	304	-256	16864	18.544	-15.616	1028.704	384	
16922744	288	-256	16864	17.568	-15.616	1028.704	368	
16962622	256	-256	16848	15.616	-15.616	1027.728	384	
17002498	256	-288	16864	15.616	-17.568	1028.704	336	
17042376	256	-240	16912	15.616	-14.640	1031.632	336	
17082256	256	-256	16880	15.616	-15.616	1029.680	352	
17122133	256	-272	16912	15.616	-16.592	1031.632	336	
17162011	288	-256	16880	17.568	-15.616	1029.680	320	
17201887	272	-256	16848	16.592	-15.616	1027.728	384	
17241765	288	-224	16880	17.568	-13.664	1029.680	368	
17281644	256	-224	16880	15.616	-13.664	1029.680	336	
17321521	256	-320	16880	15.616	-19.520	1029.680	352	
17361400	288	-256	16896	17.568	-15.616	1030.656	368	
17401277	240	-256	16864	14.640	-15.616	1028.704	368	
17441157	224	-224	16880	13.664	-13.664	1029.680	400	
17481035	272	-256	16832	16.592	-15.616	1026.752	336	
17520913	320	-256	16896	19.520	-15.616	1030.656	384	
17560793	256	-256	16864	15.616	-15.616	1028.704	352	
17600673	256	-256	16896	15.616	-15.616	1030.656	336	
17640554	288	-256	16912	17.568	-15.616	1031.632	336	
17680431	288	-304	16880	17.568	-18.544	1029.680	368	
17720307	288	-256	16864	17.568	-15.616	1028.704	352	
17760190	208	-256	16864	12.688	-15.616	1028.704	352	
17800068	240	-256	16896	14.640	-15.616	1030.656	352	
17839945	224	-240	16912	13.664	-14.640	1031.632	336	
17879822	272	-304	16880	16.592	-18.544	1029.680	320	
17919701	256	-256	16880	15.616	-15.616	1029.680	368	
17959579	288	-256	16864	17.568	-15.616	1028.704	352	
17999457	256	-256	16832	15.616	-15.616	1026.752	336	
18039336	256	-288	16864	15.616	-17.568	1028.704	336	
18079212	256	-240	16880	15.616	-14.640	1029.680	384	
18119086	224	-224	16880	13.664	-13.664	1029.680	384	
18158961	256	-224	16864	15.616	-13.664	1028.704	320	
18198837	272	-256	16896	16.592	-15.616	1030.656	368	
18238715	288	-256	16848	17.568	-15.616	1027.728	336	
18278594	272	-256	16864	16.592	-15.616	1028.704	336	
18318471	256	-224	16816	15.616	-13.664	1025.776	352	
18358348	272	-224	16880	16.592	-13.664	1029.680	352	
18398223	288	-304	16896	17.568	-18.544	1030.656	352	
18438100	240	-288	16832	14.640	-17.568	1026.752	352	
18477977	256	-208	16880	15.616	-12.688	1029.680	352	
18517853	240	-256	16816	14.640	-15.616	1025.776	384	
18557728	256	-256	16928	15.616	-15.616	1032.608	352	
18597602	272	-320	16896	16.592	-19.520	1030.656	368	
18637477	288	-288	16880	17.568	-17.568	1029.680	336	
18677353	256	-176	16832	15.616	-10.736	1026.752	336	
18717229	224	-256	16864	13.664	-15.616	1028.704	320	
18757103	320	-288	16864	19.520	-17.568	1028.704	352	
18796979	272	-368	16960	16.592	-22.448	1034.560	352	
18836856	288	-256	16816	17.568	-15.616	1025.776	352	
18876730	288	-288	16848	17.568	-17.568	1027.728	320	
18916608	256	-256	16864	15.616	-15.616	1028.704	352	
18956486	256	-256	16896	15.616	-15.616	1030.656	368	
18996363	272	-256	16832	16.592	-15.616	1026.752	384	
19036242	288	-256	16880	17.568	-15.616	1029.680	336	
19076119	272	-240	16880	16.592	-14.640	1029.680	352	
19115995	256	-256	16896	15.616	-15.616	1030.656	368	
19155869	288	-256	16880	17.568	-15.616	1029.680	352	
19195742	272	-256	16816	16.592	-15.616	1025.776	352	
19235618	288	-304	16832	17.568	-18.544	1026.752	320	
19275492	256	-240	16864	15.616	-14.640	1028.704	368	
19315369	240	-208	16880	14.640	-12.688	1029.680	352	
19355243	272	-256	16848	16.592	-15.616	1027.728	352	
19395120	256	-304	16880	15.616	-18.544	1029.680	336	
19434993	256	-304	16896	15.616	-18.544	1030.656	352	
19474867	256	-224	16880	15.616	-13.664	1029.680	304	
19514743	256	-304	16832	15.616	-18.544	1026.752	352	
19554617	320	-288	16864	19.520	-17.568	1028.704	336	
19594492	240	-256	16896	14.640	-15.616	1030.656	352	
19634368	256	-208	16864	15.616	-12.688	1028.704	352	
19674246	288	-256	16880	17.568	-15.616	1029.680	352	
19714121	256	-256	16848	15.616	-15.616	1027.728	384	
19753994	288	-256	16864	17.568	-15.616	1028.704	352	
19793866	224	-224	16880	13.664	-13.664	1029.680	368	
19833739	288	-256	16928	17.568	-15.616	1032.608	320	
19873613	240	-320	16896	14.640	-19.520	1030.656	352	
19913488	272	-288	16864	16.592	-17.568	1028.704	384	
19953361	304	-256	16864	18.544	-15.616	1028.704	368	
19993239	240	-256	16848	14.640	-15.616	1027.728	384	
20033114	304	-288	16880	18.544	-17.568	1029.680	384	
20072991	288	-320	16880	17.568	-19.520	1029.680	352	
20112866	240	-256	16864	14.640	-15.616	1028.704	352	
20152741	288	-240	16880	17.568	-14.640	1029.680	384	
20192618	288	-192	16864	17.568	-11.712	1028.704	352	
20232495	304	-288	16848	18.544	-17.568	1027.728	336	
20272372	272	-272	16880	16.592	-16.592	1029.680	320	
20312247	272	-256	16864	16.592	-15.616	1028.704	352	
20352121	256	-256	16880	15.616	-15.616	1029.680	384	
20391997	240	-224	16880	14.640	-13.664	1029.680	352	
20431875	288	-272	16880	17.568	-16.592	1029.680	336	
20471750	256	-256	16928	15.616	-15.616	1032.608	368	
20511624	240	-240	16864	14.640	-14.640	1028.704	384	
20551500	288	-256	16864	17.568	-15.616	1028.704	352	
20591379	304	-240	16816	18.544	-14.640	1025.776	336	
20631253	272	-240	16816	16.592	-14.640	1025.776	336	
20671129	256	-256	16864	15.616	-15.616	1028.704	384	
20711004	256	-240	16864	15.616	-14.640	1028.704	352	
20750881	288	-256	16864	17.568	-15.616	1028.704	336	
20790757	288	-256	16880	17.568	-15.616	1029.680	352	
20830632	288	-256	16832	17.568	-15.616	1026.752	352	
20870508	272	-256	16864	16.592	-15.616	1028.704	352	
20910381	304	-240	16896	18.544	-14.640	1030.656	368	
20950255	272	-256	16928	16.592	-15.616	1032.608	368	
20990129	240	-304	16864	14.640	-18.544	1028.704	384	
21030004	304	-240	16864	18.544	-14.640	1028.704	320	
21069880	288	-240	16880	17.568	-14.640	1029.680	352	
21109760	336	-240	16880	20.496	-14.640	1029.680	368	
21149634	288	-256	16864	17.568	-15.616	1028.704	352	
21189508	272	-288	16848	16.592	-17.568	1027.728	336	
21229382	272	-272	16848	16.592	-16.592	1027.728	336	
21269256	256	-256	16896	15.616	-15.616	1030.656	368	
21309132	288	-256	16864	17.568	-15.616	1028.704	352	
21349008	272	-256	16880	16.592	-15.616	1029.680	368	
21388885	256	-240	16880	15.616	-14.640	1029.680	352	
21428762	288	-240	16848	17.568	-14.640	1027.728	336	
21468638	304	-272	16880	18.544	-16.592	1029.680	320	
21508510	288	-256	16880	17.568	-15.616	1029.680	352	
21548385	320	-288	16880	19.520	-17.568	1029.680	352	
21588260	240	-240	16832	14.640	-14.640	1026.752	336	
21628134	304	-256	16848	18.544	-15.616	1027.728	368	
21668006	288	-256	16816	17.568	-15.616	1025.776	336	
21707882	240	-256	16848	14.640	-15.616	1027.728	384	
21747758	288	-192	16848	17.568	-11.712	1027.728	352	
21787634	240	-256	16880	14.640	-15.616	1029.680	352	
21827509	272	-256	16864	16.592	-15.616	1028.704	352	
21867384	240	-256	16896	14.640	-15.616	1030.656	336	
21907260	256	-256	16848	15.616	-15.616	1027.728	384	
21947134	288	-256	16800	17.568	-15.616	1024.800	352	
21987010	272	-240	16880	16.592	-14.640	1029.680	368	
22026886	320	-256	16864	19.520	-15.616	1028.704	336	
22066762	224	-240	16848	13.664	-14.640	1027.728	352	
22106638	224	-272	16864	13.664	-16.592	1028.704	352	
22146515	272	-256	16864	16.592	-15.616	1028.704	352	
22186388	288	-304	16880	17.568	-18.544	1029.680	336	
22226263	304	-256	16880	18.544	-15.616	1029.680	352	
22266137	240	-256	16864	14.640	-15.616	1028.704	368	
22306011	272	-240	16832	16.592	-14.640	1026.752	368	
22345886	288	-256	16848	17.568	-15.616	1027.728	336	
22385763	288	-240	16864	17.568	-14.640	1028.704	320	
22425639	272	-256	16896	16.592	-15.616	1030.656	368	
22465514	272	-240	16832	16.592	-14.640	1026.752	336	
22505389	304	-288	16848	18.544	-17.568	1027.728	352	
22545264	336	-304	16896	20.496	-18.544	1030.656	336	
22585138	272	-240	16896	16.592	-14.640	1030.656	352	
22625015	304	-256	16864	18.544	-15.616	1028.704	336	
22664889	272	-256	16832	16.592	-15.616	1026.752	320	
22704768	304	-288	16896	18.544	-17.568	1030.656	352	
22744645	272	-256	16864	16.592	-15.616	1028.704	320	
22784522	304	-256	16880	18.544	-15.616	1029.680	352	
22824398	304	-256	16880	18.544	-15.616	1029.680	320	
22864274	272	-256	16864	16.592	-15.616	1028.704	368	
22904148	256	-240	16880	15.616	-14.640	1029.680	368	
22944022	240	-240	16832	14.640	-14.640	1026.752	368	
22983900	240	-240	16896	14.640	-14.640	1030.656	352	
23023776	256	-256	16864	15.616	-15.616	1028.704	336	
23063651	240	-256	16832	14.640	-15.616	1026.752	352	
23103529	272	-288	16864	16.592	-17.568	1028.704	368	
23143406	272	-256	16832	16.592	-15.616	1026.752	336	
23183282	272	-304	16896	16.592	-18.544	1030.656	352	
23223157	256	-256	16880	15.616	-15.616	1029.680	352	
23263031	320	-256	16880	19.520	-15.616	1029.680	400	
23302905	240	-256	16864	14.640	-15.616	1028.704	368	
23342780	272	-336	16864	16.592	-20.496	1028.704	336	
23382653	272	-256	16864	16.592	-15.616	1028.704	336	
23422525	304	-256	16880	18.544	-15.616	1029.680	352	
23462399	224	-224	16896	13.664	-13.664	1030.656	368	
23502272	240	-288	16864	14.640	-17.568	1028.704	368	
23542146	304	-256	16880	18.544	-15.616	1029.680	320	
23582021	272	-256	16928	16.592	-15.616	1032.608	336	
23621893	256	-256	16864	15.616	-15.616	1028.704	384	
23661769	288	-240	16880	17.568	-14.640	1029.680	384	
23701643	304	-256	16880	18.544	-15.616	1029.680	368	
23741518	272	-256	16880	16.592	-15.616	1029.680	352	
23781392	256	-256	16832	15.616	-15.616	1026.752	352	
23821267	304	-272	16864	18.544	-16.592	1028.704	368	
23861143	224	-256	17008	13.664	-15.616	1037.488	352	
23901018	256	-240	16832	15.616	-14.640	1026.752	336	
23940893	272	-256	16864	16.592	-15.616	1028.704	352	
23980768	288	-256	16864	17.568	-15.616	1028.704	352	
24020643	288	-320	16816	17.568	-19.520	1025.776	352	
24060520	256	-256	16896	15.616	-15.616	1030.656	352	
24100395	272	-256	16864	16.592	-15.616	1028.704	352	
24140270	288	-288	16880	17.568	-17.568	1029.680	320	
24180143	256	-256	16864	15.616	-15.616	1028.704	352	
24220019	240	-240	16912	14.640	-14.640	1031.632	368	
24259895	272	-240	16912	16.592	-14.640	1031.632	352	
24299773	288	-240	16880	17.568	-14.640	1029.680	352	
24339649	240	-256	16896	14.640	-15.616	1030.656	368	
24379523	256	-240	16896	15.616	-14.640	1030.656	336	
24419398	256	-256	16832	15.616	-15.616	1026.752	352	
24459275	272	-256	16880	16.592	-15.616	1029.680	368	
24499149	256	-272	16832	15.616	-16.592	1026.752	336	
24539023	288	-256	16864	17.568	-15.616	1028.704	320	
24578898	288	-240	16864	17.568	-14.640	1028.704	368	
24618773	272	-256	16880	16.592	-15.616	1029.680	368	
24658646	272	-288	16848	16.592	-17.568	1027.728	320	
24698521	288	-240	16864	17.568	-14.640	1028.704	336	
24738394	288	-240	16848	17.568	-14.640	1027.728	352	
24778266	240	-256	16864	14.640	-15.616	1028.704	352	
24818140	288	-256	16832	17.568	-15.616	1026.752	336	
24858017	272	-288	16880	16.592	-17.568	1029.680	352	
24897892	288	-224	16912	17.568	-13.664	1031.632	384	
24937767	256	-256	16880	15.616	-15.616	1029.680	352	
24977642	304	-208	16832	18.544	-12.688	1026.752	320	
25017517	288	-256	16832	17.568	-15.616	1026.752	336	
25057390	336	-288	16864	20.496	-17.568	1028.704	368	
25097264	272	-256	16880	16.592	-15.616	1029.680	336	
25137137	272	-256	16864	16.592	-15.616	1028.704	384	
25177012	256	-272	16864	15.616	-16.592	1028.704	352	
25216887	256	-272	16880	15.616	-16.592	1029.680	320	
25256761	256	-256	16864	15.616	-15.616	1028.704	352	
25296635	288	-256	16864	17.568	-15.616	1028.704	352	
25336509	256	-256	16928	15.616	-15.616	1032.608	368	
25376386	256	-288	16848	15.616	-17.568	1027.728	352	
25416260	224	-288	16896	13.664	-17.568	1030.656	368	
25456136	304	-304	16928	18.544	-18.544	1032.608	352	
25496010	272	-240	16912	16.592	-14.640	1031.632	368	
25535885	288	-256	16864	17.568	-15.616	1028.704	336	
25575758	272	-256	16864	16.592	-15.616	1028.704	352	
25615630	288	-256	16896	17.568	-15.616	1030.656	368	
25655507	272	-304	16896	16.592	-18.544	1030.656	368	
25695384	272	-240	16864	16.592	-14.640	1028.704	336	
25735260	272	-256	16864	16.592	-15.616	1028.704	368	
25775133	240	-256	16848	14.640	-15.616	1027.728	368	
25815009	256	-240	16864	15.616	-14.640	1028.704	352	
25854884	256	-288	16880	15.616	-17.568	1029.680	304	
25894758	288	-256	16880	17.568	-15.616	1029.680	336	
25934631	256	-224	16848	15.616	-13.664	1027.728	336	
25974506	272	-224	16896	16.592	-13.664	1030.656	368	
26014382	256	-256	16896	15.616	-15.616	1030.656	352	
26054256	272	-256	16864	16.592	-15.616	1028.704	368	
26094131	304	-240	16848	18.544	-14.640	1027.728	368	
26134002	256	-304	16832	15.616	-18.544	1026.752	336	
26173876	272	-256	16880	16.592	-15.616	1029.680	352	
26213749	272	-256	16880	16.592	-15.616	1029.680	336	
26253623	240	-256	16864	14.640	-15.616	1028.704	368	
26293498	288	-256	16864	17.568	-15.616	1028.704	368	
26333371	256	-272	16896	15.616	-16.592	1030.656	368	
26373243	304	-240	16880	18.544	-14.640	1029.680	336	
26413118	256	-256	16864	15.616	-15.616	1028.704	368	
26452992	272	-256	16880	16.592	-15.616	1029.680	352	
26492864	272	-256	16832	16.592	-15.616	1026.752	368	
26532740	288	-240	16864	17.568	-14.640	1028.704	320	
26572615	272	-256	16864	16.592	-15.616	1028.704	336	
26612488	272	-304	16864	16.592	-18.544	1028.704	352	
26652361	288	-256	16848	17.568	-15.616	1027.728	384	
26692235	256	-256	16880	15.616	-15.616	1029.680	352	
26732109	304	-256	16864	18.544	-15.616	1028.704	352	
26771982	272	-304	16864	16.592	-18.544	1028.704	384	
26811855	288	-256	16880	17.568	-15.616	1029.680	336	
26851727	272	-208	16864	16.592	-12.688	1028.704	352	
26891599	256	-256	16880	15.616	-15.616	1029.680	368	
26931473	288	-256	16864	17.568	-15.616	1028.704	352	
26971348	272	-256	16912	16.592	-15.616	1031.632	384	
27011224	240	-256	16880	14.640	-15.616	1029.680	352	
27051099	240	-256	16912	14.640	-15.616	1031.632	368	
27090974	272	-256	16864	16.592	-15.616	1028.704	336	
27130848	256	-304	16928	15.616	-18.544	1032.608	336	
27170723	288	-256	16864	17.568	-15.616	1028.704	368	
27210599	240	-240	16880	14.640	-14.640	1029.680	352	
27250476	272	-288	16864	16.592	-17.568	1028.704	352	
27290351	272	-272	16880	16.592	-16.592	1029.680	304	
27330226	256	-256	16864	15.616	-15.616	1028.704	384	
27370103	272	-256	16864	16.592	-15.616	1028.704	336	
27409980	272	-256	16864	16.592	-15.616	1028.704	336	
27449856	240	-256	16864	14.640	-15.616	1028.704	368	
27489732	272	-256	16864	16.592	-15.616	1028.704	336	
27529608	256	-288	16880	15.616	-17.568	1029.680	368	
27569484	288	-288	16896	17.568	-17.568	1030.656	336	
27609358	256	-256	16880	15.616	-15.616	1029.680	352	
27649233	320	-256	16896	19.520	-15.616	1030.656	368	
27689111	256	-272	16880	15.616	-16.592	1029.680	336	
27728987	256	-272	16864	15.616	-16.592	1028.704	320	
27768864	256	-272	16848	15.616	-16.592	1027.728	352	
27808740	224	-240	16864	13.664	-14.640	1028.704	352	
27848619	288	-256	16896	17.568	-15.616	1030.656	352	
27888497	272	-256	16864	16.592	-15.616	1028.704	384	
27928374	256	-256	16864	15.616	-15.616	1028.704	352	
27968251	256	-256	16880	15.616	-15.616	1029.680	320	
28008122	272	-256	16928	16.592	-15.616	1032.608	352	
28047996	288	-256	16928	17.568	-15.616	1032.608	336	
28087870	272	-256	16896	16.592	-15.616	1030.656	368	
28127746	288	-256	16864	17.568	-15.616	1028.704	352	
28167619	272	-288	16864	16.592	-17.568	1028.704	320	
28207492	224	-240	16864	13.664	-14.640	1028.704	336	
28247367	240	-240	16864	14.640	-14.640	1028.704	368	
28287243	272	-224	16848	16.592	-13.664	1027.728	368	
28327119	288	-256	16832	17.568	-15.616	1026.752	352	
28366995	288	-256	16896	17.568	-15.616	1030.656	384	
28406871	256	-272	16880	15.616	-16.592	1029.680	336	
28446748	288	-256	16880	17.568	-15.616	1029.680	320	
28486624	272	-256	16880	16.592	-15.616	1029.680	320	
28526504	256	-208	16864	15.616	-12.688	1028.704	336	
28566384	256	-288	16896	15.616	-17.568	1030.656	384	
28606265	224	-256	16928	13.664	-15.616	1032.608	336	
28646140	272	-256	16928	16.592	-15.616	1032.608	352	
28686015	240	-224	16864	14.640	-13.664	1028.704	336	
28725890	288	-256	16864	17.568	-15.616	1028.704	368	
28765766	304	-256	16880	18.544	-15.616	1029.680	336	
28805643	272	-288	16928	16.592	-17.568	1032.608	336	
28845518	304	-256	16912	18.544	-15.616	1031.632	320	
28885395	240	-240	16864	14.640	-14.640	1028.704	336	
28925270	304	-304	16896	18.544	-18.544	1030.656	352	
28965147	288	-240	16864	17.568	-14.640	1028.704	336	
29005025	304	-256	16864	18.544	-15.616	1028.704	336	
29044899	272	-256	16864	16.592	-15.616	1028.704	352	
29084774	304	-256	16880	18.544	-15.616	1029.680	352	
29124645	256	-256	16880	15.616	-15.616	1029.680	304	
29164517	240	-224	16896	14.640	-13.664	1030.656	384	
29204390	240	-256	16864	14.640	-15.616	1028.704	352	
29244266	304	-304	16864	18.544	-18.544	1028.704	352	
29284141	272	-288	16896	16.592	-17.568	1030.656	368	
29324016	272	-256	16896	16.592	-15.616	1030.656	336	
29363891	256	-256	16864	15.616	-15.616	1028.704	336	
29403767	272	-256	16864	16.592	-15.616	1028.704	368	
29443643	240	-224	16880	14.640	-13.664	1029.680	336	
29483521	256	-304	16864	15.616	-18.544	1028.704	352	
29523395	288	-288	16880	17.568	-17.568	1029.680	352	
29563272	320	-256	16864	19.520	-15.616	1028.704	336	
29603148	272	-256	16864	16.592	-15.616	1028.704	352	
29643024	304	-256	16848	18.544	-15.616	1027.728	320	
29682901	272	-256	16864	16.592	-15.616	1028.704	352	
29722778	288	-320	16848	17.568	-19.520	1027.728	352	
29762654	272	-256	16832	16.592	-15.616	1026.752	336	
29802530	320	-240	16864	19.520	-14.640	1028.704	336	
29842408	256	-272	16864	15.616	-16.592	1028.704	352	
29882285	256	-288	16880	15.616	-17.568	1029.680	336	
29922165	272	-256	16928	16.592	-15.616	1032.608	352	
29962043	288	-256	16832	17.568	-15.616	1026.752	368	
30001918	240	-240	16864	14.640	-14.640	1028.704	384	
30041793	288	-256	16864	17.568	-15.616	1028.704	320	
30081669	288	-256	16944	17.568	-15.616	1033.584	384	
30121543	320	-256	16880	19.520	-15.616	1029.680	352	
30161419	288	-288	16864	17.568	-17.568	1028.704	384	
30201295	256	-288	16864	15.616	-17.568	1028.704	368	
30241171	224	-240	16864	13.664	-14.640	1028.704	368	
30281049	304	-256	16896	18.544	-15.616	1030.656	336	
30320926	288	-256	16880	17.568	-15.616	1029.680	336	
30360804	256	-256	16864	15.616	-15.616	1028.704	352	
30400679	240	-256	16880	14.640	-15.616	1029.680	352	
30440555	272	-256	16848	16.592	-15.616	1027.728	352	
30480429	272	-256	16864	16.592	-15.616	1028.704	352	
30520306	240	-256	16880	14.640	-15.616	1029.680	320	
30560180	272	-256	16832	16.592	-15.616	1026.752	368	
30600056	256	-256	16880	15.616	-15.616	1029.680	368	
30639930	288	-208	16864	17.568	-12.688	1028.704	368	
30679806	240	-256	16880	14.640	-15.616	1029.680	336	
30719684	288	-224	16896	17.568	-13.664	1030.656	368	
30759561	288	-256	16880	17.568	-15.616	1029.680	336	
30799438	240	-256	16896	14.640	-15.616	1030.656	336	
30839314	272	-256	16832	16.592	-15.616	1026.752	368	
30879196	272	-256	16864	16.592	-15.616	1028.704	352	
30919074	288	-256	16864	17.568	-15.616	1028.704	352	
30958949	288	-256	16864	17.568	-15.616	1028.704	336	
30998826	288	-256	16864	17.568	-15.616	1028.704	368	
31038705	320	-256	16880	19.520	-15.616	1029.680	400	
31078583	240	-256	16880	14.640	-15.616	1029.680	368	
31118462	272	-288	16864	16.592	-17.568	1028.704	368	
31158338	272	-256	16880	16.592	-15.616	1029.680	352	
31198216	256	-256	16896	15.616	-15.616	1030.656	352	
31238093	320	-288	16832	19.520	-17.568	1026.752	384	
31277969	272	-256	16848	16.592	-15.616	1027.728	336	
31317844	288	-240	16864	17.568	-14.640	1028.704	320	
31357722	288	-240	16864	17.568	-14.640	1028.704	336	
31397601	256	-256	16864	15.616	-15.616	1028.704	368	
31437476	272	-256	16880	16.592	-15.616	1029.680	352	
31477351	336	-256	16864	20.496	-15.616	1028.704	336	
31517225	272	-256	16864	16.592	-15.616	1028.704	352	
31557102	192	-256	16880	11.712	-15.616	1029.680	368	
31596979	256	-256	16864	15.616	-15.616	1028.704	336	
31636855	304	-224	16848	18.544	-13.664	1027.728	368	
31676732	272	-256	16864	16.592	-15.616	1028.704	336	
31716611	224	-224	16912	13.664	-13.664	1031.632	320	
31756488	288	-256	16864	17.568	-15.616	1028.704	384	
31796364	320	-256	16848	19.520	-15.616	1027.728	352	
31836240	288	-256	16864	17.568	-15.616	1028.704	320	
31876118	256	-256	16880	15.616	-15.616	1029.680	352	
31915998	240	-256	16880	14.640	-15.616	1029.680	352	
31955877	272	-272	16864	16.592	-16.592	1028.704	320	
31995755	256	-256	16880	15.616	-15.616	1029.680	336	
32035632	272	-256	16880	16.592	-15.616	1029.680	320	
32075509	272	-288	16864	16.592	-17.568	1028.704	368	
32115385	256	-256	16880	15.616	-15.616	1029.680	352	
32155260	256	-256	16928	15.616	-15.616	1032.608	336	
32195136	256	-256	16880	15.616	-15.616	1029.680	352	
32235016	320	-240	16880	19.520	-14.640	1029.680	336	
32274892	272	-288	16848	16.592	-17.568	1027.728	352	
32314768	272	-256	16864	16.592	-15.616	1028.704	368	
32354643	272	-256	16864	16.592	-15.616	1028.704	320	
32394517	288	-256	16864	17.568	-15.616	1028.704	352	
32434393	304	-256	16912	18.544	-15.616	1031.632	368	
32474267	272	-256	16848	16.592	-15.616	1027.728	384	
32514146	272	-256	16880	16.592	-15.616	1029.680	320	
32554023	288	-224	16896	17.568	-13.664	1030.656	352	
32593899	272	-256	16880	16.592	-15.616	1029.680	368	
32633773	272	-256	16912	16.592	-15.616	1031.632	368	
32673647	240	-288	16864	14.640	-17.568	1028.704	320	
32713524	272	-256	16880	16.592	-15.616	1029.680	368	
32753402	240	-176	16832	14.640	-10.736	1026.752	384	
32793277	304	-256	16928	18.544	-15.616	1032.608	352	
32833152	272	-256	16880	16.592	-15.616	1029.680	368	
32873027	288	-240	16912	17.568	-14.640	1031.632	368	
32912904	288	-256	16896	17.568	-15.616	1030.656	352	
32952778	256	-272	16864	15.616	-16.592	1028.704	320	
32992654	288	-256	16880	17.568	-15.616	1029.680	320	
33032528	304	-224	16864	18.544	-13.664	1028.704	336	
33072401	288	-256	16928	17.568	-15.616	1032.608	352	
33112273	272	-224	16864	16.592	-13.664	1028.704	336	
33152145	272	-256	16864	16.592	-15.616	1028.704	336	
33192019	304	-256	16848	18.544	-15.616	1027.728	368	
33231893	272	-256	16960	16.592	-15.616	1034.560	368	
33271768	256	-256	16896	15.616	-15.616	1030.656	400	
33311643	256	-240	16864	15.616	-14.640	1028.704	368	
33351521	288	-256	16864	17.568	-15.616	1028.704	368	
33391397	272	-256	16848	16.592	-15.616	1027.728	368	
33431272	288	-224	16864	17.568	-13.664	1028.704	352	
33471146	240	-240	16864	14.640	-14.640	1028.704	320	
33511022	304	-336	16832	18.544	-20.496	1026.752	336	
33550897	256	-288	16864	15.616	-17.568	1028.704	352	
33590770	256	-240	16928	15.616	-14.640	1032.608	368	
33630642	224	-224	16864	13.664	-13.664	1028.704	384	
33670515	288	-256	16864	17.568	-15.616	1028.704	368	
33710386	288	-304	16560	17.568	-18.544	1010.160	336	
33750260	304	-256	17040	18.544	-15.616	1039.440	368	
33790133	272	-256	16896	16.592	-15.616	1030.656	384	
33830004	256	-256	16880	15.616	-15.616	1029.680	368	
33869878	288	-256	16800	17.568	-15.616	1024.800	384	
33909751	304	-256	16816	18.544	-15.616	1025.776	352	
33949625	256	-256	16896	15.616	-15.616	1030.656	352	
33989500	256	-240	16928	15.616	-14.640	1032.608	368	
34029375	256	-256	16864	15.616	-15.616	1028.704	336	
34069248	304	-240	16832	18.544	-14.640	1026.752	352	
34109122	288	-256	16864	17.568	-15.616	1028.704	368	
34148998	256	-256	16880	15.616	-15.616	1029.680	336	
34188871	320	-256	16880	19.520	-15.616	1029.680	368	
34228741	240	-256	16864	14.640	-15.616	1028.704	352	
34268614	224	-256	16880	13.664	-15.616	1029.680	368	
34308489	288	-224	16928	17.568	-13.664	1032.608	352	
34348366	304	-256	16864	18.544	-15.616	1028.704	352	
34388240	256	-256	16928	15.616	-15.616	1032.608	336	
34428112	256	-256	16848	15.616	-15.616	1027.728	368	
34467984	288	-224	16880	17.568	-13.664	1029.680	384	
34507859	304	-256	16864	18.544	-15.616	1028.704	352	
34547733	256	-256	16864	15.616	-15.616	1028.704	336	
34587607	272	-304	16880	16.592	-18.544	1029.680	336	
34627482	256	-256	16896	15.616	-15.616	1030.656	368	
34667356	240	-240	16880	14.640	-14.640	1029.680	368	
34707228	304	-256	16880	18.544	-15.616	1029.680	336	
34747102	288	-288	16848	17.568	-17.568	1027.728	352	
34786976	272	-256	16880	16.592	-15.616	1029.680	336	
34826848	240	-240	16880	14.640	-14.640	1029.680	336	
34866723	224	-256	16912	13.664	-15.616	1031.632	320	
34906596	256	-288	16896	15.616	-17.568	1030.656	352	
34946469	256	-256	16896	15.616	-15.616	1030.656	320	
34986340	224	-208	16864	13.664	-12.688	1028.704	368	
35026214	224	-192	16912	13.664	-11.712	1031.632	352	
35066087	272	-320	16816	16.592	-19.520	1025.776	352	
35105961	288	-352	16880	17.568	-21.472	1029.680	352	
35145836	240	-224	16864	14.640	-13.664	1028.704	352	
35185708	240	-192	16864	14.640	-11.712	1028.704	336	
35225583	288	-256	16864	17.568	-15.616	1028.704	368	
35265455	336	-336	16816	20.496	-20.496	1025.776	368	
35305328	256	-256	16880	15.616	-15.616	1029.680	336	
35345202	240	-256	16880	14.640	-15.616	1029.680	352	
35385077	224	-256	16864	13.664	-15.616	1028.704	384	
35424949	288	-256	16880	17.568	-15.616	1029.680	320	
35464823	272	-336	16848	16.592	-20.496	1027.728	368	
35504697	256	-256	16864	15.616	-15.616	1028.704	352	
35544571	240	-256	16896	14.640	-15.616	1030.656	368	
35584445	208	-288	16864	12.688	-17.568	1028.704	336	
35624321	288	-256	16880	17.568	-15.616	1029.680	336	
35664196	288	-256	16896	17.568	-15.616	1030.656	320	
35704070	224	-256	16880	13.664	-15.616	1029.680	368	
35743947	288	-256	16880	17.568	-15.616	1029.680	368	
35783823	288	-256	16864	17.568	-15.616	1028.704	336	
35823697	304	-272	16832	18.544	-16.592	1026.752	352	
35863573	256	-240	16880	15.616	-14.640	1029.680	336	
35903444	256	-256	16896	15.616	-15.616	1030.656	352	
35943318	272	-304	16912	16.592	-18.544	1031.632	384	
35983192	304	-304	16896	18.544	-18.544	1030.656	384	
36023064	256	-288	16864	15.616	-17.568	1028.704	352	
36062938	256	-256	16832	15.616	-15.616	1026.752	384	
36102811	224	-240	16864	13.664	-14.640	1028.704	352	
36142687	256	-256	16912	15.616	-15.616	1031.632	352	
36182562	256	-272	16928	15.616	-16.592	1032.608	368	
36222439	240	-256	16912	14.640	-15.616	1031.632	352	
36262316	288	-240	16880	17.568	-14.640	1029.680	368	
36302188	288	-256	16912	17.568	-15.616	1031.632	336	
36342065	288	-240	16880	17.568	-14.640	1029.680	352	
36381940	240	-256	16912	14.640	-15.616	1031.632	336	
36421814	240	-304	16864	14.640	-18.544	1028.704	384	
36461688	224	-256	16912	13.664	-15.616	1031.632	352	
36501562	256	-256	16880	15.616	-15.616	1029.680	336	
36541438	272	-288	16928	16.592	-17.568	1032.608	352	
36581315	256	-224	16912	15.616	-13.664	1031.632	352	
36621192	224	-288	16864	13.664	-17.568	1028.704	368	
36661068	256	-256	16896	15.616	-15.616	1030.656	336	
36700943	224	-256	16880	13.664	-15.616	1029.680	352	
36740816	224	-256	16896	13.664	-15.616	1030.656	320	
36780692	272	-240	16864	16.592	-14.640	1028.704	400	
36820569	240	-256	16864	14.640	-15.616	1028.704	416	
36860443	256	-256	16912	15.616	-15.616	1031.632	336	
36900316	224	-256	16864	13.664	-15.616	1028.704	352	
36940195	240	-304	16832	14.640	-18.544	1026.752	384	
36980070	256	-240	16880	15.616	-14.640	1029.680	336	
37019943	256	-256	16960	15.616	-15.616	1034.560	368	
37059812	256	-256	16832	15.616	-15.616	1026.752	336	
37099687	304	-256	16864	18.544	-15.616	1028.704	336	
37139560	240	-240	16880	14.640	-14.640	1029.680	368	
37179432	272	-240	16864	16.592	-14.640	1028.704	384	
37219307	240	-256	16928	14.640	-15.616	1032.608	352	
37259179	256	-224	16880	15.616	-13.664	1029.680	352	
37299052	272	-256	16864	16.592	-15.616	1028.704	352	
37338925	272	-240	16912	16.592	-14.640	1031.632	368	
37378797	256	-256	16864	15.616	-15.616	1028.704	336	
37418673	288	-240	16880	17.568	-14.640	1029.680	336	
37458547	256	-256	16912	15.616	-15.616	1031.632	352	
37498422	256	-256	16896	15.616	-15.616	1030.656	368	
37538298	224	-256	16912	13.664	-15.616	1031.632	336	
37578173	240	-272	16880	14.640	-16.592	1029.680	368	
37618048	256	-272	16864	15.616	-16.592	1028.704	352	
37657921	256	-256	16912	15.616	-15.616	1031.632	352	
37697795	272	-288	16880	16.592	-17.568	1029.680	384	
37737670	256	-256	16928	15.616	-15.616	1032.608	352	
37777543	256	-240	16880	15.616	-14.640	1029.680	336	
37817415	304	-224	16880	18.544	-13.664	1029.680	352	
37857288	256	-256	16848	15.616	-15.616	1027.728	384	
37897163	272	-256	16944	16.592	-15.616	1033.584	352	
37937037	288	-256	16864	17.568	-15.616	1028.704	352	
37976910	240	-240	16848	14.640	-14.640	1027.728	368	
38016782	272	-256	16880	16.592	-15.616	1029.680	352	
38056656	304	-288	16864	18.544	-17.568	1028.704	336	
38096531	272	-336	16896	16.592	-20.496	1030.656	368	
38136407	272	-272	16912	16.592	-16.592	1031.632	320	
38176285	256	-240	16896	15.616	-14.640	1030.656	336	
38216159	272	-224	16912	16.592	-13.664	1031.632	320	
38256036	320	-272	16928	19.520	-16.592	1032.608	384	
38295909	272	-272	16880	16.592	-16.592	1029.680	368	
38335785	224	-240	16880	13.664	-14.640	1029.680	320	
38375658	208	-240	16896	12.688	-14.640	1030.656	336	
38415535	288	-288	16848	17.568	-17.568	1027.728	368	
38455409	288	-288	16896	17.568	-17.568	1030.656	384	
38495282	256	-224	16912	15.616	-13.664	1031.632	336	
38535156	224	-256	16880	13.664	-15.616	1029.680	336	
38575034	256	-288	16864	15.616	-17.568	1028.704	304	
38614906	240	-256	16864	14.640	-15.616	1028.704	368	
38654778	256	-240	16896	15.616	-14.640	1030.656	352	
38694654	256	-256	16880	15.616	-15.616	1029.680	336	
38734531	240	-224	16928	14.640	-13.664	1032.608	352	
38774406	256	-256	16864	15.616	-15.616	1028.704	352	
38814278	240	-304	16864	14.640	-18.544	1028.704	352	
38854152	272	-240	16880	16.592	-14.640	1029.680	352	
38894024	224	-256	16864	13.664	-15.616	1028.704	368	
38933894	288	-256	16880	17.568	-15.616	1029.680	320	
38973768	272	-256	16848	16.592	-15.616	1027.728	368	
39013638	320	-256	16864	19.520	-15.616	1028.704	336	
39053510	240	-256	16864	14.640	-15.616	1028.704	352	
39093382	272	-240	16832	16.592	-14.640	1026.752	400	
39133256	224	-256	16912	13.664	-15.616	1031.632	336	
39173132	256	-256	16864	15.616	-15.616	1028.704	352	
39213009	224	-256	16880	13.664	-15.616	1029.680	352	
39252884	224	-240	16880	13.664	-14.640	1029.680	352	
39292757	256	-240	16864	15.616	-14.640	1028.704	368	
39332629	240	-240	16912	14.640	-14.640	1031.632	384	
39372505	272	-288	16864	16.592	-17.568	1028.704	336	
39412378	272	-288	16880	16.592	-17.568	1029.680	352	
39452252	256	-256	16864	15.616	-15.616	1028.704	336	
39492121	256	-288	16864	15.616	-17.568	1028.704	352	
39531996	272	-304	16928	16.592	-18.544	1032.608	368	
39571869	288	-256	16960	17.568	-15.616	1034.560	384	
39611744	240	-240	16880	14.640	-14.640	1029.680	368	
39651617	256	-256	16912	15.616	-15.616	1031.632	336	
39691490	224	-240	16896	13.664	-14.640	1030.656	352	
39731364	304	-304	16928	18.544	-18.544	1032.608	320	
39771235	288	-256	16928	17.568	-15.616	1032.608	384	
39811106	240	-256	16864	14.640	-15.616	1028.704	384	
39850979	240	-256	16896	14.640	-15.616	1030.656	368	
39890850	224	-256	16880	13.664	-15.616	1029.680	368	
39930722	272	-288	16896	16.592	-17.568	1030.656	368	
39970596	256	-240	16848	15.616	-14.640	1027.728	368	
40010470	272	-240	16864	16.592	-14.640	1028.704	384	
40050343	272	-256	16864	16.592	-15.616	1028.704	384	
40090217	224	-256	16864	13.664	-15.616	1028.704	352	
40130092	304	-256	16864	18.544	-15.616	1028.704	352	
40169967	256	-272	16896	15.616	-16.592	1030.656	352	
40209839	208	-240	16880	12.688	-14.640	1029.680	352	
40249714	256	-256	16864	15.616	-15.616	1028.704	368	
40289589	272	-272	16928	16.592	-16.592	1032.608	320	
40329463	304	-256	16896	18.544	-15.616	1030.656	336	
40369337	256	-256	16912	15.616	-15.616	1031.632	368	
40409213	256	-256	16864	15.616	-15.616	1028.704	368	
40449088	256	-256	16896	15.616	-15.616	1030.656	384	
40488962	272	-256	16880	16.592	-15.616	1029.680	352	
40528835	256	-240	16880	15.616	-14.640	1029.680	352	
40568707	208	-240	16896	12.688	-14.640	1030.656	384	
40608580	256	-256	16896	15.616	-15.616	1030.656	368	
40648452	272	-304	16880	16.592	-18.544	1029.680	368	
40688326	208	-256	16896	12.688	-15.616	1030.656	384	
40728200	272	-224	16864	16.592	-13.664	1028.704	384	
40768076	272	-224	16864	16.592	-13.664	1028.704	368	
40807950	272	-256	16928	16.592	-15.616	1032.608	368	
40847825	272	-272	16896	16.592	-16.592	1030.656	352	
40887698	224	-240	16800	13.664	-14.640	1024.800	336	
40927572	224	-256	16912	13.664	-15.616	1031.632	368	
40967446	256	-256	16880	15.616	-15.616	1029.680	368	
41007324	272	-288	16880	16.592	-17.568	1029.680	368	
41047199	256	-256	16880	15.616	-15.616	1029.680	368	
41087074	208	-240	16864	12.688	-14.640	1028.704	336	
41126943	224	-240	16864	13.664	-14.640	1028.704	368	
41166818	288	-256	16928	17.568	-15.616	1032.608	336	
41206693	272	-304	16912	16.592	-18.544	1031.632	352	
41246567	256	-256	16912	15.616	-15.616	1031.632	336	
41286441	256	-240	16896	15.616	-14.640	1030.656	352	
41326316	256	-272	16912	15.616	-16.592	1031.632	352	
41366190	240	-288	16864	14.640	-17.568	1028.704	368	
41406063	288	-288	16912	17.568	-17.568	1031.632	368	
41445937	256	-240	16848	15.616	-14.640	1027.728	384	
41485810	192	-240	16896	11.712	-14.640	1030.656	368	
41525686	224	-256	16880	13.664	-15.616	1029.680	352	
41565557	240	-304	16880	14.640	-18.544	1029.680	352	
41605431	256	-256	16832	15.616	-15.616	1026.752	352	
41645306	288	-224	16832	17.568	-13.664	1026.752	352	
41685179	240	-240	16832	14.640	-14.640	1026.752	368	
41725053	272	-256	16896	16.592	-15.616	1030.656	368	
41764930	272	-288	16928	16.592	-17.568	1032.608	368	
41804806	256	-256	16912	15.616	-15.616	1031.632	384	
41844679	224	-256	16880	13.664	-15.616	1029.680	384	
41884553	272	-256	16880	16.592	-15.616	1029.680	368	
41924423	256	-304	16896	15.616	-18.544	1030.656	368	
41964299	240	-288	16928	14.640	-17.568	1032.608	368	
42004174	224	-256	16880	13.664	-15.616	1029.680	336	
42044048	256	-224	16896	15.616	-13.664	1030.656	352	
42083922	272	-288	16880	16.592	-17.568	1029.680	352	
42123800	256	-288	16848	15.616	-17.568	1027.728	400	
42163672	240	-224	16896	14.640	-13.664	1030.656	352	
42203550	256	-256	16928	15.616	-15.616	1032.608	336	
42243426	256	-256	16880	15.616	-15.616	1029.680	368	
42283301	240	-256	16912	14.640	-15.616	1031.632	320	
42323177	240	-256	16896	14.640	-15.616	1030.656	384	
42363053	208	-240	16864	12.688	-14.640	1028.704	384	
42402929	256	-240	16928	15.616	-14.640	1032.608	368	
42442806	208	-256	16880	12.688	-15.616	1029.680	336	
42482682	224	-256	16944	13.664	-15.616	1033.584	400	
42522555	256	-256	16880	15.616	-15.616	1029.680	352	
42562430	256	-256	16880	15.616	-15.616	1029.680	352	
42602305	224	-288	16896	13.664	-17.568	1030.656	336	
42642183	240	-256	16896	14.640	-15.616	1030.656	336	
42682057	224	-256	16864	13.664	-15.616	1028.704	352	
42721929	256	-256	16880	15.616	-15.616	1029.680	336	
42761805	256	-256	16912	15.616	-15.616	1031.632	352	
42801683	240	-256	16896	14.640	-15.616	1030.656	352	
42841561	256	-224	16880	15.616	-13.664	1029.680	384	
42881436	224	-224	16880	13.664	-13.664	1029.680	352	
42921307	256	-272	16896	15.616	-16.592	1030.656	368	
42961181	240	-240	16912	14.640	-14.640	1031.632	352	
43001055	176	-224	16880	10.736	-13.664	1029.680	336	
43040929	224	-256	16928	13.664	-15.616	1032.608	352	
43080803	256	-256	16912	15.616	-15.616	1031.632	368	
43120675	256	-256	16880	15.616	-15.616	1029.680	352	
43160548	272	-256	16896	16.592	-15.616	1030.656	384	
43200422	256	-240	16880	15.616	-14.640	1029.680	352	
43240298	272	-240	16928	16.592	-14.640	1032.608	336	
43280174	288	-304	16896	17.568	-18.544	1030.656	352	
43320047	272	-256	16896	16.592	-15.616	1030.656	336	
43359923	224	-256	16864	13.664	-15.616	1028.704	368	
43399797	256	-272	16880	15.616	-16.592	1029.680	352	
43439676	272	-256	16880	16.592	-15.616	1029.680	352	
43479552	256	-256	16912	15.616	-15.616	1031.632	336	
43519430	256	-288	16912	15.616	-17.568	1031.632	368	
43559306	224	-256	16864	13.664	-15.616	1028.704	416	
43599176	256	-256	16864	15.616	-15.616	1028.704	368	
43639050	224	-240	16896	13.664	-14.640	1030.656	368	
43678924	272	-288	16864	16.592	-17.568	1028.704	352	
43718801	224	-256	16880	13.664	-15.616	1029.680	368	
43758672	240	-288	16864	14.640	-17.568	1028.704	368	
43798547	256	-240	16848	15.616	-14.640	1027.728	384	
43838417	224	-240	16896	13.664	-14.640	1030.656	336	
43878292	240	-256	16928	14.640	-15.616	1032.608	368	
43918167	224	-320	16928	13.664	-19.520	1032.608	352	
43958041	320	-256	16928	19.520	-15.616	1032.608	352	
43997917	272	-240	16864	16.592	-14.640	1028.704	368	
44037794	272	-288	16848	16.592	-17.568	1027.728	352	
44077668	224	-288	16928	13.664	-17.568	1032.608	368	
44117544	256	-256	16896	15.616	-15.616	1030.656	352	
44157422	224	-256	16880	13.664	-15.616	1029.680	336	
44197299	240	-192	16864	14.640	-11.712	1028.704	352	
44237177	288	-224	16896	17.568	-13.664	1030.656	336	
44277052	240	-272	16896	14.640	-16.592	1030.656	336	
44316929	256	-288	16944	15.616	-17.568	1033.584	336	
44356806	224	-256	16928	13.664	-15.616	1032.608	352	
44396682	240	-240	16880	14.640	-14.640	1029.680	368	
44436554	224	-240	16864	13.664	-14.640	1028.704	368	
44476427	256	-256	16864	15.616	-15.616	1028.704	384	
44516303	256	-256	16880	15.616	-15.616	1029.680	368	
44556176	240	-256	16896	14.640	-15.616	1030.656	336	
44596048	288	-256	16880	17.568	-15.616	1029.680	352	
44635921	288	-256	16912	17.568	-15.616	1031.632	400	
44675794	256	-256	16880	15.616	-15.616	1029.680	352	
44715664	240	-240	16896	14.640	-14.640	1030.656	352	
44755537	208	-256	16912	12.688	-15.616	1031.632	336	
44795412	272	-256	16864	16.592	-15.616	1028.704	352	
44835286	240	-256	16912	14.640	-15.616	1031.632	368	
44875163	272	-256	16896	16.592	-15.616	1030.656	352	
44915039	304	-256	16896	18.544	-15.616	1030.656	368	
44954915	256	-256	16928	15.616	-15.616	1032.608	368	
44994790	272	-256	16880	16.592	-15.616	1029.680	352	
45034665	224	-240	16832	13.664	-14.640	1026.752	352	
45074541	272	-256	16848	16.592	-15.616	1027.728	352	
45114415	288	-256	16896	17.568	-15.616	1030.656	368	
45154287	256	-256	16928	15.616	-15.616	1032.608	368	
45194160	256	-240	16880	15.616	-14.640	1029.680	368	
45234035	240	-240	16928	14.640	-14.640	1032.608	384	
45273911	288	-288	16944	17.568	-17.568	1033.584	336	
45313786	240	-240	16880	14.640	-14.640	1029.680	352	
45353660	240	-192	16912	14.640	-11.712	1031.632	304	
45393534	256	-240	16864	15.616	-14.640	1028.704	336	
45433408	288	-288	16928	17.568	-17.568	1032.608	368	
45473285	304	-320	16928	18.544	-19.520	1032.608	320	
45513161	256	-256	16864	15.616	-15.616	1028.704	368	
45553037	192	-176	16832	11.712	-10.736	1026.752	352	
45592911	240	-240	16896	14.640	-14.640	1030.656	336	
45632788	288	-320	16928	17.568	-19.520	1032.608	336	
45672662	272	-256	16928	16.592	-15.616	1032.608	352	
45712536	256	-256	16864	15.616	-15.616	1028.704	384	
45752410	224	-224	16864	13.664	-13.664	1028.704	352	
45792287	272	-320	16912	16.592	-19.520	1031.632	336	
45832164	240	-304	16864	14.640	-18.544	1028.704	352	
45872037	288	-256	16896	17.568	-15.616	1030.656	368	
45911911	240	-240	16896	14.640	-14.640	1030.656	352	
45951785	272	-240	16864	16.592	-14.640	1028.704	336	
45991658	272	-304	16912	16.592	-18.544	1031.632	368	
46031529	224	-256	16928	13.664	-15.616	1032.608	384	
46071404	256	-256	16864	15.616	-15.616	1028.704	352	
46111280	256	-240	16928	15.616	-14.640	1032.608	352	
46151154	240	-256	16832	14.640	-15.616	1026.752	384	
46191029	240	-256	16880	14.640	-15.616	1029.680	384	
46230906	304	-256	16832	18.544	-15.616	1026.752	352	
46270783	272	-256	16864	16.592	-15.616	1028.704	320	
46310659	240	-240	16896	14.640	-14.640	1030.656	336	
46350534	272	-256	16896	16.592	-15.616	1030.656	352	
46390409	272	-272	16880	16.592	-16.592	1029.680	336	
46430285	208	-256	16864	12.688	-15.616	1028.704	368	
46470161	240	-224	16896	14.640	-13.664	1030.656	352	
46510038	240	-288	16832	14.640	-17.568	1026.752	352	
46549912	256	-304	16896	15.616	-18.544	1030.656	336	
46589788	224	-256	16864	13.664	-15.616	1028.704	368	
46629661	304	-256	16864	18.544	-15.616	1028.704	352	
46669536	272	-256	16864	16.592	-15.616	1028.704	352	
46709411	240	-224	16800	14.640	-13.664	1024.800	352	
46749286	224	-256	16864	13.664	-15.616	1028.704	336	
46789162	304	-256	16864	18.544	-15.616	1028.704	352	
46829037	288	-256	16864	17.568	-15.616	1028.704	368	
46868910	192	-256	16880	11.712	-15.616	1029.680	336	
46908783	256	-272	16896	15.616	-16.592	1030.656	352	
46948656	224	-256	16864	13.664	-15.616	1028.704	336	
46988528	256	-256	16880	15.616	-15.616	1029.680	336	
47028399	256	-240	16928	15.616	-14.640	1032.608	352	
47068271	224	-256	16912	13.664	-15.616	1031.632	352	
47108143	256	-304	16896	15.616	-18.544	1030.656	336	
47148016	256	-256	16864	15.616	-15.616	1028.704	368	
47187889	256	-256	16848	15.616	-15.616	1027.728	352	
47227765	272	-256	16928	16.592	-15.616	1032.608	336	
47267640	256	-304	16896	15.616	-18.544	1030.656	352	
47307515	304	-256	16880	18.544	-15.616	1029.680	368	
47347389	272	-256	16880	16.592	-15.616	1029.680	352	
47387265	256	-256	16880	15.616	-15.616	1029.680	320	
47427136	336	-288	16928	20.496	-17.568	1032.608	336	
47467010	288	-256	16896	17.568	-15.616	1030.656	352	
47506884	208	-256	16880	12.688	-15.616	1029.680	352	
47546761	272	-256	16880	16.592	-15.616	1029.680	368	
47586635	272	-304	16896	16.592	-18.544	1030.656	336	
47626507	240	-256	16928	14.640	-15.616	1032.608	336	
47666383	224	-256	16864	13.664	-15.616	1028.704	368	
47706258	256	-240	16864	15.616	-14.640	1028.704	368	
47746131	320	-272	16880	19.520	-16.592	1029.680	368	
47786004	272	-240	16896	16.592	-14.640	1030.656	336	
47825880	240	-256	16864	14.640	-15.616	1028.704	384	
47865754	288	-224	16880	17.568	-13.664	1029.680	336	
47905625	240	-256	16928	14.640	-15.616	1032.608	320	
47945497	256	-256	16896	15.616	-15.616	1030.656	368	
47985370	272	-288	16928	16.592	-17.568	1032.608	368	
48025243	288	-240	16928	17.568	-14.640	1032.608	384	
48065117	224	-240	16912	13.664	-14.640	1031.632	336	
48104993	224	-272	16848	13.664	-16.592	1027.728	352	
48144867	256	-288	16896	15.616	-17.568	1030.656	320	
48184740	256	-256	16928	15.616	-15.616	1032.608	336	
48224613	240	-240	16896	14.640	-14.640	1030.656	368	
48264486	240	-256	16880	14.640	-15.616	1029.680	352	
48304358	256	-256	16880	15.616	-15.616	1029.680	416	
48344231	240	-304	16880	14.640	-18.544	1029.680	352	
48384106	272	-288	16928	16.592	-17.568	1032.608	352	
48423980	240	-256	16896	14.640	-15.616	1030.656	336	
48463856	288	-240	16864	17.568	-14.640	1028.704	336	
48503731	240	-256	16896	14.640	-15.616	1030.656	368	
48543608	240	-256	16880	14.640	-15.616	1029.680	320	
48583483	224	-256	16880	13.664	-15.616	1029.680	352	
48623358	272	-256	16896	16.592	-15.616	1030.656	336	
48663232	240	-256	16864	14.640	-15.616	1028.704	352	
48703110	272	-256	16928	16.592	-15.616	1032.608	336	
48742983	288	-256	16864	17.568	-15.616	1028.704	352	
48782858	272	-304	16912	16.592	-18.544	1031.632	336	
48822732	240	-256	16912	14.640	-15.616	1031.632	336	
48862607	256	-240	16928	15.616	-14.640	1032.608	288	
48902480	272	-256	16896	16.592	-15.616	1030.656	336	
48942355	272	-240	16896	16.592	-14.640	1030.656	320	
48982229	256	-256	16864	15.616	-15.616	1028.704	368	
49022103	240	-256	16832	14.640	-15.616	1026.752	352	
49061980	272	-256	16880	16.592	-15.616	1029.680	368	
49101854	272	-256	16848	16.592	-15.616	1027.728	368	
49141726	256	-240	16864	15.616	-14.640	1028.704	352	
49181600	256	-272	16864	15.616	-16.592	1028.704	352	
49221476	240	-256	16880	14.640	-15.616	1029.680	352	
49261352	272	-240	16896	16.592	-14.640	1030.656	304	
49301227	240	-256	16912	14.640	-15.616	1031.632	368	
49341103	256	-256	16848	15.616	-15.616	1027.728	336	
49380977	272	-240	16880	16.592	-14.640	1029.680	368	
49420851	272	-256	16896	16.592	-15.616	1030.656	336	
49460727	240	-240	16832	14.640	-14.640	1026.752	368	
49500602	272	-256	16880	16.592	-15.616	1029.680	368	
49540478	272	-256	16864	16.592	-15.616	1028.704	352	
49580354	256	-256	16864	15.616	-15.616	1028.704	368	
49620228	256	-272	16864	15.616	-16.592	1028.704	336	
49660105	272	-256	16896	16.592	-15.616	1030.656	336	
49699982	272	-256	16864	16.592	-15.616	1028.704	368	
49739856	256	-256	16880	15.616	-15.616	1029.680	336	
49779733	224	-256	16864	13.664	-15.616	1028.704	384	
49819608	272	-304	16880	16.592	-18.544	1029.680	336	
49859484	272	-272	16864	16.592	-16.592	1028.704	352	
49899359	272	-256	16880	16.592	-15.616	1029.680	352	
49939231	272	-256	16864	16.592	-15.616	1028.704	352	
49979104	240	-288	16864	14.640	-17.568	1028.704	352	
50018979	224	-224	16896	13.664	-13.664	1030.656	336	
50058851	224	-256	16896	13.664	-15.616	1030.656	352	
50098728	256	-256	16880	15.616	-15.616	1029.680	336	
50138605	256	-256	16896	15.616	-15.616	1030.656	352	
50178480	240	-272	16880	14.640	-16.592	1029.680	352	
50218353	304	-256	16864	18.544	-15.616	1028.704	352	
50258225	272	-256	16864	16.592	-15.616	1028.704	320	
50298100	240	-256	16928	14.640	-15.616	1032.608	384	
50337978	272	-304	16864	16.592	-18.544	1028.704	320	
50377851	240	-256	16880	14.640	-15.616	1029.680	336	
50417724	240	-256	16928	14.640	-15.616	1032.608	352	
50457596	272	-256	16896	16.592	-15.616	1030.656	368	
50497469	256	-256	16880	15.616	-15.616	1029.680	368	
50537343	256	-256	16864	15.616	-15.616	1028.704	352	
50577216	240	-256	16896	14.640	-15.616	1030.656	400	
50617092	224	-272	16880	13.664	-16.592	1029.680	368	
50656964	272	-256	16880	16.592	-15.616	1029.680	368	
50696840	272	-304	16880	16.592	-18.544	1029.680	336	
50736713	256	-192	16880	15.616	-11.712	1029.680	336	
50776587	272	-256	16896	16.592	-15.616	1030.656	352	
50816461	240	-256	16832	14.640	-15.616	1026.752	336	
50856337	256	-240	16912	15.616	-14.640	1031.632	336	
50896209	240	-256	16880	14.640	-15.616	1029.680	336	
50936083	256	-240	16896	15.616	-14.640	1030.656	368	
50975954	256	-256	16880	15.616	-15.616	1029.680	320	
51015830	272	-288	16896	16.592	-17.568	1030.656	336	
51055704	272	-256	16896	16.592	-15.616	1030.656	368	
51095575	240	-256	16896	14.640	-15.616	1030.656	320	
51135450	288	-256	16880	17.568	-15.616	1029.680	352	
51175325	256	-256	16912	15.616	-15.616	1031.632	352	
51215201	240	-256	16912	14.640	-15.616	1031.632	336	
51255075	240	-256	16880	14.640	-15.616	1029.680	400	
51294952	272	-256	16896	16.592	-15.616	1030.656	352	
51334827	272	-256	16864	16.592	-15.616	1028.704	368	
51374702	288	-256	16864	17.568	-15.616	1028.704	368	
51414577	240	-256	16880	14.640	-15.616	1029.680	368	
51454449	240	-256	16928	14.640	-15.616	1032.608	368	
51494320	288	-256	16864	17.568	-15.616	1028.704	336	
51534196	272	-240	16896	16.592	-14.640	1030.656	400	
51574074	256	-256	16896	15.616	-15.616	1030.656	336	
51613950	288	-256	16880	17.568	-15.616	1029.680	336	
51653827	304	-256	16880	18.544	-15.616	1029.680	352	
51693702	256	-256	16832	15.616	-15.616	1026.752	352	
51733578	224	-288	16832	13.664	-17.568	1026.752	304	
51773454	272	-256	16880	16.592	-15.616	1029.680	336	
51813329	304	-256	16880	18.544	-15.616	1029.680	384	
51853201	256	-256	16896	15.616	-15.616	1030.656	352	
51893075	240	-224	16864	14.640	-13.664	1028.704	368	
51932949	224	-304	16896	13.664	-18.544	1030.656	352	
51972823	256	-256	16896	15.616	-15.616	1030.656	368	
52012697	240	-256	16896	14.640	-15.616	1030.656	336	
52052568	224	-256	16912	13.664	-15.616	1031.632	368	
52092444	304	-256	16912	18.544	-15.616	1031.632	336	
52132318	256	-256	16864	15.616	-15.616	1028.704	352	
52172191	256	-288	16880	15.616	-17.568	1029.680	352	
52212064	240	-224	16880	14.640	-13.664	1029.680	336	
52251938	320	-256	16880	19.520	-15.616	1029.680	368	
52291811	240	-256	16880	14.640	-15.616	1029.680	368	
52331687	272	-272	16864	16.592	-16.592	1028.704	352	
52371561	240	-256	16912	14.640	-15.616	1031.632	336	
52411437	240	-256	16864	14.640	-15.616	1028.704	336	
52451310	256	-256	16912	15.616	-15.616	1031.632	336	
52491184	240	-256	16880	14.640	-15.616	1029.680	352	
52531060	256	-288	16864	15.616	-17.568	1028.704	352	
52570934	256	-240	16848	15.616	-14.640	1027.728	352	
52610807	288	-256	16912	17.568	-15.616	1031.632	352	
52650682	272	-256	16880	16.592	-15.616	1029.680	368	
52690556	224	-256	16896	13.664	-15.616	1030.656	368	
52730430	224	-256	16912	13.664	-15.616	1031.632	352	
52770303	320	-304	16864	19.520	-18.544	1028.704	384	
52810176	256	-256	16864	15.616	-15.616	1028.704	400	
52850050	224	-240	16928	13.664	-14.640	1032.608	352	
52889923	256	-256	16864	15.616	-15.616	1028.704	368	
52929794	256	-240	16864	15.616	-14.640	1028.704	368	
52969667	256	-256	16896	15.616	-15.616	1030.656	352	
53009541	272	-256	16896	16.592	-15.616	1030.656	352	
53049413	288	-256	16880	17.568	-15.616	1029.680	352	
53089285	240	-240	16912	14.640	-14.640	1031.632	352	
53129156	224	-224	16864	13.664	-13.664	1028.704	352	
53169029	272	-256	16880	16.592	-15.616	1029.680	384	
53208902	272	-272	16864	16.592	-16.592	1028.704	336	
53248777	272	-256	16896	16.592	-15.616	1030.656	368	
53288649	208	-272	16896	12.688	-16.592	1030.656	368	
53328522	240	-304	16880	14.640	-18.544	1029.680	336	
53368395	240	-256	16928	14.640	-15.616	1032.608	400	
53408267	240	-208	16864	14.640	-12.688	1028.704	320	
53448143	288	-240	16880	17.568	-14.640	1029.680	368	
53488015	272	-256	16896	16.592	-15.616	1030.656	320	
53527888	256	-240	16896	15.616	-14.640	1030.656	368	
53567760	256	-256	16864	15.616	-15.616	1028.704	336	
53607634	256	-256	16864	15.616	-15.616	1028.704	368	
53647507	256	-288	16848	15.616	-17.568	1027.728	368	
53687382	320	-256	16864	19.520	-15.616	1028.704	352	
53727256	288	-224	16880	17.568	-13.664	1029.680	336	
53767129	256	-256	16928	15.616	-15.616	1032.608	352	
53807001	256	-256	16944	15.616	-15.616	1033.584	352	
53846875	272	-256	16896	16.592	-15.616	1030.656	336	
53886750	224	-288	16912	13.664	-17.568	1031.632	336	
53926623	240	-256	16896	14.640	-15.616	1030.656	352	
53966496	272	-256	16912	16.592	-15.616	1031.632	368	
54006368	240	-288	16912	14.640	-17.568	1031.632	384	
54046241	256	-272	16880	15.616	-16.592	1029.680	400	
54086113	272	-256	16864	16.592	-15.616	1028.704	352	
54125985	256	-256	16864	15.616	-15.616	1028.704	368	
54165857	256	-256	16880	15.616	-15.616	1029.680	336	
54205728	320	-240	16832	19.520	-14.640	1026.752	384	
54245603	272	-256	16864	16.592	-15.616	1028.704	304	
54285477	224	-256	16896	13.664	-15.616	1030.656	384	
54325349	288	-256	16928	17.568	-15.616	1032.608	368	
54365225	256	-304	16912	15.616	-18.544	1031.632	352	
54405100	256	-288	16880	15.616	-17.568	1029.680	352	
54444974	240	-240	16880	14.640	-14.640	1029.680	352	
54484848	288	-256	16880	17.568	-15.616	1029.680	352	
54524721	272	-224	16896	16.592	-13.664	1030.656	336	
54564594	256	-256	16944	15.616	-15.616	1033.584	336	
54604465	288	-240	16864	17.568	-14.640	1028.704	352	
54644337	288	-256	16816	17.568	-15.616	1025.776	336	
54684212	224	-256	16880	13.664	-15.616	1029.680	352	
54724086	272	-240	16864	16.592	-14.640	1028.704	336	
54763963	256	-256	16880	15.616	-15.616	1029.680	336	
54803839	288	-256	16864	17.568	-15.616	1028.704	352	
54843714	224	-256	16880	13.664	-15.616	1029.680	400	
54883589	304	-240	16880	18.544	-14.640	1029.680	352	
54923462	240	-256	16928	14.640	-15.616	1032.608	336	
54963335	272	-256	16896	16.592	-15.616	1030.656	352	
55003210	272	-240	16880	16.592	-14.640	1029.680	368	
55043082	240	-240	16928	14.640	-14.640	1032.608	368	
55082954	256	-256	16864	15.616	-15.616	1028.704	352	
55122828	272	-288	16864	16.592	-17.568	1028.704	384	
55162701	256	-256	16896	15.616	-15.616	1030.656	368	
55202575	272	-256	16896	16.592	-15.616	1030.656	352	
55242450	256	-304	16896	15.616	-18.544	1030.656	352	
55282321	240	-256	16880	14.640	-15.616	1029.680	384	
55322195	240	-224	16864	14.640	-13.664	1028.704	336	
55362067	256	-256	16896	15.616	-15.616	1030.656	400	
55401938	272	-256	16896	16.592	-15.616	1030.656	368	
55441813	256	-256	16864	15.616	-15.616	1028.704	336	
55481687	272	-256	16928	16.592	-15.616	1032.608	384	
55521561	224	-240	16896	13.664	-14.640	1030.656	352	
55561435	256	-288	16864	15.616	-17.568	1028.704	352	
55601308	288	-256	16928	17.568	-15.616	1032.608	352	
55641183	272	-240	16864	16.592	-14.640	1028.704	352	
55681055	256	-256	16896	15.616	-15.616	1030.656	368	
55720927	256	-240	16864	15.616	-14.640	1028.704	352	
55760801	240	-304	16928	14.640	-18.544	1032.608	384	
55800674	256	-256	16896	15.616	-15.616	1030.656	336	
55840548	256	-288	16880	15.616	-17.568	1029.680	352	
55880422	288	-256	16928	17.568	-15.616	1032.608	352	
55920296	272	-256	16864	16.592	-15.616	1028.704	368	
55960169	256	-256	16848	15.616	-15.616	1027.728	368	
56000045	272	-224	16912	16.592	-13.664	1031.632	352	
56039918	256	-224	16864	15.616	-13.664	1028.704	336	
56079790	272	-256	16896	16.592	-15.616	1030.656	384	
56119662	288	-256	16864	17.568	-15.616	1028.704	352	
56159535	240	-240	16896	14.640	-14.640	1030.656	368	
56199408	224	-256	16896	13.664	-15.616	1030.656	368	
56239283	288	-224	16880	17.568	-13.664	1029.680	320	
56279157	224	-256	16912	13.664	-15.616	1031.632	368	
56319027	272	-288	16848	16.592	-17.568	1027.728	352	
56358902	304	-224	16800	18.544	-13.664	1024.800	352	
56398774	256	-304	16960	15.616	-18.544	1034.560	368	
56438646	320	-256	16928	19.520	-15.616	1032.608	336	
56478522	256	-224	16896	15.616	-13.664	1030.656	320	
56518396	208	-240	16864	12.688	-14.640	1028.704	352	
56558269	240	-240	16864	14.640	-14.640	1028.704	384	
56598145	272	-256	16928	16.592	-15.616	1032.608	368	
56638019	240	-288	16912	14.640	-17.568	1031.632	384	
56677892	192	-208	16928	11.712	-12.688	1032.608	384	
56717766	256	-256	16848	15.616	-15.616	1027.728	368	
56757641	272	-320	16880	16.592	-19.520	1029.680	368	
56797514	304	-304	16864	18.544	-18.544	1028.704	320	
56837388	256	-256	16928	15.616	-15.616	1032.608	336	
56877264	240	-208	16896	14.640	-12.688	1030.656	384	
56917139	256	-288	16832	15.616	-17.568	1026.752	384	
56957012	288	-288	16848	17.568	-17.568	1027.728	368	
56996886	240	-256	16896	14.640	-15.616	1030.656	384	
57036760	224	-240	16880	13.664	-14.640	1029.680	352	
57076634	240	-288	16864	14.640	-17.568	1028.704	368	
57116507	304	-304	16864	18.544	-18.544	1028.704	336	
57156380	272	-256	16864	16.592	-15.616	1028.704	352	
57196256	224	-256	16864	13.664	-15.616	1028.704	336	
57236131	240	-256	16880	14.640	-15.616	1029.680	368	
57276008	272	-256	16928	16.592	-15.616	1032.608	352	
57315880	304	-272	16880	18.544	-16.592	1029.680	368	
57355755	336	-288	16976	20.496	-17.568	1035.536	384	
57395629	288	-240	16800	17.568	-14.640	1024.800	352	
57435504	192	-240	16880	11.712	-14.640	1029.680	336	
57475377	256	-320	16928	15.616	-19.520	1032.608	352	
57515251	320	-288	16896	19.520	-17.568	1030.656	384	
57555124	272	-256	16896	16.592	-15.616	1030.656	384	
57594998	192	-240	16880	11.712	-14.640	1029.680	384	
57634873	256	-224	16864	15.616	-13.664	1028.704	384	
57674748	304	-256	16896	18.544	-15.616	1030.656	368	
57714621	304	-304	16896	18.544	-18.544	1030.656	336	
57754494	256	-208	16896	15.616	-12.688	1030.656	352	
57794367	192	-256	16864	11.712	-15.616	1028.704	336	
57834239	224	-256	16912	13.664	-15.616	1031.632	384	
57874110	320	-256	16928	19.520	-15.616	1032.608	352	
57913981	304	-240	16896	18.544	-14.640	1030.656	368	
57953855	224	-256	16944	13.664	-15.616	1033.584	368	
57993726	224	-256	16864	13.664	-15.616	1028.704	384	
58033598	272	-320	16832	16.592	-19.520	1026.752	384	
58073473	256	-256	16896	15.616	-15.616	1030.656	320	
58113346	256	-256	16880	15.616	-15.616	1029.680	352	
58153218	240	-192	16896	14.640	-11.712	1030.656	336	
58193089	240	-256	16880	14.640	-15.616	1029.680	352	
58232962	256	-304	16864	15.616	-18.544	1028.704	384	
58272838	256	-256	16864	15.616	-15.616	1028.704	368	
58312711	272	-256	16928	16.592	-15.616	1032.608	368	
58352583	288	-240	16896	17.568	-14.640	1030.656	352	
58392455	256	-256	16880	15.616	-15.616	1029.680	368	
58432331	256	-256	16896	15.616	-15.616	1030.656	320	
58472202	256	-240	16832	15.616	-14.640	1026.752	384	
58512078	224	-240	16864	13.664	-14.640	1028.704	368	
58551951	272	-256	16880	16.592	-15.616	1029.680	384	
58591826	272	-256	16912	16.592	-15.616	1031.632	352	
58631700	336	-304	16864	20.496	-18.544	1028.704	352	
58671572	272	-240	16864	16.592	-14.640	1028.704	384	
58711447	256	-208	16864	15.616	-12.688	1028.704	352	
58751322	256	-256	16912	15.616	-15.616	1031.632	384	
58791195	272	-256	16880	16.592	-15.616	1029.680	336	
58831069	224	-288	16864	13.664	-17.568	1028.704	352	
58870942	208	-240	16896	12.688	-14.640	1030.656	352	
58910815	272	-256	16880	16.592	-15.616	1029.680	336	
58950691	272	-288	16896	16.592	-17.568	1030.656	384	
58990566	224	-256	16864	13.664	-15.616	1028.704	384	
59030440	208	-240	16816	12.688	-14.640	1025.776	400	
59070313	272	-224	16864	16.592	-13.664	1028.704	368	
59110185	272	-256	16864	16.592	-15.616	1028.704	320	
59150060	240	-288	16912	14.640	-17.568	1031.632	384	
59189935	304	-256	16880	18.544	-15.616	1029.680	368	
59229809	288	-256	16880	17.568	-15.616	1029.680	352	
59269682	240	-240	16880	14.640	-14.640	1029.680	352	
59309557	272	-288	16864	16.592	-17.568	1028.704	384	
59349431	288	-256	16864	17.568	-15.616	1028.704	384	
59389306	272	-256	16896	16.592	-15.616	1030.656	352	
59429178	272	-224	16848	16.592	-13.664	1027.728	368	
59469053	272	-256	16864	16.592	-15.616	1028.704	368	
59508931	288	-240	16880	17.568	-14.640	1029.680	320	
59548807	240	-256	16880	14.640	-15.616	1029.680	352	
59588682	240	-256	16912	14.640	-15.616	1031.632	368	
59628555	288	-256	16896	17.568	-15.616	1030.656	368	
59668429	288	-256	16928	17.568	-15.616	1032.608	336	
59708302	272	-256	16864	16.592	-15.616	1028.704	320	
59748174	240	-224	16864	14.640	-13.664	1028.704	352	
59788048	272	-256	16880	16.592	-15.616	1029.680	384	
59827922	256	-256	16832	15.616	-15.616	1026.752	368	
59867797	240	-256	16864	14.640	-15.616	1028.704	336	
59907670	240	-240	16880	14.640	-14.640	1029.680	336	
59947542	240	-256	16832	14.640	-15.616	1026.752	368	
59987417	304	-256	16880	18.544	-15.616	1029.680	352	
60027289	208	-288	16864	12.688	-17.568	1028.704	368	
60067165	208	-256	16512	12.688	-15.616	1007.232	352	
60107041	208	-208	16752	12.688	-12.688	1021.872	384	
60146916	272	-288	16864	16.592	-17.568	1028.704	336	
60186790	240	-256	16896	14.640	-15.616	1030.656	336	
60226662	256	-272	16896	15.616	-16.592	1030.656	368	
60266534	240	-208	16864	14.640	-12.688	1028.704	336	
60306409	272	-240	16880	16.592	-14.640	1029.680	352	
60346282	256	-256	16880	15.616	-15.616	1029.680	368	
60386156	256	-304	16928	15.616	-18.544	1032.608	336	
60426029	320	-256	16896	19.520	-15.616	1030.656	352	
60465904	208	-256	16912	12.688	-15.616	1031.632	368	
60505778	224	-208	16864	13.664	-12.688	1028.704	384	
60545653	288	-256	16864	17.568	-15.616	1028.704	336	
60585528	240	-256	16864	14.640	-15.616	1028.704	368	
60625403	272	-256	16880	16.592	-15.616	1029.680	384	
60665277	224	-240	16880	13.664	-14.640	1029.680	368	
60705151	256	-288	16864	15.616	-17.568	1028.704	352	
60745023	240	-320	16864	14.640	-19.520	1028.704	352	
60784898	240	-256	16896	14.640	-15.616	1030.656	368	
60824773	240	-240	16880	14.640	-14.640	1029.680	352	
60864647	272	-240	16960	16.592	-14.640	1034.560	320	
60904521	304	-256	16864	18.544	-15.616	1028.704	352	
60944395	304	-256	16880	18.544	-15.616	1029.680	352	
60984267	224	-256	16864	13.664	-15.616	1028.704	384	
61024139	240	-240	16896	14.640	-14.640	1030.656	368	
61064012	288	-272	16880	17.568	-16.592	1029.680	384	
61103886	224	-288	16896	13.664	-17.568	1030.656	384	
61143761	224	-256	16896	13.664	-15.616	1030.656	368	
61183635	272	-256	16832	16.592	-15.616	1026.752	384	
61223507	240	-288	16896	14.640	-17.568	1030.656	336	
61263381	272	-288	16896	16.592	-17.568	1030.656	352	
61303257	256	-288	16896	15.616	-17.568	1030.656	352	
61343132	272	-240	16928	16.592	-14.640	1032.608	368	
61383006	224	-288	16928	13.664	-17.568	1032.608	368	
61422882	256	-256	16896	15.616	-15.616	1030.656	368	
61462758	304	-240	16928	18.544	-14.640	1032.608	384	
61502630	224	-288	16928	13.664	-17.568	1032.608	352	
61542507	240	-256	16832	14.640	-15.616	1026.752	336	
61582381	240	-256	16896	14.640	-15.616	1030.656	320	
61622258	256	-256	16864	15.616	-15.616	1028.704	384	
61662137	256	-240	16896	15.616	-14.640	1030.656	368	
61702014	272	-240	16896	16.592	-14.640	1030.656	368	
61741892	224	-304	16896	13.664	-18.544	1030.656	368	
61781765	288	-304	16896	17.568	-18.544	1030.656	368	
61821640	272	-256	16864	16.592	-15.616	1028.704	384	
61861513	288	-288	16880	17.568	-17.568	1029.680	336	
61901388	256	-256	16912	15.616	-15.616	1031.632	352	
61941264	272	-256	16896	16.592	-15.616	1030.656	384	
61981137	224	-256	16864	13.664	-15.616	1028.704	352	
62021010	272	-256	16912	16.592	-15.616	1031.632	368	
62060882	256	-256	16880	15.616	-15.616	1029.680	384	
62100757	256	-256	16896	15.616	-15.616	1030.656	352	
62140633	224	-256	16896	13.664	-15.616	1030.656	368	
62180504	304	-256	16816	18.544	-15.616	1025.776	336	
62220379	272	-256	16912	16.592	-15.616	1031.632	400	
62260253	240	-256	16912	14.640	-15.616	1031.632	352	
62300127	256	-256	16896	15.616	-15.616	1030.656	352	
62340002	320	-288	16944	19.520	-17.568	1033.584	368	
62379878	240	-256	16896	14.640	-15.616	1030.656	336	
62419755	224	-304	16864	13.664	-18.544	1028.704	352	
62459631	272	-224	16928	16.592	-13.664	1032.608	368	
62499506	240	-288	16928	14.640	-17.568	1032.608	352	
62539381	272	-272	16928	16.592	-16.592	1032.608	400	
62579256	272	-256	16944	16.592	-15.616	1033.584	352	
62619131	256	-304	16928	15.616	-18.544	1032.608	368	
62659006	288	-256	16864	17.568	-15.616	1028.704	352	
62698879	272	-256	16896	16.592	-15.616	1030.656	336	
62738753	224	-224	16880	13.664	-13.664	1029.680	368	
62778628	272	-272	16880	16.592	-16.592	1029.680	400	
62818502	240	-256	16928	14.640	-15.616	1032.608	352	
62858378	256	-256	16912	15.616	-15.616	1031.632	384	
62898252	240	-256	16928	14.640	-15.616	1032.608	320	
62938129	240	-256	16896	14.640	-15.616	1030.656	336	
62978005	256	-256	16864	15.616	-15.616	1028.704	384	
63017880	272	-256	16864	16.592	-15.616	1028.704	352	
63057755	272	-256	16864	16.592	-15.616	1028.704	336	
63097630	288	-256	16928	17.568	-15.616	1032.608	368	
63137506	256	-256	16896	15.616	-15.616	1030.656	384	
63177381	272	-256	16880	16.592	-15.616	1029.680	384	
63217255	288	-288	16864	17.568	-17.568	1028.704	384	
63257129	256	-240	16880	15.616	-14.640	1029.680	400	
63297001	256	-288	16896	15.616	-17.568	1030.656	352	
63336874	272	-240	16944	16.592	-14.640	1033.584	416	
63376748	240	-256	16864	14.640	-15.616	1028.704	384	
63416622	208	-304	16896	12.688	-18.544	1030.656	416	
63456494	240	-256	16880	14.640	-15.616	1029.680	352	
63496366	288	-288	16880	17.568	-17.568	1029.680	352	
63536241	240	-272	16880	14.640	-16.592	1029.680	384	
63576117	256	-256	16896	15.616	-15.616	1030.656	368	
63615991	272	-256	16848	16.592	-15.616	1027.728	368	
63655866	304	-240	16864	18.544	-14.640	1028.704	368	
63695741	256	-256	16832	15.616	-15.616	1026.752	352	
63735616	288	-208	16848	17.568	-12.688	1027.728	352	
63775489	288	-256	16864	17.568	-15.616	1028.704	368	
63815366	272	-256	16864	16.592	-15.616	1028.704	352	
63855243	272	-304	16880	16.592	-18.544	1029.680	368	
63895117	288	-256	16944	17.568	-15.616	1033.584	352	
63934990	272	-256	16864	16.592	-15.616	1028.704	384	
63974865	256	-256	16880	15.616	-15.616	1029.680	368	
64014739	240	-304	16896	14.640	-18.544	1030.656	336	
64054614	256	-224	16896	15.616	-13.664	1030.656	400	
64094489	240	-240	16880	14.640	-14.640	1029.680	384	
64134365	240	-224	16912	14.640	-13.664	1031.632	400	
64174242	256	-240	16944	15.616	-14.640	1033.584	352	
64214118	288	-224	16864	17.568	-13.664	1028.704	384	
64253990	256	-240	16896	15.616	-14.640	1030.656	368	
64293862	256	-256	16880	15.616	-15.616	1029.680	384	
64333736	240	-288	16880	14.640	-17.568	1029.680	368	
64373609	208	-256	16944	12.688	-15.616	1033.584	352	
64413483	240	-256	16896	14.640	-15.616	1030.656	400	
64453356	240	-288	16864	14.640	-17.568	1028.704	352	
64493231	256	-256	16880	15.616	-15.616	1029.680	400	
64533106	256	-240	16896	15.616	-14.640	1030.656	336	
64572981	272	-304	16864	16.592	-18.544	1028.704	336	
64612855	240	-256	16896	14.640	-15.616	1030.656	352	
64652727	288	-208	16864	17.568	-12.688	1028.704	368	
64692601	288	-256	16880	17.568	-15.616	1029.680	368	
64732476	272	-256	16896	16.592	-15.616	1030.656	336	
64772351	256	-256	16928	15.616	-15.616	1032.608	368	
64812226	288	-256	16928	17.568	-15.616	1032.608	352	
64852097	272	-256	16912	16.592	-15.616	1031.632	368	
64891972	272	-240	16912	16.592	-14.640	1031.632	352	
64931848	288	-240	16880	17.568	-14.640	1029.680	368	
64971723	224	-256	16896	13.664	-15.616	1030.656	368	
65011598	256	-224	16928	15.616	-13.664	1032.608	352	
65051475	304	-256	16912	18.544	-15.616	1031.632	352	
65091348	272	-256	16896	16.592	-15.616	1030.656	368	
65131224	288	-256	16864	17.568	-15.616	1028.704	400	
65171100	256	-256	16896	15.616	-15.616	1030.656	416	
65210976	272	-256	16928	16.592	-15.616	1032.608	384	
65250850	240	-272	16880	14.640	-16.592	1029.680	352	
65290723	272	-224	16896	16.592	-13.664	1030.656	352	
65330595	240	-256	16864	14.640	-15.616	1028.704	352	
65370470	272	-256	16896	16.592	-15.616	1030.656	368	
65410344	224	-256	16896	13.664	-15.616	1030.656	336	
65450220	224	-304	16880	13.664	-18.544	1029.680	384	
65490093	272	-256	16864	16.592	-15.616	1028.704	320	
65529968	256	-256	16864	15.616	-15.616	1028.704	336	
