Timestamp [us]	A_X [LSB]	A_Y [LSB]	A_Z [LSB]	A_X [mg]	A_Y [mg]	A_Z [mg]	QVAR [LSB]	
13372	288	-256	16880	17.568	-15.616	1029.680	368	
53254	256	-240	16864	15.616	-14.640	1028.704	368	
93135	256	-256	16928	15.616	-15.616	1032.608	352	
133018	288	-256	16848	17.568	-15.616	1027.728	352	
172901	272	-256	16896	16.592	-15.616	1030.656	368	
212782	240	-256	16864	14.640	-15.616	1028.704	368	
252664	272	-256	16896	16.592	-15.616	1030.656	368	
292546	272	-256	16896	16.592	-15.616	1030.656	368	
332427	240	-240	16880	14.640	-14.640	1029.680	352	
372307	272	-256	16912	16.592	-15.616	1031.632	352	
412188	240	-256	16928	14.640	-15.616	1032.608	352	
452069	256	-256	16880	15.616	-15.616	1029.680	384	
491949	240	-240	16928	14.640	-14.640	1032.608	352	
531832	240	-256	16880	14.640	-15.616	1029.680	368	
571713	256	-256	16864	15.616	-15.616	1028.704	368	
611595	224	-256	16864	13.664	-15.616	1028.704	336	
651479	272	-256	16864	16.592	-15.616	1028.704	368	
691360	256	-256	16864	15.616	-15.616	1028.704	352	
731242	256	-256	16864	15.616	-15.616	1028.704	352	
771125	272	-272	16880	16.592	-16.592	1029.680	368	
811008	304	-240	16880	18.544	-14.640	1029.680	352	
850892	240	-256	16896	14.640	-15.616	1030.656	368	
890773	272	-256	16896	16.592	-15.616	1030.656	368	
930659	240	-240	16928	14.640	-14.640	1032.608	336	
970545	224	-224	16896	13.664	-13.664	1030.656	320	
1010427	256	-240	16880	15.616	-14.640	1029.680	320	
1050311	240	-256	16864	14.640	-15.616	1028.704	368	
1090194	272	-256	16928	16.592	-15.616	1032.608	320	
1130076	288	-240	16864	17.568	-14.640	1028.704	368	
1169959	272	-256	16816	16.592	-15.616	1025.776	368	
1209842	256	-256	16880	15.616	-15.616	1029.680	336	
1249724	256	-256	16832	15.616	-15.616	1026.752	352	
1289607	256	-256	16864	15.616	-15.616	1028.704	336	
1329490	288	-256	16896	17.568	-15.616	1030.656	352	
1369373	256	-256	16880	15.616	-15.616	1029.680	384	
1409256	272	-240	16896	16.592	-14.640	1030.656	368	
1449139	240	-256	16944	14.640	-15.616	1033.584	352	
1489018	256	-224	16896	15.616	-13.664	1030.656	336	
1528902	240	-256	16880	14.640	-15.616	1029.680	352	
1568786	224	-256	16880	13.664	-15.616	1029.680	368	
1608668	272	-256	16896	16.592	-15.616	1030.656	352	
1648551	256	-256	16880	15.616	-15.616	1029.680	352	
1688437	256	-256	16896	15.616	-15.616	1030.656	352	
1728319	272	-272	16864	16.592	-16.592	1028.704	384	
1768203	272	-256	16912	16.592	-15.616	1031.632	336	
1808087	288	-224	16880	17.568	-13.664	1029.680	400	
1847971	240	-272	16880	14.640	-16.592	1029.680	352	
1887855	224	-288	16896	13.664	-17.568	1030.656	352	
1927736	256	-208	16880	15.616	-12.688	1029.680	304	
1967617	272	-272	16896	16.592	-16.592	1030.656	368	
2007496	240	-288	16880	14.640	-17.568	1029.680	336	
2047376	288	-272	16864	17.568	-16.592	1028.704	352	
2087260	224	-256	16864	13.664	-15.616	1028.704	352	
2127143	272	-256	16864	16.592	-15.616	1028.704	336	
2167025	272	-240	16912	16.592	-14.640	1031.632	384	
2206910	304	-256	16896	18.544	-15.616	1030.656	352	
2246795	240	-256	16864	14.640	-15.616	1028.704	368	
2286679	272	-256	16880	16.592	-15.616	1029.680	352	
2326561	272	-256	16880	16.592	-15.616	1029.680	400	
2366444	272	-256	16864	16.592	-15.616	1028.704	384	
2406328	240	-256	16896	14.640	-15.616	1030.656	368	
2446213	256	-288	16880	15.616	-17.568	1029.680	416	
2486097	288	-256	16864	17.568	-15.616	1028.704	336	
2525980	304	-240	16896	18.544	-14.640	1030.656	384	
2565863	272	-320	16864	16.592	-19.520	1028.704	368	
2605745	272	-256	16928	16.592	-15.616	1032.608	368	
2645626	256	-240	16896	15.616	-14.640	1030.656	352	
2685508	288	-240	16880	17.568	-14.640	1029.680	320	
2725387	288	-256	16880	17.568	-15.616	1029.680	352	
2765267	304	-288	16880	18.544	-17.568	1029.680	352	
2805148	320	-256	16848	19.520	-15.616	1027.728	352	
2845027	288	-256	16864	17.568	-15.616	1028.704	368	
2884906	256	-256	16880	15.616	-15.616	1029.680	368	
2924784	304	-288	16928	18.544	-17.568	1032.608	384	
2964663	240	-320	16864	14.640	-19.520	1028.704	352	
3004541	256	-288	16864	15.616	-17.568	1028.704	368	
3044422	272	-256	16880	16.592	-15.616	1029.680	352	
3084300	304	-256	16880	18.544	-15.616	1029.680	336	
3124182	272	-256	16896	16.592	-15.616	1030.656	368	
3164063	272	-288	16896	16.592	-17.568	1030.656	368	
3203944	256	-256	16912	15.616	-15.616	1031.632	352	
3243824	256	-288	16864	15.616	-17.568	1028.704	352	
3283704	304	-240	16896	18.544	-14.640	1030.656	352	
3323582	240	-256	16896	14.640	-15.616	1030.656	352	
3363460	288	-288	16864	17.568	-17.568	1028.704	384	
3403338	256	-256	16880	15.616	-15.616	1029.680	352	
3443221	272	-272	16896	16.592	-16.592	1030.656	352	
3483104	288	-256	16848	17.568	-15.616	1027.728	336	
3522987	304	-256	16880	18.544	-15.616	1029.680	320	
3562866	272	-288	16880	16.592	-17.568	1029.680	352	
3602745	256	-208	16912	15.616	-12.688	1031.632	384	
3642622	224	-256	16864	13.664	-15.616	1028.704	336	
3682502	240	-288	16896	14.640	-17.568	1030.656	368	
3722382	304	-256	16864	18.544	-15.616	1028.704	352	
3762262	240	-256	16896	14.640	-15.616	1030.656	384	
3802142	288	-256	16864	17.568	-15.616	1028.704	368	
3842024	256	-288	16864	15.616	-17.568	1028.704	352	
3881904	256	-256	16880	15.616	-15.616	1029.680	352	
3921784	320	-256	16848	19.520	-15.616	1027.728	384	
3961666	256	-256	16880	15.616	-15.616	1029.680	352	
4001547	256	-288	16880	15.616	-17.568	1029.680	368	
4041427	288	-256	16928	17.568	-15.616	1032.608	384	
4081307	272	-256	16912	16.592	-15.616	1031.632	368	
4121186	272	-256	16864	16.592	-15.616	1028.704	368	
4161067	240	-256	16896	14.640	-15.616	1030.656	352	
4200948	256	-240	16864	15.616	-14.640	1028.704	368	
4240830	304	-288	16928	18.544	-17.568	1032.608	352	
4280712	288	-256	16864	17.568	-15.616	1028.704	368	
4320593	272	-240	16912	16.592	-14.640	1031.632	352	
4360473	304	-256	16864	18.544	-15.616	1028.704	368	
4400353	256	-256	16880	15.616	-15.616	1029.680	336	
4440234	240	-256	16912	14.640	-15.616	1031.632	368	
4480115	320	-224	16880	19.520	-13.664	1029.680	352	
4519995	288	-256	16864	17.568	-15.616	1028.704	352	
4559875	288	-256	16880	17.568	-15.616	1029.680	352	
4599756	272	-304	16864	16.592	-18.544	1028.704	384	
4639635	272	-256	16864	16.592	-15.616	1028.704	352	
4679518	288	-256	16896	17.568	-15.616	1030.656	368	
4719399	272	-256	16880	16.592	-15.616	1029.680	352	
4759281	288	-256	16864	17.568	-15.616	1028.704	368	
4799163	256	-256	16864	15.616	-15.616	1028.704	352	
4839045	256	-256	16896	15.616	-15.616	1030.656	368	
4878924	272	-224	16864	16.592	-13.664	1028.704	352	
4918803	288	-256	16848	17.568	-15.616	1027.728	336	
4958683	288	-240	16896	17.568	-14.640	1030.656	352	
4998565	288	-224	16832	17.568	-13.664	1026.752	400	
5038446	256	-256	16864	15.616	-15.616	1028.704	368	
5078327	304	-288	16864	18.544	-17.568	1028.704	352	
5118211	288	-288	16880	17.568	-17.568	1029.680	384	
5158094	272	-240	16880	16.592	-14.640	1029.680	384	
5197975	304	-272	16864	18.544	-16.592	1028.704	352	
5237856	256	-240	16880	15.616	-14.640	1029.680	352	
5277737	272	-288	16880	16.592	-17.568	1029.680	320	
5317615	288	-224	16864	17.568	-13.664	1028.704	384	
5357494	256	-288	16864	15.616	-17.568	1028.704	320	
5397375	272	-256	16880	16.592	-15.616	1029.680	368	
5437257	320	-256	16832	19.520	-15.616	1026.752	368	
5477137	304	-256	16864	18.544	-15.616	1028.704	320	
5517017	288	-240	16864	17.568	-14.640	1028.704	368	
5556900	272	-256	16864	16.592	-15.616	1028.704	400	
5596781	272	-304	16880	16.592	-18.544	1029.680	400	
5636665	272	-256	16864	16.592	-15.616	1028.704	352	
5676548	272	-256	16864	16.592	-15.616	1028.704	352	
5716428	256	-240	16880	15.616	-14.640	1029.680	384	
5756310	288	-288	16848	17.568	-17.568	1027.728	352	
5796194	288	-288	16896	17.568	-17.568	1030.656	352	
5836074	256	-256	16800	15.616	-15.616	1024.800	368	
5875955	272	-224	16912	16.592	-13.664	1031.632	336	
5915837	208	-320	16864	12.688	-19.520	1028.704	336	
5955718	288	-288	16896	17.568	-17.568	1030.656	336	
5995603	288	-256	16864	17.568	-15.616	1028.704	384	
6035485	272	-256	16864	16.592	-15.616	1028.704	352	
6075367	256	-256	16880	15.616	-15.616	1029.680	336	
6115248	288	-256	16864	17.568	-15.616	1028.704	400	
6155133	288	-256	16896	17.568	-15.616	1030.656	368	
6195014	256	-208	16880	15.616	-12.688	1029.680	368	
6234896	256	-288	16864	15.616	-17.568	1028.704	368	
6274777	272	-272	16896	16.592	-16.592	1030.656	352	
6314658	272	-320	16880	16.592	-19.520	1029.680	368	
6354542	272	-256	16928	16.592	-15.616	1032.608	368	
6394426	256	-224	16864	15.616	-13.664	1028.704	368	
6434308	272	-256	16896	16.592	-15.616	1030.656	368	
6474187	304	-288	16816	18.544	-17.568	1025.776	384	
6514068	240	-288	16896	14.640	-17.568	1030.656	336	
6553953	240	-240	16880	14.640	-14.640	1029.680	336	
6593837	272	-256	16864	16.592	-15.616	1028.704	352	
6633720	304	-304	16880	18.544	-18.544	1029.680	352	
6673602	240	-240	16832	14.640	-14.640	1026.752	384	
6713485	288	-256	16848	17.568	-15.616	1027.728	352	
6753368	240	-288	16896	14.640	-17.568	1030.656	352	
6793248	288	-256	16864	17.568	-15.616	1028.704	368	
6833130	272	-288	16928	16.592	-17.568	1032.608	368	
6873011	272	-256	16848	16.592	-15.616	1027.728	336	
6912892	272	-240	16832	16.592	-14.640	1026.752	336	
6952773	272	-256	16864	16.592	-15.616	1028.704	368	
6992652	288	-256	16896	17.568	-15.616	1030.656	368	
7032532	288	-256	16848	17.568	-15.616	1027.728	384	
7072414	256	-256	16864	15.616	-15.616	1028.704	352	
7112296	288	-256	16896	17.568	-15.616	1030.656	352	
7152179	288	-304	16896	17.568	-18.544	1030.656	352	
7192063	256	-256	16864	15.616	-15.616	1028.704	352	
7231946	240	-256	16832	14.640	-15.616	1026.752	336	
7271830	208	-256	16880	12.688	-15.616	1029.680	384	
7311714	224	-240	16832	13.664	-14.640	1026.752	384	
7351596	240	-256	16880	14.640	-15.616	1029.680	368	
7391478	256	-256	16864	15.616	-15.616	1028.704	384	
7431365	272	-256	16864	16.592	-15.616	1028.704	336	
7471245	272	-288	16880	16.592	-17.568	1029.680	352	
7511126	304	-256	16880	18.544	-15.616	1029.680	352	
7551004	288	-240	16896	17.568	-14.640	1030.656	384	
7590886	256	-240	16912	15.616	-14.640	1031.632	352	
7630765	208	-256	16864	12.688	-15.616	1028.704	352	
7670648	288	-304	16864	17.568	-18.544	1028.704	336	
7710530	288	-256	16880	17.568	-15.616	1029.680	400	
7750412	256	-304	16832	15.616	-18.544	1026.752	352	
7790295	240	-240	16896	14.640	-14.640	1030.656	352	
7830175	256	-256	16880	15.616	-15.616	1029.680	384	
7870056	256	-256	16864	15.616	-15.616	1028.704	336	
7909938	288	-304	16864	17.568	-18.544	1028.704	368	
7949823	240	-320	16880	14.640	-19.520	1029.680	384	
7989705	256	-240	16896	15.616	-14.640	1030.656	368	
8029586	304	-256	16896	18.544	-15.616	1030.656	352	
8069466	304	-256	16864	18.544	-15.616	1028.704	384	
8109347	272	-256	16848	16.592	-15.616	1027.728	400	
8149229	256	-240	16880	15.616	-14.640	1029.680	368	
8189111	288	-256	16864	17.568	-15.616	1028.704	384	
8228993	272	-304	16864	16.592	-18.544	1028.704	368	
8268875	272	-256	16896	16.592	-15.616	1030.656	368	
8308758	288	-256	16864	17.568	-15.616	1028.704	368	
8348638	272	-224	16864	16.592	-13.664	1028.704	400	
8388520	288	-320	16832	17.568	-19.520	1026.752	352	
8428400	288	-256	16864	17.568	-15.616	1028.704	384	
8468283	304	-320	16896	18.544	-19.520	1030.656	352	
8508164	304	-256	16832	18.544	-15.616	1026.752	352	
8548043	272	-256	16816	16.592	-15.616	1025.776	368	
8587920	272	-288	16880	16.592	-17.568	1029.680	352	
8627802	272	-288	16864	16.592	-17.568	1028.704	368	
8667682	272	-256	16896	16.592	-15.616	1030.656	336	
8707565	256	-160	16896	15.616	-9.760	1030.656	400	
8747444	208	-256	16912	12.688	-15.616	1031.632	368	
8787326	304	-256	16864	18.544	-15.616	1028.704	368	
8827206	320	-256	16928	19.520	-15.616	1032.608	352	
8867085	272	-256	16880	16.592	-15.616	1029.680	384	
8906966	224	-240	16864	13.664	-14.640	1028.704	384	
8946849	240	-272	16896	14.640	-16.592	1030.656	368	
8986729	288	-304	16880	17.568	-18.544	1029.680	352	
9026610	256	-240	16896	15.616	-14.640	1030.656	384	
9066491	256	-224	16880	15.616	-13.664	1029.680	368	
9106371	224	-224	16880	13.664	-13.664	1029.680	384	
9146251	240	-288	16864	14.640	-17.568	1028.704	384	
9186133	240	-256	16864	14.640	-15.616	1028.704	352	
9226015	224	-256	16864	13.664	-15.616	1028.704	368	
9265893	256	-240	16896	15.616	-14.640	1030.656	368	
9305772	240	-256	16880	14.640	-15.616	1029.680	352	
9345655	304	-256	16912	18.544	-15.616	1031.632	336	
9385536	272	-256	16896	16.592	-15.616	1030.656	352	
9425418	256	-256	16912	15.616	-15.616	1031.632	384	
9465301	288	-224	16896	17.568	-13.664	1030.656	400	
9505182	240	-256	16896	14.640	-15.616	1030.656	336	
9545068	256	-256	16864	15.616	-15.616	1028.704	384	
9584954	304	-272	16928	18.544	-16.592	1032.608	352	
9624836	304	-240	16928	18.544	-14.640	1032.608	384	
9664718	272	-256	16880	16.592	-15.616	1029.680	352	
9704598	272	-256	16896	16.592	-15.616	1030.656	336	
9744478	256	-272	16880	15.616	-16.592	1029.680	352	
9784362	240	-256	16880	14.640	-15.616	1029.680	384	
9824241	208	-256	16880	12.688	-15.616	1029.680	368	
9864123	288	-256	16960	17.568	-15.616	1034.560	384	
9904007	272	-272	16864	16.592	-16.592	1028.704	336	
9943887	256	-304	16864	15.616	-18.544	1028.704	384	
9983772	240	-256	16896	14.640	-15.616	1030.656	352	
10023651	224	-256	16896	13.664	-15.616	1030.656	320	
10063535	272	-256	16864	16.592	-15.616	1028.704	352	
10103419	288	-288	16864	17.568	-17.568	1028.704	352	
10143304	272	-256	16896	16.592	-15.616	1030.656	384	
10183188	208	-240	16864	12.688	-14.640	1028.704	368	
10223073	224	-256	16896	13.664	-15.616	1030.656	368	
10262951	288	-288	16896	17.568	-17.568	1030.656	400	
10302835	320	-256	16880	19.520	-15.616	1029.680	384	
10342720	240	-256	16864	14.640	-15.616	1028.704	368	
10382602	256	-240	16880	15.616	-14.640	1029.680	368	
10422486	272	-320	16864	16.592	-19.520	1028.704	352	
10462371	240	-304	16864	14.640	-18.544	1028.704	352	
10502251	256	-256	16896	15.616	-15.616	1030.656	384	
10542131	256	-224	16896	15.616	-13.664	1030.656	384	
10582014	272	-240	16896	16.592	-14.640	1030.656	352	
10621896	176	-304	16880	10.736	-18.544	1029.680	352	
10661779	224	-256	16896	13.664	-15.616	1030.656	384	
10701661	240	-256	16912	14.640	-15.616	1031.632	368	
10741545	256	-256	16912	15.616	-15.616	1031.632	352	
10781431	224	-288	16928	13.664	-17.568	1032.608	352	
10821316	240	-288	16864	14.640	-17.568	1028.704	352	
10861200	256	-208	16880	15.616	-12.688	1029.680	352	
10901084	240	-256	16896	14.640	-15.616	1030.656	368	
10940968	240	-256	16912	14.640	-15.616	1031.632	368	
10980851	304	-224	16864	18.544	-13.664	1028.704	384	
11020732	288	-256	16864	17.568	-15.616	1028.704	336	
11060616	224	-240	16896	13.664	-14.640	1030.656	320	
11100499	288	-256	16864	17.568	-15.616	1028.704	336	
11140385	256	-256	16896	15.616	-15.616	1030.656	352	
11180267	256	-256	16880	15.616	-15.616	1029.680	368	
11220153	288	-256	16896	17.568	-15.616	1030.656	320	
11260035	208	-240	16880	12.688	-14.640	1029.680	352	
11299918	240	-256	16864	14.640	-15.616	1028.704	352	
11339804	288	-288	16912	17.568	-17.568	1031.632	384	
11379686	256	-256	16864	15.616	-15.616	1028.704	320	
11419567	288	-256	16928	17.568	-15.616	1032.608	384	
11459450	240	-240	16896	14.640	-14.640	1030.656	352	
11499332	272	-256	16864	16.592	-15.616	1028.704	352	
11539212	272	-272	16928	16.592	-16.592	1032.608	320	
11579095	256	-288	16928	15.616	-17.568	1032.608	336	
11618977	256	-288	16928	15.616	-17.568	1032.608	368	
11658857	240	-256	16880	14.640	-15.616	1029.680	352	
11698739	256	-256	16896	15.616	-15.616	1030.656	368	
11738620	240	-256	16912	14.640	-15.616	1031.632	336	
11778503	240	-240	16912	14.640	-14.640	1031.632	368	
11818383	272	-256	16896	16.592	-15.616	1030.656	368	
11858264	272	-256	16880	16.592	-15.616	1029.680	336	
11898144	240	-240	16896	14.640	-14.640	1030.656	352	
11938025	304	-256	16864	18.544	-15.616	1028.704	352	
11977906	272	-256	16880	16.592	-15.616	1029.680	368	
12017789	240	-224	16896	14.640	-13.664	1030.656	352	
12057670	256	-288	16864	15.616	-17.568	1028.704	368	
12097551	272	-256	16864	16.592	-15.616	1028.704	352	
12137435	272	-256	16912	16.592	-15.616	1031.632	368	
12177318	272	-256	16880	16.592	-15.616	1029.680	336	
12217200	272	-256	16928	16.592	-15.616	1032.608	368	
12257082	272	-256	16928	16.592	-15.616	1032.608	416	
12296963	240	-256	16896	14.640	-15.616	1030.656	352	
12336843	272	-240	16864	16.592	-14.640	1028.704	336	
12376726	240	-256	16880	14.640	-15.616	1029.680	368	
12416609	288	-304	16832	17.568	-18.544	1026.752	352	
12456491	256	-256	16880	15.616	-15.616	1029.680	368	
12496374	240	-256	16848	14.640	-15.616	1027.728	368	
12536254	288	-256	16896	17.568	-15.616	1030.656	352	
12576135	272	-256	16896	16.592	-15.616	1030.656	368	
12616017	272	-256	16880	16.592	-15.616	1029.680	368	
12655899	288	-256	16880	17.568	-15.616	1029.680	320	
12695777	240	-224	16848	14.640	-13.664	1027.728	336	
12735656	256	-256	16880	15.616	-15.616	1029.680	352	
12775536	272	-256	16880	16.592	-15.616	1029.680	352	
12815418	256	-256	16896	15.616	-15.616	1030.656	336	
12855299	256	-288	16864	15.616	-17.568	1028.704	400	
12895182	224	-256	16848	13.664	-15.616	1027.728	352	
12935061	224	-304	16912	13.664	-18.544	1031.632	368	
12974942	288	-256	16864	17.568	-15.616	1028.704	368	
13014823	240	-256	16864	14.640	-15.616	1028.704	400	
13054701	256	-256	16896	15.616	-15.616	1030.656	352	
13094582	256	-256	16864	15.616	-15.616	1028.704	368	
13134462	208	-256	16912	12.688	-15.616	1031.632	384	
13174344	288	-272	16880	17.568	-16.592	1029.680	336	
13214228	272	-256	16864	16.592	-15.616	1028.704	336	
13254109	256	-256	16864	15.616	-15.616	1028.704	368	
13293990	240	-240	16864	14.640	-14.640	1028.704	368	
13333873	272	-240	16912	16.592	-14.640	1031.632	352	
13373754	288	-256	16928	17.568	-15.616	1032.608	336	
13413638	256	-256	16896	15.616	-15.616	1030.656	352	
13453519	288	-256	16928	17.568	-15.616	1032.608	352	
13493402	224	-256	16912	13.664	-15.616	1031.632	352	
13533284	256	-256	16896	15.616	-15.616	1030.656	368	
13573164	240	-256	16880	14.640	-15.616	1029.680	320	
13613044	272	-256	16864	16.592	-15.616	1028.704	352	
13652924	256	-256	16896	15.616	-15.616	1030.656	368	
13692802	256	-240	16864	15.616	-14.640	1028.704	352	
13732684	240	-272	16896	14.640	-16.592	1030.656	384	
13772566	256	-256	16864	15.616	-15.616	1028.704	368	
13812448	224	-240	16896	13.664	-14.640	1030.656	384	
13852331	256	-256	16880	15.616	-15.616	1029.680	368	
13892215	240	-256	16896	14.640	-15.616	1030.656	352	
13932095	192	-272	16880	11.712	-16.592	1029.680	352	
13971974	256	-240	16928	15.616	-14.640	1032.608	368	
14011853	224	-240	16848	13.664	-14.640	1027.728	384	
14051734	256	-304	16864	15.616	-18.544	1028.704	352	
14091614	288	-256	16912	17.568	-15.616	1031.632	320	
14131496	272	-224	16928	16.592	-13.664	1032.608	352	
14171378	272	-256	16880	16.592	-15.616	1029.680	368	
14211257	240	-256	16896	14.640	-15.616	1030.656	336	
14251137	272	-256	16928	16.592	-15.616	1032.608	352	
14291017	272	-288	16928	16.592	-17.568	1032.608	352	
14330897	272	-256	16848	16.592	-15.616	1027.728	336	
14370775	256	-256	16912	15.616	-15.616	1031.632	336	
14410655	240	-272	16880	14.640	-16.592	1029.680	320	
14450538	240	-224	16928	14.640	-13.664	1032.608	352	
14490420	272	-256	16928	16.592	-15.616	1032.608	368	
14530301	288	-272	16864	17.568	-16.592	1028.704	368	
14570180	256	-256	16880	15.616	-15.616	1029.680	368	
14610057	256	-272	16912	15.616	-16.592	1031.632	352	
14649935	256	-256	16864	15.616	-15.616	1028.704	384	
14689815	272	-256	16880	16.592	-15.616	1029.680	368	
14729693	288	-320	16944	17.568	-19.520	1033.584	368	
14769573	224	-256	16896	13.664	-15.616	1030.656	368	
14809451	272	-256	16864	16.592	-15.616	1028.704	368	
14849330	256	-288	16848	15.616	-17.568	1027.728	368	
14889209	256	-240	16880	15.616	-14.640	1029.680	368	
14929087	272	-256	16912	16.592	-15.616	1031.632	384	
14968964	240	-240	16896	14.640	-14.640	1030.656	336	
15008843	256	-208	16864	15.616	-12.688	1028.704	336	
15048725	240	-256	16832	14.640	-15.616	1026.752	352	
15088608	288	-256	16880	17.568	-15.616	1029.680	352	
15128489	240	-288	16864	14.640	-17.568	1028.704	384	
15168370	272	-256	16864	16.592	-15.616	1028.704	368	
15208252	272	-256	16896	16.592	-15.616	1030.656	352	
15248132	272	-240	16912	16.592	-14.640	1031.632	352	
15288011	272	-256	16896	16.592	-15.616	1030.656	368	
15327889	256	-256	16896	15.616	-15.616	1030.656	352	
15367767	240	-240	16896	14.640	-14.640	1030.656	384	
15407646	256	-240	16912	15.616	-14.640	1031.632	368	
15447526	256	-256	16896	15.616	-15.616	1030.656	352	
15487405	256	-256	16880	15.616	-15.616	1029.680	352	
15527282	256	-256	16912	15.616	-15.616	1031.632	352	
15567159	256	-288	16864	15.616	-17.568	1028.704	400	
15607038	256	-240	16880	15.616	-14.640	1029.680	368	
15646917	256	-256	16896	15.616	-15.616	1030.656	336	
15686798	240	-256	16896	14.640	-15.616	1030.656	352	
15726679	224	-240	16896	13.664	-14.640	1030.656	368	
15766558	320	-256	16880	19.520	-15.616	1029.680	400	
15806435	256	-256	16864	15.616	-15.616	1028.704	352	
15846314	208	-240	16880	12.688	-14.640	1029.680	368	
15886191	256	-256	16880	15.616	-15.616	1029.680	416	
15926069	272	-240	16864	16.592	-14.640	1028.704	384	
15965946	256	-288	16880	15.616	-17.568	1029.680	352	
16005824	288	-240	16880	17.568	-14.640	1029.680	352	
16045704	288	-240	16880	17.568	-14.640	1029.680	384	
16085586	256	-256	16896	15.616	-15.616	1030.656	400	
16125468	288	-256	16864	17.568	-15.616	1028.704	384	
16165347	288	-256	16896	17.568	-15.616	1030.656	336	
16205225	272	-208	16896	16.592	-12.688	1030.656	400	
16245105	272	-256	16832	16.592	-15.616	1026.752	352	
16284986	272	-256	16912	16.592	-15.616	1031.632	384	
16324867	256	-240	16864	15.616	-14.640	1028.704	352	
16364745	256	-224	16880	15.616	-13.664	1029.680	384	
16404630	272	-256	16864	16.592	-15.616	1028.704	336	
16444511	288	-240	16880	17.568	-14.640	1029.680	384	
16484392	272	-256	16864	16.592	-15.616	1028.704	400	
16524272	272	-256	16832	16.592	-15.616	1026.752	368	
16564155	288	-256	16864	17.568	-15.616	1028.704	368	
16604038	272	-256	16864	16.592	-15.616	1028.704	368	
16643917	256	-240	16864	15.616	-14.640	1028.704	384	
16683800	304	-256	16864	18.544	-15.616	1028.704	336	
16723681	240	-256	16864	14.640	-15.616	1028.704	368	
16763560	224	-256	16880	13.664	-15.616	1029.680	368	
16803438	272	-240	16880	16.592	-14.640	1029.680	368	
16843319	272	-256	16880	16.592	-15.616	1029.680	400	
16883200	240	-272	16864	14.640	-16.592	1028.704	368	
16923080	240	-256	16864	14.640	-15.616	1028.704	368	
16962961	288	-256	16864	17.568	-15.616	1028.704	368	
17002844	256	-240	16864	15.616	-14.640	1028.704	352	
17042725	304	-256	16832	18.544	-15.616	1026.752	352	
17082605	240	-304	16864	14.640	-18.544	1028.704	368	
17122483	256	-256	16880	15.616	-15.616	1029.680	352	
17162360	224	-256	16880	13.664	-15.616	1029.680	368	
17202237	240	-272	16896	14.640	-16.592	1030.656	384	
17242116	272	-256	16864	16.592	-15.616	1028.704	352	
17281994	272	-224	16864	16.592	-13.664	1028.704	368	
17321875	256	-256	16928	15.616	-15.616	1032.608	336	
17361754	256	-240	16928	15.616	-14.640	1032.608	384	
17401634	256	-256	16896	15.616	-15.616	1030.656	352	
17441513	256	-256	16864	15.616	-15.616	1028.704	384	
17481396	288	-320	16864	17.568	-19.520	1028.704	352	
17521276	224	-256	16864	13.664	-15.616	1028.704	368	
17561156	240	-288	16880	14.640	-17.568	1029.680	352	
17601037	240	-240	16864	14.640	-14.640	1028.704	384	
17640920	224	-240	16896	13.664	-14.640	1030.656	384	
17680802	256	-256	16880	15.616	-15.616	1029.680	368	
17720682	272	-256	16928	16.592	-15.616	1032.608	384	
17760565	224	-256	16912	13.664	-15.616	1031.632	368	
17800447	256	-256	16928	15.616	-15.616	1032.608	368	
17840330	272	-288	16880	16.592	-17.568	1029.680	320	
17880210	256	-256	16864	15.616	-15.616	1028.704	352	
17920093	304	-256	16896	18.544	-15.616	1030.656	352	
17959975	208	-256	16928	12.688	-15.616	1032.608	352	
17999855	224	-256	16896	13.664	-15.616	1030.656	368	
18039736	288	-256	16864	17.568	-15.616	1028.704	352	
18079618	256	-256	16864	15.616	-15.616	1028.704	336	
18119499	272	-288	16896	16.592	-17.568	1030.656	384	
18159377	272	-240	16928	16.592	-14.640	1032.608	336	
18199259	272	-256	16960	16.592	-15.616	1034.560	368	
18239137	256	-256	16880	15.616	-15.616	1029.680	352	
18279015	272	-256	16928	16.592	-15.616	1032.608	368	
18318893	240	-288	16880	14.640	-17.568	1029.680	368	
18358774	240	-256	16864	14.640	-15.616	1028.704	352	
18398655	272	-224	16880	16.592	-13.664	1029.680	352	
18438538	240	-320	16896	14.640	-19.520	1030.656	352	
18478418	272	-256	16880	16.592	-15.616	1029.680	368	
18518298	272	-256	16928	16.592	-15.616	1032.608	336	
18558179	256	-240	16864	15.616	-14.640	1028.704	336	
18598059	240	-224	16864	14.640	-13.664	1028.704	336	
18637937	240	-256	16880	14.640	-15.616	1029.680	384	
18677817	288	-288	16880	17.568	-17.568	1029.680	320	
18717696	192	-288	16896	11.712	-17.568	1030.656	368	
18757575	288	-256	16912	17.568	-15.616	1031.632	400	
18797453	240	-288	16864	14.640	-17.568	1028.704	352	
18837332	256	-240	16880	15.616	-14.640	1029.680	352	
18877215	304	-224	16896	18.544	-13.664	1030.656	400	
18917097	304	-256	16896	18.544	-15.616	1030.656	368	
18956978	256	-256	16880	15.616	-15.616	1029.680	352	
18996861	256	-240	16880	15.616	-14.640	1029.680	384	
19036743	288	-256	16784	17.568	-15.616	1023.824	368	
19076627	256	-240	16864	15.616	-14.640	1028.704	400	
19116508	256	-256	16864	15.616	-15.616	1028.704	352	
19156387	256	-256	16880	15.616	-15.616	1029.680	368	
19196267	272	-256	16864	16.592	-15.616	1028.704	336	
19236150	256	-240	16896	15.616	-14.640	1030.656	352	
19276034	240	-256	16864	14.640	-15.616	1028.704	368	
19315915	272	-256	16912	16.592	-15.616	1031.632	320	
19355796	256	-288	16928	15.616	-17.568	1032.608	352	
19395676	256	-240	16880	15.616	-14.640	1029.680	384	
19435557	208	-224	16896	12.688	-13.664	1030.656	336	
19475439	272	-304	16880	16.592	-18.544	1029.680	352	
19515322	224	-256	16880	13.664	-15.616	1029.680	352	
19555204	224	-256	16816	13.664	-15.616	1025.776	368	
19595086	256	-256	16880	15.616	-15.616	1029.680	368	
19634965	272	-256	16880	16.592	-15.616	1029.680	368	
19674846	272	-272	16912	16.592	-16.592	1031.632	352	
19714724	240	-288	16928	14.640	-17.568	1032.608	352	
19754602	256	-256	16864	15.616	-15.616	1028.704	352	
19794480	272	-256	16864	16.592	-15.616	1028.704	368	
19834357	256	-224	16880	15.616	-13.664	1029.680	400	
19874235	288	-256	16912	17.568	-15.616	1031.632	368	
19914116	288	-208	16864	17.568	-12.688	1028.704	352	
19953997	272	-256	16912	16.592	-15.616	1031.632	384	
19993876	288	-256	16864	17.568	-15.616	1028.704	352	
20033756	272	-256	16896	16.592	-15.616	1030.656	320	
20073638	224	-256	16880	13.664	-15.616	1029.680	352	
20113516	256	-288	16880	15.616	-17.568	1029.680	368	
20153396	256	-256	16896	15.616	-15.616	1030.656	320	
20193274	224	-288	16864	13.664	-17.568	1028.704	320	
20233152	256	-288	16848	15.616	-17.568	1027.728	352	
20273031	256	-240	16896	15.616	-14.640	1030.656	352	
20312911	256	-256	16896	15.616	-15.616	1030.656	352	
20352791	256	-304	16880	15.616	-18.544	1029.680	368	
20392672	288	-256	16928	17.568	-15.616	1032.608	336	
20432551	304	-256	16928	18.544	-15.616	1032.608	352	
20472429	272	-256	16912	16.592	-15.616	1031.632	320	
20512310	208	-256	16896	12.688	-15.616	1030.656	336	
20552191	288	-272	16928	17.568	-16.592	1032.608	352	
20592070	288	-256	16880	17.568	-15.616	1029.680	336	
20631949	240	-288	16912	14.640	-17.568	1031.632	368	
20671826	288	-256	16960	17.568	-15.616	1034.560	352	
20711707	272	-288	17072	16.592	-17.568	1041.392	352	
20751588	304	-240	16944	18.544	-14.640	1033.584	336	
20791463	256	-240	16896	15.616	-14.640	1030.656	352	
20831345	288	-272	16880	17.568	-16.592	1029.680	320	
20871226	240	-256	16832	14.640	-15.616	1026.752	368	
20911108	272	-256	16896	16.592	-15.616	1030.656	336	
20950987	256	-256	16896	15.616	-15.616	1030.656	352	
20990864	256	-304	16912	15.616	-18.544	1031.632	384	
21030742	288	-256	16880	17.568	-15.616	1029.680	336	
21070622	272	-224	16864	16.592	-13.664	1028.704	368	
21110501	208	-256	16864	12.688	-15.616	1028.704	368	
21150378	240	-272	16928	14.640	-16.592	1032.608	368	
21190255	272	-304	16896	16.592	-18.544	1030.656	352	
21230135	272	-256	16864	16.592	-15.616	1028.704	336	
21270013	240	-256	16864	14.640	-15.616	1028.704	368	
21309894	224	-256	16880	13.664	-15.616	1029.680	368	
21349773	256	-288	16896	15.616	-17.568	1030.656	352	
21389653	272	-256	16880	16.592	-15.616	1029.680	352	
21429533	272	-240	16864	16.592	-14.640	1028.704	368	
21469414	240	-288	16864	14.640	-17.568	1028.704	368	
21509295	304	-304	16896	18.544	-18.544	1030.656	368	
21549175	224	-272	16944	13.664	-16.592	1033.584	336	
21589055	272	-256	16864	16.592	-15.616	1028.704	336	
21628935	256	-256	16928	15.616	-15.616	1032.608	320	
21668816	240	-288	16880	14.640	-17.568	1029.680	336	
21708698	304	-320	16928	18.544	-19.520	1032.608	352	
21748578	240	-256	16880	14.640	-15.616	1029.680	384	
21788457	256	-240	16896	15.616	-14.640	1030.656	352	
21828340	272	-256	16912	16.592	-15.616	1031.632	336	
21868223	272	-256	16864	16.592	-15.616	1028.704	336	
21908103	304	-256	16864	18.544	-15.616	1028.704	320	
21947985	224	-256	16896	13.664	-15.616	1030.656	336	
21987868	240	-320	16912	14.640	-19.520	1031.632	336	
22027751	272	-288	16880	16.592	-17.568	1029.680	384	
22067633	272	-224	16848	16.592	-13.664	1027.728	384	
22107515	192	-256	16848	11.712	-15.616	1027.728	368	
22147395	272	-304	16960	16.592	-18.544	1034.560	320	
22187273	256	-288	16848	15.616	-17.568	1027.728	320	
22227151	240	-208	16880	14.640	-12.688	1029.680	368	
22267032	272	-224	16976	16.592	-13.664	1035.536	336	
22306915	288	-256	16864	17.568	-15.616	1028.704	320	
22346795	240	-256	16912	14.640	-15.616	1031.632	352	
22386676	272	-256	16912	16.592	-15.616	1031.632	336	
22426557	240	-224	16864	14.640	-13.664	1028.704	320	
22466438	256	-240	16880	15.616	-14.640	1029.680	368	
22506317	224	-240	16912	13.664	-14.640	1031.632	320	
22546195	256	-320	16864	15.616	-19.520	1028.704	336	
22586074	240	-256	16800	14.640	-15.616	1024.800	336	
22625956	272	-224	16928	16.592	-13.664	1032.608	352	
22665835	240	-256	16848	14.640	-15.616	1027.728	352	
22705715	288	-288	16896	17.568	-17.568	1030.656	336	
22745597	224	-224	16864	13.664	-13.664	1028.704	320	
22785479	272	-240	16864	16.592	-14.640	1028.704	320	
22825359	240	-256	16912	14.640	-15.616	1031.632	352	
22865241	240	-256	16880	14.640	-15.616	1029.680	336	
22905122	256	-256	16896	15.616	-15.616	1030.656	320	
22945001	208	-240	16880	12.688	-14.640	1029.680	336	
22984880	256	-256	16896	15.616	-15.616	1030.656	336	
23024760	272	-256	16880	16.592	-15.616	1029.680	336	
23064642	288	-256	17152	17.568	-15.616	1046.272	352	
23104525	336	-192	16672	20.496	-11.712	1016.992	352	
23144408	208	-240	16816	12.688	-14.640	1025.776	336	
23184291	176	-256	16816	10.736	-15.616	1025.776	304	
23224171	272	-256	16928	16.592	-15.616	1032.608	368	
23264054	320	-256	16896	19.520	-15.616	1030.656	368	
23303936	240	-256	16816	14.640	-15.616	1025.776	384	
23343815	256	-240	16752	15.616	-14.640	1021.872	336	
23383694	288	-256	16896	17.568	-15.616	1030.656	336	
23423574	240	-240	16864	14.640	-14.640	1028.704	336	
23463454	224	-240	16768	13.664	-14.640	1022.848	336	
23503338	288	-256	16896	17.568	-15.616	1030.656	336	
23543218	240	-256	16864	14.640	-15.616	1028.704	368	
23583099	304	-240	16896	18.544	-14.640	1030.656	400	
23622978	224	-272	16848	13.664	-16.592	1027.728	320	
23662859	288	-240	16896	17.568	-14.640	1030.656	304	
23702742	256	-256	16880	15.616	-15.616	1029.680	320	
23742625	256	-240	16896	15.616	-14.640	1030.656	336	
23782506	240	-256	16896	14.640	-15.616	1030.656	368	
23822386	272	-256	16928	16.592	-15.616	1032.608	368	
23862265	240	-256	16880	14.640	-15.616	1029.680	336	
23902144	272	-240	16896	16.592	-14.640	1030.656	368	
23942026	272	-240	16864	16.592	-14.640	1028.704	352	
23981907	272	-272	16896	16.592	-16.592	1030.656	352	
24021788	272	-240	16864	16.592	-14.640	1028.704	352	
24061669	224	-256	16864	13.664	-15.616	1028.704	320	
24101552	224	-256	16896	13.664	-15.616	1030.656	384	
24141434	256	-320	16928	15.616	-19.520	1032.608	352	
24181315	224	-256	16896	13.664	-15.616	1030.656	304	
24221197	288	-288	16864	17.568	-17.568	1028.704	352	
24261080	256	-256	16912	15.616	-15.616	1031.632	320	
24300959	240	-256	16880	14.640	-15.616	1029.680	352	
24340839	288	-256	16880	17.568	-15.616	1029.680	336	
24380718	224	-256	16864	13.664	-15.616	1028.704	352	
24420599	256	-208	16896	15.616	-12.688	1030.656	352	
24460482	240	-256	16912	14.640	-15.616	1031.632	352	
24500364	288	-304	16896	17.568	-18.544	1030.656	368	
24540245	304	-256	16864	18.544	-15.616	1028.704	368	
24580129	256	-208	16896	15.616	-12.688	1030.656	336	
24620012	240	-256	16864	14.640	-15.616	1028.704	320	
24659893	224	-256	16864	13.664	-15.616	1028.704	320	
24699774	288	-256	16880	17.568	-15.616	1029.680	384	
24739656	256	-256	16896	15.616	-15.616	1030.656	352	
24779537	240	-256	16880	14.640	-15.616	1029.680	384	
24819420	240	-240	16896	14.640	-14.640	1030.656	368	
24859301	336	-256	16880	20.496	-15.616	1029.680	336	
24899181	272	-336	16928	16.592	-20.496	1032.608	336	
24939064	304	-304	16864	18.544	-18.544	1028.704	336	
24978946	272	-256	16864	16.592	-15.616	1028.704	352	
25018827	224	-240	16864	13.664	-14.640	1028.704	368	
25058710	304	-288	16880	18.544	-17.568	1029.680	368	
25098592	320	-320	16896	19.520	-19.520	1030.656	368	
25138473	224	-224	16944	13.664	-13.664	1033.584	384	
25178354	240	-256	16864	14.640	-15.616	1028.704	352	
25218235	208	-272	16784	12.688	-16.592	1023.824	352	
25258115	272	-352	16928	16.592	-21.472	1032.608	368	
25297995	272	-272	16864	16.592	-16.592	1028.704	384	
25337876	272	-192	16896	16.592	-11.712	1030.656	352	
25377757	224	-160	16880	13.664	-9.760	1029.680	336	
25417640	272	-320	16864	16.592	-19.520	1028.704	368	
25457522	272	-336	16896	16.592	-20.496	1030.656	352	
25497403	256	-256	16880	15.616	-15.616	1029.680	352	
25537286	224	-176	16928	13.664	-10.736	1032.608	352	
25577169	224	-272	16880	13.664	-16.592	1029.680	384	
25617051	288	-256	16896	17.568	-15.616	1030.656	368	
25656934	256	-304	16896	15.616	-18.544	1030.656	336	
25696816	256	-240	16832	15.616	-14.640	1026.752	384	
25736697	272	-240	16928	16.592	-14.640	1032.608	384	
25776578	240	-288	16864	14.640	-17.568	1028.704	368	
25816457	256	-288	16880	15.616	-17.568	1029.680	368	
25856338	288	-256	16832	17.568	-15.616	1026.752	352	
25896218	256	-224	16864	15.616	-13.664	1028.704	320	
25936100	272	-256	16896	16.592	-15.616	1030.656	368	
25975982	304	-288	16944	18.544	-17.568	1033.584	336	
26015862	272	-304	16928	16.592	-18.544	1032.608	320	
26055745	256	-256	16912	15.616	-15.616	1031.632	352	
26095628	224	-256	16864	13.664	-15.616	1028.704	416	
26135512	240	-256	16864	14.640	-15.616	1028.704	368	
26175392	272	-320	16928	16.592	-19.520	1032.608	336	
26215273	240	-256	16880	14.640	-15.616	1029.680	368	
26255154	256	-240	16928	15.616	-14.640	1032.608	368	
26295032	256	-256	16896	15.616	-15.616	1030.656	368	
26334911	272	-256	16864	16.592	-15.616	1028.704	336	
26374788	256	-240	16880	15.616	-14.640	1029.680	352	
26414665	240	-240	16896	14.640	-14.640	1030.656	368	
26454544	240	-240	16912	14.640	-14.640	1031.632	336	
26494424	256	-240	16880	15.616	-14.640	1029.680	352	
26534304	240	-256	16880	14.640	-15.616	1029.680	352	
26574185	288	-320	16864	17.568	-19.520	1028.704	384	
26614064	288	-256	16864	17.568	-15.616	1028.704	368	
26653946	208	-240	16928	12.688	-14.640	1032.608	336	
26693827	256	-176	16896	15.616	-10.736	1030.656	336	
26733708	256	-304	16848	15.616	-18.544	1027.728	352	
26773588	272	-256	16880	16.592	-15.616	1029.680	336	
26813466	272	-256	16880	16.592	-15.616	1029.680	352	
26853346	272	-304	16864	16.592	-18.544	1028.704	368	
26893226	272	-256	16832	16.592	-15.616	1026.752	336	
26933107	288	-304	16848	17.568	-18.544	1027.728	368	
26972989	240	-256	16800	14.640	-15.616	1024.800	368	
27012870	240	-256	16880	14.640	-15.616	1029.680	400	
27052749	256	-240	16864	15.616	-14.640	1028.704	336	
27092631	272	-256	16896	16.592	-15.616	1030.656	400	
27132510	272	-288	16912	16.592	-17.568	1031.632	336	
27172389	224	-256	16928	13.664	-15.616	1032.608	384	
27212265	240	-256	16880	14.640	-15.616	1029.680	368	
27252143	240	-240	16816	14.640	-14.640	1025.776	400	
27292024	256	-272	16928	15.616	-16.592	1032.608	352	
27331905	288	-256	16960	17.568	-15.616	1034.560	336	
27371786	272	-256	16832	16.592	-15.616	1026.752	416	
27411666	256	-272	16880	15.616	-16.592	1029.680	352	
27451543	256	-240	16880	15.616	-14.640	1029.680	352	
27491421	272	-288	16848	16.592	-17.568	1027.728	384	
27531300	272	-256	16864	16.592	-15.616	1028.704	368	
27571176	256	-256	16832	15.616	-15.616	1026.752	368	
27611053	272	-256	16880	16.592	-15.616	1029.680	384	
27650930	240	-256	16816	14.640	-15.616	1025.776	368	
27690809	256	-256	16864	15.616	-15.616	1028.704	352	
27730688	224	-256	16880	13.664	-15.616	1029.680	352	
27770567	256	-288	16864	15.616	-17.568	1028.704	320	
27810444	208	-256	16880	12.688	-15.616	1029.680	400	
27850322	256	-288	16880	15.616	-17.568	1029.680	320	
27890202	272	-256	16880	16.592	-15.616	1029.680	400	
27930078	288	-256	16864	17.568	-15.616	1028.704	352	
27969955	256	-288	16944	15.616	-17.568	1033.584	320	
28009830	320	-256	16896	19.520	-15.616	1030.656	336	
28049707	256	-256	16896	15.616	-15.616	1030.656	400	
28089580	208	-256	16864	12.688	-15.616	1028.704	400	
28129460	320	-256	16864	19.520	-15.616	1028.704	352	
28169338	288	-256	16864	17.568	-15.616	1028.704	352	
28209217	256	-256	16864	15.616	-15.616	1028.704	336	
28249095	256	-256	16864	15.616	-15.616	1028.704	368	
28288970	256	-240	16880	15.616	-14.640	1029.680	368	
28328845	272	-256	16880	16.592	-15.616	1029.680	320	
28368720	256	-240	16864	15.616	-14.640	1028.704	368	
28408596	272	-256	16880	16.592	-15.616	1029.680	368	
28448473	240	-256	16880	14.640	-15.616	1029.680	336	
28488352	272	-256	16864	16.592	-15.616	1028.704	384	
28528228	240	-256	16848	14.640	-15.616	1027.728	320	
28568106	240	-224	16880	14.640	-13.664	1029.680	368	
28607982	288	-288	16880	17.568	-17.568	1029.680	368	
28647860	288	-272	16896	17.568	-16.592	1030.656	384	
28687737	224	-256	16944	13.664	-15.616	1033.584	336	
28727615	240	-256	16848	14.640	-15.616	1027.728	368	
28767492	272	-256	16880	16.592	-15.616	1029.680	384	
28807370	256	-256	16864	15.616	-15.616	1028.704	400	
28847249	240	-256	16880	14.640	-15.616	1029.680	368	
28887125	288	-256	16896	17.568	-15.616	1030.656	320	
28927002	272	-288	16896	16.592	-17.568	1030.656	384	
28966879	272	-256	16832	16.592	-15.616	1026.752	368	
29006757	304	-224	16896	18.544	-13.664	1030.656	368	
29046634	240	-240	16880	14.640	-14.640	1029.680	368	
29086515	240	-288	16880	14.640	-17.568	1029.680	400	
29126394	256	-256	16880	15.616	-15.616	1029.680	352	
29166273	240	-304	16880	14.640	-18.544	1029.680	368	
29206153	240	-240	16864	14.640	-14.640	1028.704	368	
29246031	272	-256	16880	16.592	-15.616	1029.680	352	
29285909	240	-256	16880	14.640	-15.616	1029.680	352	
29325786	272	-272	16896	16.592	-16.592	1030.656	352	
29365662	256	-240	16880	15.616	-14.640	1029.680	368	
29405540	256	-256	16864	15.616	-15.616	1028.704	368	
29445420	240	-256	16848	14.640	-15.616	1027.728	368	
29485297	272	-320	16928	16.592	-19.520	1032.608	352	
29525174	288	-256	16864	17.568	-15.616	1028.704	400	
29565050	272	-256	16896	16.592	-15.616	1030.656	352	
29604927	272	-256	16896	16.592	-15.616	1030.656	352	
29644802	272	-240	16848	16.592	-14.640	1027.728	368	
29684682	272	-320	16928	16.592	-19.520	1032.608	384	
29724563	240	-256	16880	14.640	-15.616	1029.680	368	
29764444	240	-256	16896	14.640	-15.616	1030.656	384	
29804321	256	-256	16864	15.616	-15.616	1028.704	352	
29844203	224	-256	16896	13.664	-15.616	1030.656	384	
29884083	256	-224	16912	15.616	-13.664	1031.632	368	
29923964	240	-288	16896	14.640	-17.568	1030.656	368	
29963845	224	-256	16928	13.664	-15.616	1032.608	352	
30003726	256	-256	16880	15.616	-15.616	1029.680	368	
30043603	224	-256	16928	13.664	-15.616	1032.608	368	
30083480	224	-256	16848	13.664	-15.616	1027.728	352	
30123355	256	-240	16896	15.616	-14.640	1030.656	352	
30163231	240	-256	16880	14.640	-15.616	1029.680	368	
30203110	272	-288	16864	16.592	-17.568	1028.704	352	
30242990	256	-224	16896	15.616	-13.664	1030.656	352	
30282867	208	-240	16880	12.688	-14.640	1029.680	368	
30322743	272	-240	16864	16.592	-14.640	1028.704	352	
30362619	256	-256	16816	15.616	-15.616	1025.776	352	
30402496	208	-288	16864	12.688	-17.568	1028.704	384	
30442375	240	-256	16864	14.640	-15.616	1028.704	384	
30482253	288	-256	16880	17.568	-15.616	1029.680	368	
30522132	240	-256	16848	14.640	-15.616	1027.728	352	
30562014	288	-240	16880	17.568	-14.640	1029.680	384	
30601891	208	-288	16880	12.688	-17.568	1029.680	384	
30641769	224	-240	16896	13.664	-14.640	1030.656	352	
30681647	256	-288	16896	15.616	-17.568	1030.656	368	
30721525	288	-256	16896	17.568	-15.616	1030.656	368	
30761402	288	-256	16832	17.568	-15.616	1026.752	400	
30801280	272	-240	16864	16.592	-14.640	1028.704	336	
30841159	272	-304	16832	16.592	-18.544	1026.752	352	
30881037	240	-288	16880	14.640	-17.568	1029.680	368	
30920913	272	-240	16864	16.592	-14.640	1028.704	368	
30960790	208	-272	16880	12.688	-16.592	1029.680	416	
31000665	256	-256	16896	15.616	-15.616	1030.656	352	
31040544	256	-256	16880	15.616	-15.616	1029.680	384	
31080418	240	-224	16864	14.640	-13.664	1028.704	416	
31120296	240	-240	16912	14.640	-14.640	1031.632	368	
31160172	272	-240	16864	16.592	-14.640	1028.704	368	
31200051	272	-288	16896	16.592	-17.568	1030.656	384	
31239930	256	-240	16896	15.616	-14.640	1030.656	352	
31279811	272	-272	16864	16.592	-16.592	1028.704	384	
31319691	240	-224	16864	14.640	-13.664	1028.704	352	
31359572	256	-256	16912	15.616	-15.616	1031.632	336	
31399453	288	-288	16896	17.568	-17.568	1030.656	384	
31439337	272	-304	16848	16.592	-18.544	1027.728	352	
31479217	208	-224	16880	12.688	-13.664	1029.680	368	
31519097	224	-224	16896	13.664	-13.664	1030.656	352	
31558978	256	-256	16912	15.616	-15.616	1031.632	400	
31598860	256	-288	16880	15.616	-17.568	1029.680	368	
31638743	240	-240	16864	14.640	-14.640	1028.704	368	
31678625	256	-240	16880	15.616	-14.640	1029.680	368	
31718505	288	-288	16896	17.568	-17.568	1030.656	368	
31758385	256	-304	16880	15.616	-18.544	1029.680	352	
31798266	288	-272	16896	17.568	-16.592	1030.656	352	
31838147	224	-224	16880	13.664	-13.664	1029.680	368	
31878030	256	-256	16896	15.616	-15.616	1030.656	368	
31917911	224	-288	16928	13.664	-17.568	1032.608	336	
31957789	240	-256	16880	14.640	-15.616	1029.680	368	
31997671	208	-288	16928	12.688	-17.568	1032.608	368	
32037553	224	-224	16896	13.664	-13.664	1030.656	384	
32077433	256	-272	16864	15.616	-16.592	1028.704	384	
32117312	256	-256	16864	15.616	-15.616	1028.704	368	
32157194	272	-256	16880	16.592	-15.616	1029.680	368	
32197074	208	-256	16912	12.688	-15.616	1031.632	368	
32236954	272	-288	16880	16.592	-17.568	1029.680	336	
32276835	208	-256	16880	12.688	-15.616	1029.680	368	
32316715	240	-256	16880	14.640	-15.616	1029.680	384	
32356595	208	-256	16864	12.688	-15.616	1028.704	352	
32396474	272	-192	16912	16.592	-11.712	1031.632	384	
32436356	208	-288	16880	12.688	-17.568	1029.680	368	
32476237	288	-320	16880	17.568	-19.520	1029.680	352	
32516120	304	-336	16896	18.544	-20.496	1030.656	352	
32556002	208	-224	16928	12.688	-13.664	1032.608	384	
32595880	240	-256	16864	14.640	-15.616	1028.704	384	
32635762	256	-256	16928	15.616	-15.616	1032.608	368	
32675643	304	-272	16864	18.544	-16.592	1028.704	400	
32715524	288	-240	16896	17.568	-14.640	1030.656	336	
32755406	272	-240	16880	16.592	-14.640	1029.680	352	
32795289	240	-256	16912	14.640	-15.616	1031.632	352	
32835173	272	-256	16896	16.592	-15.616	1030.656	352	
32875056	256	-256	16928	15.616	-15.616	1032.608	400	
32914938	240	-256	16928	14.640	-15.616	1032.608	400	
32954816	288	-256	16880	17.568	-15.616	1029.680	368	
32994697	272	-272	16896	16.592	-16.592	1030.656	336	
33034576	272	-256	16896	16.592	-15.616	1030.656	352	
33074456	208	-272	16864	12.688	-16.592	1028.704	368	
33114339	272	-224	16928	16.592	-13.664	1032.608	352	
33154218	272	-256	16880	16.592	-15.616	1029.680	368	
33194099	256	-304	16832	15.616	-18.544	1026.752	352	
33233981	256	-256	16864	15.616	-15.616	1028.704	368	
33273861	240	-240	16864	14.640	-14.640	1028.704	384	
33313742	256	-288	16880	15.616	-17.568	1029.680	384	
33353624	288	-224	16864	17.568	-13.664	1028.704	352	
33393503	192	-192	16864	11.712	-11.712	1028.704	368	
33433386	256	-192	16864	15.616	-11.712	1028.704	384	
33473268	256	-304	16896	15.616	-18.544	1030.656	368	
33513147	320	-256	16912	19.520	-15.616	1031.632	416	
33553027	192	-208	16864	11.712	-12.688	1028.704	352	
33592908	208	-192	16864	12.688	-11.712	1028.704	336	
33632791	272	-336	16944	16.592	-20.496	1033.584	352	
33672674	272	-304	16880	16.592	-18.544	1029.680	352	
33712553	256	-256	16864	15.616	-15.616	1028.704	368	
33752434	208	-208	16928	12.688	-12.688	1032.608	384	
33792317	272	-240	16864	16.592	-14.640	1028.704	352	
33832195	272	-320	16896	16.592	-19.520	1030.656	352	
33872077	272	-272	16912	16.592	-16.592	1031.632	352	
33911959	256	-224	16896	15.616	-13.664	1030.656	368	
33951838	192	-224	16864	11.712	-13.664	1028.704	368	
33991722	272	-272	16896	16.592	-16.592	1030.656	368	
34031601	304	-336	16912	18.544	-20.496	1031.632	336	
34071485	240	-240	16864	14.640	-14.640	1028.704	368	
34111366	224	-224	16864	13.664	-13.664	1028.704	336	
34151249	240	-224	16880	14.640	-13.664	1029.680	336	
34191133	288	-288	16880	17.568	-17.568	1029.680	384	
34231015	272	-256	16864	16.592	-15.616	1028.704	400	
34270895	256	-240	16896	15.616	-14.640	1030.656	352	
34310779	240	-208	16880	14.640	-12.688	1029.680	384	
34350663	272	-224	16880	16.592	-13.664	1029.680	384	
34390548	272	-272	16896	16.592	-16.592	1030.656	400	
34430433	288	-256	16880	17.568	-15.616	1029.680	352	
34470314	272	-224	16864	16.592	-13.664	1028.704	384	
34510196	240	-240	16864	14.640	-14.640	1028.704	400	
34550079	256	-256	16864	15.616	-15.616	1028.704	368	
34589960	304	-304	16880	18.544	-18.544	1029.680	336	
34629840	240	-256	16880	14.640	-15.616	1029.680	352	
34669720	208	-256	16864	12.688	-15.616	1028.704	400	
34709602	224	-256	16864	13.664	-15.616	1028.704	336	
34749484	256	-320	16912	15.616	-19.520	1031.632	352	
34789365	240	-320	16864	14.640	-19.520	1028.704	368	
34829245	256	-224	16848	15.616	-13.664	1027.728	368	
34869125	256	-240	16896	15.616	-14.640	1030.656	352	
34909006	288	-256	16880	17.568	-15.616	1029.680	368	
34948886	272	-288	16928	16.592	-17.568	1032.608	384	
34988762	256	-304	16928	15.616	-18.544	1032.608	400	
35028642	288	-256	16912	17.568	-15.616	1031.632	384	
35068522	256	-320	17056	15.616	-19.520	1040.416	368	
35108406	256	-256	16944	15.616	-15.616	1033.584	352	
35148285	256	-256	16800	15.616	-15.616	1024.800	384	
35188169	224	-288	16912	13.664	-17.568	1031.632	384	
35228050	256	-256	16928	15.616	-15.616	1032.608	384	
35267931	288	-256	16896	17.568	-15.616	1030.656	384	
35307812	256	-256	16896	15.616	-15.616	1030.656	400	
35347691	240	-240	16848	14.640	-14.640	1027.728	368	
35387573	288	-256	16896	17.568	-15.616	1030.656	368	
35427452	288	-240	16880	17.568	-14.640	1029.680	368	
35467331	272	-288	16880	16.592	-17.568	1029.680	352	
35507216	256	-256	17056	15.616	-15.616	1040.416	384	
35547096	272	-240	16880	16.592	-14.640	1029.680	384	
35586976	272	-256	16880	16.592	-15.616	1029.680	368	
35626857	224	-256	16880	13.664	-15.616	1029.680	384	
35666736	272	-256	16880	16.592	-15.616	1029.680	368	
35706618	272	-256	16864	16.592	-15.616	1028.704	352	
35746498	240	-240	16864	14.640	-14.640	1028.704	400	
35786379	240	-256	16864	14.640	-15.616	1028.704	368	
35826259	288	-256	16864	17.568	-15.616	1028.704	352	
35866141	272	-256	16864	16.592	-15.616	1028.704	384	
35906021	240	-256	16880	14.640	-15.616	1029.680	368	
35945902	272	-240	16912	16.592	-14.640	1031.632	368	
35985781	256	-224	16896	15.616	-13.664	1030.656	368	
36025660	240	-304	16864	14.640	-18.544	1028.704	352	
36065540	288	-336	16912	17.568	-20.496	1031.632	400	
36105422	240	-208	16864	14.640	-12.688	1028.704	320	
36145302	208	-192	16912	12.688	-11.712	1031.632	352	
36185181	272	-336	16928	16.592	-20.496	1032.608	352	
36225062	304	-352	16864	18.544	-21.472	1028.704	352	
36264943	224	-192	16896	13.664	-11.712	1030.656	368	
36304825	160	-144	16880	9.760	-8.784	1029.680	368	
36344703	304	-272	16864	18.544	-16.592	1028.704	368	
36384584	320	-384	16912	19.520	-23.424	1031.632	336	
36424465	240	-272	16896	14.640	-16.592	1030.656	368	
36464348	208	-176	16864	12.688	-10.736	1028.704	368	
36504231	272	-240	16880	16.592	-14.640	1029.680	336	
36544110	304	-368	16912	18.544	-22.448	1031.632	384	
36583989	304	-304	16880	18.544	-18.544	1029.680	336	
36623871	256	-240	16864	15.616	-14.640	1028.704	352	
36663752	240	-224	16864	14.640	-13.664	1028.704	368	
36703631	256	-272	16880	15.616	-16.592	1029.680	368	
36743510	304	-352	16896	18.544	-21.472	1030.656	352	
36783388	288	-256	16880	17.568	-15.616	1029.680	352	
36823268	208	-192	16896	12.688	-11.712	1030.656	368	
36863150	288	-256	16864	17.568	-15.616	1028.704	352	
36903030	304	-336	16896	18.544	-20.496	1030.656	368	
36942908	288	-304	16864	17.568	-18.544	1028.704	368	
36982789	224	-208	16896	13.664	-12.688	1030.656	384	
37022669	208	-208	16848	12.688	-12.688	1027.728	368	
37062548	304	-304	16928	18.544	-18.544	1032.608	352	
37102428	288	-320	16912	17.568	-19.520	1031.632	336	
37142308	256	-240	16896	15.616	-14.640	1030.656	384	
37182188	224	-256	16928	13.664	-15.616	1032.608	336	
37222066	240	-288	16880	14.640	-17.568	1029.680	384	
37261946	304	-256	16912	18.544	-15.616	1031.632	384	
37301826	320	-288	16848	19.520	-17.568	1027.728	368	
37341706	256	-192	16864	15.616	-11.712	1028.704	368	
37381586	208	-240	16848	12.688	-14.640	1027.728	352	
37421466	256	-320	16912	15.616	-19.520	1031.632	368	
37461345	224	-352	16896	13.664	-21.472	1030.656	384	
37501227	240	-240	16896	14.640	-14.640	1030.656	368	
37541109	240	-224	16896	14.640	-13.664	1030.656	384	
37580991	288	-256	16912	17.568	-15.616	1031.632	368	
37620872	272	-320	16864	16.592	-19.520	1028.704	384	
37660757	240	-256	16896	14.640	-15.616	1030.656	384	
37700641	208	-240	16928	12.688	-14.640	1032.608	352	
37740521	208	-256	16896	12.688	-15.616	1030.656	352	
37780402	224	-256	16864	13.664	-15.616	1028.704	368	
37820283	240	-288	16864	14.640	-17.568	1028.704	400	
37860162	256	-288	16880	15.616	-17.568	1029.680	368	
37900041	240	-304	16896	14.640	-18.544	1030.656	336	
37939923	240	-240	16896	14.640	-14.640	1030.656	416	
37979802	240	-256	16864	14.640	-15.616	1028.704	384	
38019684	256	-256	16928	15.616	-15.616	1032.608	352	
38059562	272	-256	16896	16.592	-15.616	1030.656	400	
38099442	256	-256	16896	15.616	-15.616	1030.656	384	
38139322	272	-224	16880	16.592	-13.664	1029.680	352	
38179201	320	-240	16864	19.520	-14.640	1028.704	368	
38219082	240	-240	16896	14.640	-14.640	1030.656	384	
38258965	256	-256	16864	15.616	-15.616	1028.704	368	
38298844	256	-304	16880	15.616	-18.544	1029.680	368	
38338727	272	-256	16864	16.592	-15.616	1028.704	384	
38378609	304	-192	16864	18.544	-11.712	1028.704	336	
38418491	192	-256	16928	11.712	-15.616	1032.608	384	
38458373	272	-320	16912	16.592	-19.520	1031.632	352	
38498255	288	-304	16928	17.568	-18.544	1032.608	352	
38538138	240	-240	16864	14.640	-14.640	1028.704	336	
38578019	208	-208	16880	12.688	-12.688	1029.680	336	
38617900	288	-256	16896	17.568	-15.616	1030.656	384	
38657782	304	-320	16896	18.544	-19.520	1030.656	400	
38697664	272	-256	16960	16.592	-15.616	1034.560	352	
38737549	224	-208	16864	13.664	-12.688	1028.704	368	
38777435	240	-272	16960	14.640	-16.592	1034.560	400	
38817316	304	-320	16880	18.544	-19.520	1029.680	368	
38857197	320	-256	16864	19.520	-15.616	1028.704	368	
38897077	256	-256	16896	15.616	-15.616	1030.656	368	
38936959	256	-256	16880	15.616	-15.616	1029.680	352	
38976840	320	-256	16848	19.520	-15.616	1027.728	368	
39016720	256	-256	16896	15.616	-15.616	1030.656	352	
39056603	256	-256	16864	15.616	-15.616	1028.704	368	
39096483	256	-208	16832	15.616	-12.688	1026.752	384	
39136366	272	-240	16912	16.592	-14.640	1031.632	320	
39176247	256	-256	16832	15.616	-15.616	1026.752	336	
39216131	272	-256	16864	16.592	-15.616	1028.704	320	
39256014	240	-256	16896	14.640	-15.616	1030.656	400	
39295896	256	-256	16880	15.616	-15.616	1029.680	336	
39335781	272	-320	16928	16.592	-19.520	1032.608	384	
39375667	272	-272	16928	16.592	-16.592	1032.608	384	
39415550	256	-256	16848	15.616	-15.616	1027.728	368	
39455434	272	-240	16864	16.592	-14.640	1028.704	384	
39495317	240	-224	16864	14.640	-13.664	1028.704	352	
39535201	256	-256	16880	15.616	-15.616	1029.680	368	
39575083	272	-320	16880	16.592	-19.520	1029.680	352	
39614966	272	-288	16896	16.592	-17.568	1030.656	352	
39654849	272	-256	16832	16.592	-15.616	1026.752	368	
39694734	240	-240	16864	14.640	-14.640	1028.704	368	
39734615	256	-288	16928	15.616	-17.568	1032.608	368	
39774496	272	-320	16896	16.592	-19.520	1030.656	368	
39814378	288	-256	16880	17.568	-15.616	1029.680	368	
39854262	256	-256	16864	15.616	-15.616	1028.704	368	
39894144	256	-256	16928	15.616	-15.616	1032.608	368	
39934025	256	-288	16896	15.616	-17.568	1030.656	384	
39973906	272	-256	16896	16.592	-15.616	1030.656	336	
40013787	240	-256	16928	14.640	-15.616	1032.608	368	
40053667	240	-256	16896	14.640	-15.616	1030.656	400	
40093546	256	-272	16864	15.616	-16.592	1028.704	336	
40133426	288	-288	16944	17.568	-17.568	1033.584	384	
40173305	272	-256	16912	16.592	-15.616	1031.632	352	
40213187	272	-208	16880	16.592	-12.688	1029.680	352	
40253069	240	-240	16880	14.640	-14.640	1029.680	352	
40292953	256	-256	16864	15.616	-15.616	1028.704	352	
40332832	272	-256	16896	16.592	-15.616	1030.656	400	
40372711	240	-224	16896	14.640	-13.664	1030.656	368	
40412590	288	-240	16848	17.568	-14.640	1027.728	352	
40452470	272	-256	16912	16.592	-15.616	1031.632	384	
40492348	256	-256	16880	15.616	-15.616	1029.680	384	
40532228	240	-256	16912	14.640	-15.616	1031.632	352	
40572108	224	-208	16928	13.664	-12.688	1032.608	352	
40611992	304	-256	16864	18.544	-15.616	1028.704	384	
40651873	288	-272	16864	17.568	-16.592	1028.704	336	
40691757	272	-304	16912	16.592	-18.544	1031.632	352	
40731635	240	-240	16880	14.640	-14.640	1029.680	352	
40771512	240	-256	16864	14.640	-15.616	1028.704	384	
40811393	208	-256	16864	12.688	-15.616	1028.704	368	
40851275	224	-208	16880	13.664	-12.688	1029.680	336	
40891153	224	-224	16880	13.664	-13.664	1029.680	368	
40931033	288	-336	16960	17.568	-20.496	1034.560	368	
40970914	272	-256	16848	16.592	-15.616	1027.728	336	
41010798	240	-176	16880	14.640	-10.736	1029.680	352	
41050679	288	-256	16864	17.568	-15.616	1028.704	368	
41090559	288	-304	16880	17.568	-18.544	1029.680	368	
41130439	272	-288	16896	16.592	-17.568	1030.656	400	
41170319	272	-208	16880	16.592	-12.688	1029.680	352	
41210199	256	-240	16864	15.616	-14.640	1028.704	384	
41250079	256	-288	16880	15.616	-17.568	1029.680	352	
41289959	272	-288	16880	16.592	-17.568	1029.680	336	
41329838	288	-256	16848	17.568	-15.616	1027.728	384	
41369716	256	-208	16928	15.616	-12.688	1032.608	352	
41409593	256	-240	16848	15.616	-14.640	1027.728	352	
41449473	304	-288	16896	18.544	-17.568	1030.656	352	
41489354	304	-224	16864	18.544	-13.664	1028.704	368	
41529233	240	-256	16864	14.640	-15.616	1028.704	384	
41569115	224	-224	16896	13.664	-13.664	1030.656	352	
41608994	256	-256	16880	15.616	-15.616	1029.680	352	
41648876	256	-224	16896	15.616	-13.664	1030.656	384	
41688754	304	-304	16912	18.544	-18.544	1031.632	336	
41728635	224	-304	16896	13.664	-18.544	1030.656	352	
41768517	240	-256	16816	14.640	-15.616	1025.776	384	
41808399	192	-208	16800	11.712	-12.688	1024.800	352	
41848279	256	-192	16864	15.616	-11.712	1028.704	368	
41888159	368	-256	16944	22.448	-15.616	1033.584	400	
41928039	304	-288	16896	18.544	-17.568	1030.656	384	
41967920	256	-256	16848	15.616	-15.616	1027.728	384	
42007799	208	-256	16864	12.688	-15.616	1028.704	352	
42047679	240	-304	16880	14.640	-18.544	1029.680	352	
42087559	256	-256	16880	15.616	-15.616	1029.680	336	
42127438	240	-304	16864	14.640	-18.544	1028.704	368	
42167318	224	-208	16896	13.664	-12.688	1030.656	368	
42207199	272	-240	16912	16.592	-14.640	1031.632	352	
42247078	272	-288	16928	16.592	-17.568	1032.608	336	
42286959	288	-288	16864	17.568	-17.568	1028.704	336	
42326840	272	-240	16880	16.592	-14.640	1029.680	352	
42366720	256	-256	16896	15.616	-15.616	1030.656	352	
42406599	256	-256	16928	15.616	-15.616	1032.608	336	
42446479	272	-256	16896	16.592	-15.616	1030.656	368	
42486360	256	-256	16896	15.616	-15.616	1030.656	352	
42526240	272	-256	16864	16.592	-15.616	1028.704	384	
42566122	240	-240	16864	14.640	-14.640	1028.704	368	
42606003	256	-256	16912	15.616	-15.616	1031.632	384	
42645881	304	-256	16880	18.544	-15.616	1029.680	384	
42685761	272	-240	16880	16.592	-14.640	1029.680	384	
42725646	240	-256	16864	14.640	-15.616	1028.704	352	
42765530	256	-272	16880	15.616	-16.592	1029.680	352	
42805413	288	-224	16928	17.568	-13.664	1032.608	352	
42845292	304	-256	16896	18.544	-15.616	1030.656	368	
42885170	192	-256	16864	11.712	-15.616	1028.704	352	
42925049	288	-240	16912	17.568	-14.640	1031.632	368	
42964928	272	-304	16896	16.592	-18.544	1030.656	384	
43004807	288	-256	16864	17.568	-15.616	1028.704	352	
43044689	272	-240	16912	16.592	-14.640	1031.632	352	
43084569	256	-288	16864	15.616	-17.568	1028.704	400	
43124449	256	-288	16896	15.616	-17.568	1030.656	368	
43164325	240	-224	16880	14.640	-13.664	1029.680	368	
43204205	208	-256	16832	12.688	-15.616	1026.752	352	
43244085	224	-256	16928	13.664	-15.616	1032.608	384	
43283967	256	-256	16880	15.616	-15.616	1029.680	320	
43323846	240	-256	16912	14.640	-15.616	1031.632	368	
43363729	224	-256	16896	13.664	-15.616	1030.656	368	
43403612	256	-256	16928	15.616	-15.616	1032.608	336	
43443489	288	-256	16864	17.568	-15.616	1028.704	384	
43483368	288	-256	16928	17.568	-15.616	1032.608	384	
43523247	240	-256	16864	14.640	-15.616	1028.704	352	
43563127	240	-256	16848	14.640	-15.616	1027.728	368	
43603007	240	-256	16896	14.640	-15.616	1030.656	352	
43642888	224	-272	16880	13.664	-16.592	1029.680	336	
43682772	288	-256	16864	17.568	-15.616	1028.704	336	
43722653	240	-256	16880	14.640	-15.616	1029.680	368	
43762534	240	-192	16880	14.640	-11.712	1029.680	368	
43802415	240	-240	16896	14.640	-14.640	1030.656	352	
43842295	256	-256	16880	15.616	-15.616	1029.680	384	
43882177	208	-256	16896	12.688	-15.616	1030.656	384	
43922058	240	-224	16880	14.640	-13.664	1029.680	368	
43961937	224	-256	16944	13.664	-15.616	1033.584	352	
44001818	272	-256	16864	16.592	-15.616	1028.704	336	
44041700	256	-256	16880	15.616	-15.616	1029.680	384	
44081579	304	-256	16848	18.544	-15.616	1027.728	352	
44121462	288	-256	16896	17.568	-15.616	1030.656	384	
44161340	256	-304	16880	15.616	-18.544	1029.680	368	
44201223	224	-240	16864	13.664	-14.640	1028.704	352	
44241103	208	-224	16864	12.688	-13.664	1028.704	352	
44280986	272	-256	16912	16.592	-15.616	1031.632	352	
44320870	256	-256	16864	15.616	-15.616	1028.704	336	
44360751	224	-272	16864	13.664	-16.592	1028.704	368	
44400632	272	-224	16880	16.592	-13.664	1029.680	320	
44440512	304	-224	16928	18.544	-13.664	1032.608	384	
44480393	240	-240	16864	14.640	-14.640	1028.704	368	
44520274	304	-288	16896	18.544	-17.568	1030.656	336	
44560155	224	-240	16864	13.664	-14.640	1028.704	336	
44600038	240	-240	16880	14.640	-14.640	1029.680	368	
44639920	256	-256	16896	15.616	-15.616	1030.656	336	
44679804	256	-288	16912	15.616	-17.568	1031.632	352	
44719686	288	-320	16960	17.568	-19.520	1034.560	368	
44759568	272	-240	16880	16.592	-14.640	1029.680	384	
44799447	256	-240	16848	15.616	-14.640	1027.728	368	
44839331	256	-256	16896	15.616	-15.616	1030.656	336	
44879212	256	-240	16928	15.616	-14.640	1032.608	336	
44919096	256	-256	16896	15.616	-15.616	1030.656	368	
44958979	272	-256	16928	16.592	-15.616	1032.608	336	
44998863	272	-240	16880	16.592	-14.640	1029.680	336	
45038746	240	-256	16880	14.640	-15.616	1029.680	368	
45078627	256	-240	16896	15.616	-14.640	1030.656	368	
45118509	288	-240	16896	17.568	-14.640	1030.656	336	
45158389	240	-256	16880	14.640	-15.616	1029.680	384	
45198270	272	-256	16864	16.592	-15.616	1028.704	336	
45238150	256	-288	16864	15.616	-17.568	1028.704	384	
45278033	256	-256	16928	15.616	-15.616	1032.608	352	
45317914	256	-256	16864	15.616	-15.616	1028.704	336	
45357793	256	-208	16880	15.616	-12.688	1029.680	336	
45397672	272	-288	16944	16.592	-17.568	1033.584	336	
45437554	272	-304	16880	16.592	-18.544	1029.680	352	
45477434	288	-320	16880	17.568	-19.520	1029.680	384	
45517314	208	-256	16880	12.688	-15.616	1029.680	352	
45557193	224	-256	16960	13.664	-15.616	1034.560	352	
45597076	272	-240	16848	16.592	-14.640	1027.728	352	
45636956	256	-272	16864	15.616	-16.592	1028.704	368	
45676836	272	-256	16928	16.592	-15.616	1032.608	320	
45716719	240	-256	16864	14.640	-15.616	1028.704	368	
45756599	208	-256	16896	12.688	-15.616	1030.656	368	
45796481	272	-256	16864	16.592	-15.616	1028.704	368	
45836363	208	-256	16896	12.688	-15.616	1030.656	352	
45876243	240	-256	16896	14.640	-15.616	1030.656	368	
45916121	240	-256	16896	14.640	-15.616	1030.656	352	
45956002	272	-320	16880	16.592	-19.520	1029.680	352	
45995880	256	-304	16896	15.616	-18.544	1030.656	352	
46035758	240	-256	16864	14.640	-15.616	1028.704	336	
46075638	256	-208	16928	15.616	-12.688	1032.608	352	
46115520	272	-304	16800	16.592	-18.544	1024.800	336	
46155399	224	-256	16880	13.664	-15.616	1029.680	352	
46195278	272	-256	16896	16.592	-15.616	1030.656	336	
46235159	240	-224	16912	14.640	-13.664	1031.632	384	
46275039	240	-304	16928	14.640	-18.544	1032.608	352	
46314923	256	-256	16864	15.616	-15.616	1028.704	320	
46354806	288	-240	16864	17.568	-14.640	1028.704	352	
46394686	288	-256	16864	17.568	-15.616	1028.704	384	
46434568	272	-240	17008	16.592	-14.640	1037.488	368	
46474450	272	-256	16976	16.592	-15.616	1035.536	336	
46514330	224	-240	16832	13.664	-14.640	1026.752	368	
46554212	256	-256	16864	15.616	-15.616	1028.704	384	
46594093	256	-288	16912	15.616	-17.568	1031.632	352	
46633975	272	-288	16912	16.592	-17.568	1031.632	352	
46673852	256	-240	16864	15.616	-14.640	1028.704	352	
46713730	240	-240	16896	14.640	-14.640	1030.656	336	
46753608	256	-240	16816	15.616	-14.640	1025.776	336	
46793491	272	-224	16864	16.592	-13.664	1028.704	352	
46833369	272	-256	16896	16.592	-15.616	1030.656	352	
46873251	240	-256	16928	14.640	-15.616	1032.608	384	
46913133	256	-240	16848	15.616	-14.640	1027.728	352	
46953015	208	-256	16880	12.688	-15.616	1029.680	352	
46992894	240	-240	16912	14.640	-14.640	1031.632	352	
47032776	240	-288	16848	14.640	-17.568	1027.728	352	
47072659	224	-256	16848	13.664	-15.616	1027.728	352	
47112539	272	-256	16928	16.592	-15.616	1032.608	352	
47152421	304	-256	16848	18.544	-15.616	1027.728	368	
47192304	256	-256	16928	15.616	-15.616	1032.608	336	
47232185	240	-256	16880	14.640	-15.616	1029.680	336	
47272068	272	-256	16864	16.592	-15.616	1028.704	368	
47311947	288	-256	16880	17.568	-15.616	1029.680	368	
47351830	240	-240	16832	14.640	-14.640	1026.752	336	
47391708	256	-240	16864	15.616	-14.640	1028.704	384	
47431589	272	-256	16896	16.592	-15.616	1030.656	368	
47471469	288	-256	16912	17.568	-15.616	1031.632	384	
47511351	288	-240	16864	17.568	-14.640	1028.704	352	
47551233	256	-256	16864	15.616	-15.616	1028.704	320	
47591118	240	-256	16864	14.640	-15.616	1028.704	384	
47631001	240	-288	16928	14.640	-17.568	1032.608	304	
47670884	272	-256	16880	16.592	-15.616	1029.680	352	
47710769	304	-256	16864	18.544	-15.616	1028.704	352	
47750653	272	-256	16880	16.592	-15.616	1029.680	352	
47790535	256	-288	16912	15.616	-17.568	1031.632	336	
47830416	256	-256	16880	15.616	-15.616	1029.680	352	
47870297	256	-256	16912	15.616	-15.616	1031.632	352	
47910179	256	-256	16864	15.616	-15.616	1028.704	352	
47950062	240	-288	16864	14.640	-17.568	1028.704	352	
47989942	256	-256	16896	15.616	-15.616	1030.656	368	
48029821	304	-240	16896	18.544	-14.640	1030.656	352	
48069702	272	-256	16896	16.592	-15.616	1030.656	384	
48109581	272	-256	16864	16.592	-15.616	1028.704	368	
48149462	288	-256	16896	17.568	-15.616	1030.656	400	
48189341	288	-256	16864	17.568	-15.616	1028.704	384	
48229220	272	-256	16896	16.592	-15.616	1030.656	368	
48269102	304	-256	16864	18.544	-15.616	1028.704	336	
48308983	288	-256	16864	17.568	-15.616	1028.704	336	
48348865	256	-256	16896	15.616	-15.616	1030.656	352	
48388745	272	-256	16832	16.592	-15.616	1026.752	368	
48428626	256	-256	16880	15.616	-15.616	1029.680	384	
48468505	240	-224	16864	14.640	-13.664	1028.704	336	
48508383	256	-288	16880	15.616	-17.568	1029.680	352	
48548263	240	-288	16896	14.640	-17.568	1030.656	368	
48588142	224	-288	16848	13.664	-17.568	1027.728	352	
48628022	272	-256	16864	16.592	-15.616	1028.704	400	
48667901	304	-256	16864	18.544	-15.616	1028.704	352	
48707782	272	-256	16896	16.592	-15.616	1030.656	352	
48747662	256	-256	16896	15.616	-15.616	1030.656	352	
48787542	256	-256	16928	15.616	-15.616	1032.608	368	
48827422	288	-256	16880	17.568	-15.616	1029.680	352	
48867300	240	-256	16880	14.640	-15.616	1029.680	368	
48907179	288	-256	16912	17.568	-15.616	1031.632	352	
48947058	288	-256	16880	17.568	-15.616	1029.680	336	
48986939	272	-256	16880	16.592	-15.616	1029.680	352	
49026819	272	-288	16912	16.592	-17.568	1031.632	368	
49066700	272	-304	16912	16.592	-18.544	1031.632	368	
49106580	288	-224	16880	17.568	-13.664	1029.680	384	
49146460	256	-304	16928	15.616	-18.544	1032.608	352	
49186341	256	-208	16880	15.616	-12.688	1029.680	368	
49226220	256	-256	16864	15.616	-15.616	1028.704	336	
49266102	288	-256	16880	17.568	-15.616	1029.680	352	
49305983	256	-256	16928	15.616	-15.616	1032.608	352	
49345861	208	-240	16928	12.688	-14.640	1032.608	336	
49385742	256	-272	16896	15.616	-16.592	1030.656	400	
49425623	256	-256	16864	15.616	-15.616	1028.704	352	
49465503	272	-320	16880	16.592	-19.520	1029.680	352	
49505382	256	-256	16848	15.616	-15.616	1027.728	368	
49545263	240	-288	16864	14.640	-17.568	1028.704	336	
49585141	272	-224	16864	16.592	-13.664	1028.704	384	
49625021	256	-256	16864	15.616	-15.616	1028.704	368	
49664901	272	-256	16928	16.592	-15.616	1032.608	336	
49704781	288	-240	16800	17.568	-14.640	1024.800	336	
49744661	208	-256	16928	12.688	-15.616	1032.608	336	
49784540	240	-304	16864	14.640	-18.544	1028.704	320	
49824420	320	-256	16928	19.520	-15.616	1032.608	336	
49864300	256	-256	16896	15.616	-15.616	1030.656	368	
49904176	256	-256	16864	15.616	-15.616	1028.704	384	
49944056	272	-256	16880	16.592	-15.616	1029.680	336	
49983936	272	-288	16880	16.592	-17.568	1029.680	384	
50023813	272	-304	16896	16.592	-18.544	1030.656	368	
50063693	272	-272	16880	16.592	-16.592	1029.680	352	
50103575	272	-240	16864	16.592	-14.640	1028.704	384	
50143456	240	-256	16928	14.640	-15.616	1032.608	352	
50183335	272	-256	16896	16.592	-15.616	1030.656	384	
50223216	256	-304	16912	15.616	-18.544	1031.632	384	
50263099	256	-208	16960	15.616	-12.688	1034.560	352	
50302981	272	-208	16880	16.592	-12.688	1029.680	352	
50342860	288	-288	16912	17.568	-17.568	1031.632	384	
50382739	304	-320	16912	18.544	-19.520	1031.632	400	
50422618	288	-304	16928	17.568	-18.544	1032.608	352	
50462503	224	-224	16864	13.664	-13.664	1028.704	352	
50502381	208	-192	16880	12.688	-11.712	1029.680	352	
50542262	304	-304	16880	18.544	-18.544	1029.680	352	
50582145	272	-320	16880	16.592	-19.520	1029.680	336	
50622023	256	-256	16896	15.616	-15.616	1030.656	368	
50661900	256	-240	16864	15.616	-14.640	1028.704	336	
50701779	256	-256	16880	15.616	-15.616	1029.680	368	
50741657	288	-256	16896	17.568	-15.616	1030.656	352	
50781535	256	-256	16896	15.616	-15.616	1030.656	368	
50821415	240	-144	16880	14.640	-8.784	1029.680	368	
50861296	256	-224	16896	15.616	-13.664	1030.656	400	
50901177	288	-320	16880	17.568	-19.520	1029.680	368	
50941056	304	-320	16928	18.544	-19.520	1032.608	352	
50980935	240	-272	16896	14.640	-16.592	1030.656	368	
51020814	240	-176	16880	14.640	-10.736	1029.680	368	
51060694	272	-288	16864	16.592	-17.568	1028.704	368	
51100575	272	-288	16880	16.592	-17.568	1029.680	368	
51140454	272	-256	16864	16.592	-15.616	1028.704	368	
51180331	272	-256	16912	16.592	-15.616	1031.632	368	
51220214	224	-224	16896	13.664	-13.664	1030.656	368	
51260095	272	-256	16880	16.592	-15.616	1029.680	368	
51299975	288	-320	16896	17.568	-19.520	1030.656	352	
51339855	256	-256	16864	15.616	-15.616	1028.704	352	
51379734	256	-256	16880	15.616	-15.616	1029.680	336	
51419616	256	-288	16848	15.616	-17.568	1027.728	368	
51459494	256	-256	16864	15.616	-15.616	1028.704	368	
51499374	256	-240	16880	15.616	-14.640	1029.680	368	
51539256	240	-256	16896	14.640	-15.616	1030.656	336	
51579138	272	-288	16880	16.592	-17.568	1029.680	368	
51619020	288	-240	16880	17.568	-14.640	1029.680	368	
51658903	288	-256	16880	17.568	-15.616	1029.680	336	
51698782	288	-256	16864	17.568	-15.616	1028.704	384	
51738664	240	-304	16864	14.640	-18.544	1028.704	320	
51778544	256	-256	16896	15.616	-15.616	1030.656	304	
51818425	224	-256	16928	13.664	-15.616	1032.608	352	
51858305	224	-256	16880	13.664	-15.616	1029.680	352	
51898186	256	-256	16864	15.616	-15.616	1028.704	352	
51938066	240	-256	16896	14.640	-15.616	1030.656	336	
51977947	288	-256	16864	17.568	-15.616	1028.704	384	
52017830	240	-240	16832	14.640	-14.640	1026.752	336	
52057711	224	-256	16912	13.664	-15.616	1031.632	336	
52097594	256	-256	16928	15.616	-15.616	1032.608	352	
52137475	240	-272	16912	14.640	-16.592	1031.632	352	
52177356	256	-256	16896	15.616	-15.616	1030.656	384	
52217240	256	-256	16864	15.616	-15.616	1028.704	320	
52257123	272	-320	16880	16.592	-19.520	1029.680	384	
52297004	304	-256	16832	18.544	-15.616	1026.752	368	
52336888	224	-240	16928	13.664	-14.640	1032.608	400	
52376772	304	-240	16880	18.544	-14.640	1029.680	336	
52416655	304	-288	16816	18.544	-17.568	1025.776	368	
52456538	288	-288	16960	17.568	-17.568	1034.560	352	
52496422	224	-240	16880	13.664	-14.640	1029.680	368	
52536303	272	-240	16880	16.592	-14.640	1029.680	368	
52576184	288	-256	16864	17.568	-15.616	1028.704	368	
52616067	256	-256	16928	15.616	-15.616	1032.608	352	
52655949	256	-256	16880	15.616	-15.616	1029.680	352	
52695832	272	-256	16880	16.592	-15.616	1029.680	384	
52735713	272	-240	16896	16.592	-14.640	1030.656	384	
52775593	288	-256	16848	17.568	-15.616	1027.728	352	
52815474	272	-288	16880	16.592	-17.568	1029.680	352	
52855354	240	-256	16896	14.640	-15.616	1030.656	368	
52895236	240	-256	16848	14.640	-15.616	1027.728	352	
52935115	256	-256	16864	15.616	-15.616	1028.704	368	
52974997	288	-256	16928	17.568	-15.616	1032.608	352	
53014880	256	-240	16912	15.616	-14.640	1031.632	416	
53054763	240	-256	16864	14.640	-15.616	1028.704	352	
53094644	272	-256	16880	16.592	-15.616	1029.680	384	
53134526	288	-320	16928	17.568	-19.520	1032.608	336	
53174405	256	-256	16896	15.616	-15.616	1030.656	368	
53214284	224	-240	16880	13.664	-14.640	1029.680	384	
53254165	240	-240	16896	14.640	-14.640	1030.656	368	
53294048	240	-256	16928	14.640	-15.616	1032.608	400	
53333927	256	-272	16912	15.616	-16.592	1031.632	416	
53373807	256	-256	16944	15.616	-15.616	1033.584	384	
53413689	256	-256	16896	15.616	-15.616	1030.656	368	
53453570	208	-256	16896	12.688	-15.616	1030.656	368	
53493452	256	-256	16832	15.616	-15.616	1026.752	368	
53533334	272	-256	16832	16.592	-15.616	1026.752	368	
53573217	240	-224	16928	14.640	-13.664	1032.608	384	
53613098	240	-256	16880	14.640	-15.616	1029.680	384	
53652977	288	-304	16880	17.568	-18.544	1029.680	352	
53692857	256	-288	16848	15.616	-17.568	1027.728	384	
53732738	256	-256	16960	15.616	-15.616	1034.560	320	
53772616	256	-224	16864	15.616	-13.664	1028.704	400	
53812500	224	-304	16896	13.664	-18.544	1030.656	384	
53852384	288	-256	16832	17.568	-15.616	1026.752	368	
53892265	272	-256	16928	16.592	-15.616	1032.608	384	
53932144	272	-256	16864	16.592	-15.616	1028.704	352	
53972028	240	-256	16896	14.640	-15.616	1030.656	368	
54011910	240	-288	16896	14.640	-17.568	1030.656	384	
54051791	256	-256	16880	15.616	-15.616	1029.680	320	
54091672	256	-288	16928	15.616	-17.568	1032.608	352	
54131552	256	-240	16912	15.616	-14.640	1031.632	368	
54171435	256	-240	16928	15.616	-14.640	1032.608	368	
54211314	272	-256	16864	16.592	-15.616	1028.704	368	
54251194	272	-304	16864	16.592	-18.544	1028.704	352	
54291076	224	-256	16880	13.664	-15.616	1029.680	400	
54330957	288	-288	16880	17.568	-17.568	1029.680	352	
54370843	272	-256	16928	16.592	-15.616	1032.608	384	
54410722	240	-256	16896	14.640	-15.616	1030.656	336	
54450601	288	-240	16912	17.568	-14.640	1031.632	368	
54490482	224	-272	16896	13.664	-16.592	1030.656	352	
54530365	272	-304	16864	16.592	-18.544	1028.704	352	
54570245	240	-240	16832	14.640	-14.640	1026.752	352	
54610125	240	-256	16896	14.640	-15.616	1030.656	368	
54650009	256	-208	16848	15.616	-12.688	1027.728	432	
54689892	272	-288	16912	16.592	-17.568	1031.632	352	
54729772	272	-256	16880	16.592	-15.616	1029.680	368	
54769651	256	-208	16912	15.616	-12.688	1031.632	336	
54809534	240	-256	16864	14.640	-15.616	1028.704	352	
54849413	272	-256	16864	16.592	-15.616	1028.704	368	
54889293	256	-336	16928	15.616	-20.496	1032.608	368	
54929174	240	-240	16880	14.640	-14.640	1029.680	352	
54969055	256	-304	16880	15.616	-18.544	1029.680	352	
55008935	256	-256	16928	15.616	-15.616	1032.608	384	
55048817	256	-304	16864	15.616	-18.544	1028.704	368	
55088696	240	-224	16928	14.640	-13.664	1032.608	400	
55128577	272	-256	16864	16.592	-15.616	1028.704	368	
55168460	256	-256	16896	15.616	-15.616	1030.656	368	
55208341	272	-288	16928	16.592	-17.568	1032.608	384	
55248220	320	-320	16912	19.520	-19.520	1031.632	352	
55288102	256	-256	16864	15.616	-15.616	1028.704	352	
55327984	224	-256	16880	13.664	-15.616	1029.680	336	
55367866	240	-256	16896	14.640	-15.616	1030.656	368	
55407746	272	-304	16912	16.592	-18.544	1031.632	352	
55447627	256	-256	16864	15.616	-15.616	1028.704	368	
55487510	240	-208	16848	14.640	-12.688	1027.728	400	
55527393	272	-224	16880	16.592	-13.664	1029.680	368	
55567274	272	-304	16896	16.592	-18.544	1030.656	352	
55607157	272	-256	16864	16.592	-15.616	1028.704	352	
55647039	272	-256	16864	16.592	-15.616	1028.704	352	
55686921	192	-256	16880	11.712	-15.616	1029.680	400	
55726801	272	-288	16912	16.592	-17.568	1031.632	384	
55766682	288	-224	16864	17.568	-13.664	1028.704	352	
55806560	272	-256	16928	16.592	-15.616	1032.608	368	
55846440	256	-240	16896	15.616	-14.640	1030.656	384	
55886321	272	-288	16880	16.592	-17.568	1029.680	352	
55926199	256	-304	16912	15.616	-18.544	1031.632	384	
55966080	288	-256	16848	17.568	-15.616	1027.728	368	
56005962	272	-240	16912	16.592	-14.640	1031.632	384	
56045844	320	-256	16880	19.520	-15.616	1029.680	368	
56085725	240	-304	16880	14.640	-18.544	1029.680	368	
56125608	256	-256	16864	15.616	-15.616	1028.704	336	
56165491	256	-240	16896	15.616	-14.640	1030.656	384	
56205373	256	-256	16864	15.616	-15.616	1028.704	336	
56245255	256	-256	16864	15.616	-15.616	1028.704	384	
56285138	288	-304	16864	17.568	-18.544	1028.704	368	
56325019	272	-256	16880	16.592	-15.616	1029.680	368	
56364899	240	-336	16912	14.640	-20.496	1031.632	336	
56404781	256	-240	16864	15.616	-14.640	1028.704	352	
56444665	240	-272	16928	14.640	-16.592	1032.608	416	
56484544	224	-240	16896	13.664	-14.640	1030.656	368	
56524421	272	-240	16928	16.592	-14.640	1032.608	368	
56564302	240	-256	16880	14.640	-15.616	1029.680	368	
56604183	304	-256	16928	18.544	-15.616	1032.608	352	
56644064	272	-256	16880	16.592	-15.616	1029.680	352	
56683947	240	-256	16832	14.640	-15.616	1026.752	352	
56723829	272	-240	16880	16.592	-14.640	1029.680	368	
56763711	272	-240	16864	16.592	-14.640	1028.704	400	
56803593	256	-224	16896	15.616	-13.664	1030.656	368	
56843474	272	-256	16880	16.592	-15.616	1029.680	384	
56883353	288	-256	16896	17.568	-15.616	1030.656	336	
56923236	320	-256	16896	19.520	-15.616	1030.656	352	
56963116	256	-240	16880	15.616	-14.640	1029.680	336	
57002997	256	-256	16864	15.616	-15.616	1028.704	384	
57042877	288	-288	16880	17.568	-17.568	1029.680	320	
57082758	240	-224	16864	14.640	-13.664	1028.704	384	
57122637	256	-224	16880	15.616	-13.664	1029.680	368	
57162516	224	-256	16880	13.664	-15.616	1029.680	368	
57202397	304	-288	16880	18.544	-17.568	1029.680	352	
57242274	288	-256	16864	17.568	-15.616	1028.704	368	
57282150	272	-224	16896	16.592	-13.664	1030.656	384	
57322028	288	-256	16928	17.568	-15.616	1032.608	352	
57361906	272	-304	16864	16.592	-18.544	1028.704	400	
57401786	288	-272	16832	17.568	-16.592	1026.752	352	
57441670	272	-272	16832	16.592	-16.592	1026.752	352	
57481551	256	-256	16896	15.616	-15.616	1030.656	384	
57521432	272	-256	16832	16.592	-15.616	1026.752	368	
57561311	272	-256	16928	16.592	-15.616	1032.608	384	
57601189	256	-256	16864	15.616	-15.616	1028.704	352	
57641067	240	-240	16912	14.640	-14.640	1031.632	384	
57680948	224	-256	16896	13.664	-15.616	1030.656	384	
57720830	256	-256	16896	15.616	-15.616	1030.656	352	
57760710	272	-288	16864	16.592	-17.568	1028.704	336	
57800590	256	-256	16880	15.616	-15.616	1029.680	384	
57840470	272	-256	16880	16.592	-15.616	1029.680	352	
57880351	272	-240	16896	16.592	-14.640	1030.656	352	
57920230	224	-240	16880	13.664	-14.640	1029.680	368	
57960110	240	-256	16880	14.640	-15.616	1029.680	368	
57999993	272	-272	16864	16.592	-16.592	1028.704	336	
58039877	256	-256	16864	15.616	-15.616	1028.704	416	
58079758	256	-288	16896	15.616	-17.568	1030.656	384	
58119639	240	-256	16896	14.640	-15.616	1030.656	368	
58159517	256	-256	16928	15.616	-15.616	1032.608	368	
58199396	272	-256	16880	16.592	-15.616	1029.680	352	
58239274	224	-288	16880	13.664	-17.568	1029.680	352	
58279152	240	-256	16928	14.640	-15.616	1032.608	368	
58319029	256	-288	16896	15.616	-17.568	1030.656	368	
58358911	272	-288	16880	16.592	-17.568	1029.680	336	
58398791	304	-256	16880	18.544	-15.616	1029.680	352	
58438670	272	-224	16864	16.592	-13.664	1028.704	384	
58478554	288	-256	16880	17.568	-15.616	1029.680	368	
58518437	256	-288	16960	15.616	-17.568	1034.560	352	
58558316	272	-240	16864	16.592	-14.640	1028.704	336	
58598195	240	-208	16912	14.640	-12.688	1031.632	400	
58638075	256	-256	16928	15.616	-15.616	1032.608	368	
58677957	304	-304	16912	18.544	-18.544	1031.632	352	
58717837	240	-288	16896	14.640	-17.568	1030.656	368	
58757718	256	-272	16896	15.616	-16.592	1030.656	400	
58797597	256	-256	16848	15.616	-15.616	1027.728	368	
58837478	256	-256	16912	15.616	-15.616	1031.632	368	
58877359	272	-240	16928	16.592	-14.640	1032.608	336	
58917241	240	-304	16832	14.640	-18.544	1026.752	368	
58957120	208	-192	16896	12.688	-11.712	1030.656	368	
58996999	256	-272	16864	15.616	-16.592	1028.704	384	
59036880	256	-256	16864	15.616	-15.616	1028.704	352	
59076759	240	-256	16864	14.640	-15.616	1028.704	352	
59116641	256	-224	16880	15.616	-13.664	1029.680	368	
59156521	288	-224	16928	17.568	-13.664	1032.608	352	
59196401	256	-224	16864	15.616	-13.664	1028.704	352	
59236282	240	-272	16928	14.640	-16.592	1032.608	352	
59276162	240	-240	16832	14.640	-14.640	1026.752	368	
59316042	288	-192	16864	17.568	-11.712	1028.704	352	
59355922	288	-368	16864	17.568	-22.448	1028.704	384	
59395804	272	-256	16864	16.592	-15.616	1028.704	400	
59435687	256	-256	16928	15.616	-15.616	1032.608	384	
59475565	272	-256	16864	16.592	-15.616	1028.704	416	
59515444	240	-288	16864	14.640	-17.568	1028.704	352	
59555323	288	-256	16896	17.568	-15.616	1030.656	368	
59595203	240	-256	16880	14.640	-15.616	1029.680	384	
59635084	304	-256	16864	18.544	-15.616	1028.704	368	
59674962	256	-256	16880	15.616	-15.616	1029.680	384	
59714841	272	-304	16880	16.592	-18.544	1029.680	384	
59754718	304	-288	16960	18.544	-17.568	1034.560	368	
59794596	288	-256	16896	17.568	-15.616	1030.656	352	
59834476	288	-304	16928	17.568	-18.544	1032.608	336	
59874355	256	-256	16800	15.616	-15.616	1024.800	352	
59914234	240	-304	16928	14.640	-18.544	1032.608	384	
59954113	272	-256	16832	16.592	-15.616	1026.752	368	
59993992	224	-272	16912	13.664	-16.592	1031.632	336	
60033872	272	-256	16928	16.592	-15.616	1032.608	384	
60073751	256	-240	16880	15.616	-14.640	1029.680	352	
60113631	272	-240	16864	16.592	-14.640	1028.704	352	
60153510	256	-256	16864	15.616	-15.616	1028.704	368	
60193388	288	-240	16864	17.568	-14.640	1028.704	352	
60233263	208	-240	16880	12.688	-14.640	1029.680	368	
60273139	256	-256	16864	15.616	-15.616	1028.704	368	
60313015	224	-256	16880	13.664	-15.616	1029.680	352	
60352890	272	-288	16928	16.592	-17.568	1032.608	352	
60392768	240	-256	16896	14.640	-15.616	1030.656	336	
60432650	224	-272	16800	13.664	-16.592	1024.800	384	
60472531	240	-288	16880	14.640	-17.568	1029.680	368	
60512410	256	-288	16864	15.616	-17.568	1028.704	352	
60552288	320	-256	16864	19.520	-15.616	1028.704	336	
60592168	272	-256	16928	16.592	-15.616	1032.608	336	
60632048	272	-288	16880	16.592	-17.568	1029.680	384	
60671927	240	-320	16896	14.640	-19.520	1030.656	400	
60711806	272	-272	16864	16.592	-16.592	1028.704	384	
60751686	288	-256	16880	17.568	-15.616	1029.680	384	
60791565	256	-288	16880	15.616	-17.568	1029.680	368	
60831445	272	-256	16896	16.592	-15.616	1030.656	384	
60871323	272	-288	16896	16.592	-17.568	1030.656	352	
60911203	272	-256	16864	16.592	-15.616	1028.704	368	
60951080	240	-288	16928	14.640	-17.568	1032.608	384	
60990959	256	-288	16864	15.616	-17.568	1028.704	352	
61030839	240	-224	16912	14.640	-13.664	1031.632	416	
61070718	256	-304	16880	15.616	-18.544	1029.680	336	
61110596	256	-240	16864	15.616	-14.640	1028.704	336	
61150477	240	-240	16896	14.640	-14.640	1030.656	368	
61190359	272	-256	16896	16.592	-15.616	1030.656	384	
61230239	288	-288	16832	17.568	-17.568	1026.752	384	
61270117	288	-256	16864	17.568	-15.616	1028.704	368	
61309996	208	-256	16880	12.688	-15.616	1029.680	368	
61349876	272	-256	16880	16.592	-15.616	1029.680	352	
61389759	288	-256	16912	17.568	-15.616	1031.632	368	
61429643	256	-256	16880	15.616	-15.616	1029.680	368	
61469524	256	-240	16880	15.616	-14.640	1029.680	336	
