Timestamp [us]	A_X [LSB]	A_Y [LSB]	A_Z [LSB]	A_X [mg]	A_Y [mg]	A_Z [mg]	QVAR [LSB]	
13354	272	-704	16864	16.592	-42.944	1028.704	-256	
53237	256	-720	16896	15.616	-43.920	1030.656	-256	
93118	320	-720	16816	19.520	-43.920	1025.776	-288	
133001	272	-656	16896	16.592	-40.016	1030.656	-288	
172880	320	-736	16848	19.520	-44.896	1027.728	-256	
212759	304	-736	16880	18.544	-44.896	1029.680	-288	
252642	288	-720	16848	17.568	-43.920	1027.728	-208	
292525	288	-688	16864	17.568	-41.968	1028.704	-256	
332407	272	-672	16864	16.592	-40.992	1028.704	-256	
372291	304	-736	16832	18.544	-44.896	1026.752	-240	
412175	288	-720	16816	17.568	-43.920	1025.776	-240	
452057	288	-720	16848	17.568	-43.920	1027.728	-224	
491937	288	-752	16864	17.568	-45.872	1028.704	-256	
531818	256	-720	16832	15.616	-43.920	1026.752	-208	
571702	288	-752	16864	17.568	-45.872	1028.704	-272	
611587	288	-672	16848	17.568	-40.992	1027.728	-256	
651467	272	-704	16832	16.592	-42.944	1026.752	-208	
691346	272	-720	16816	16.592	-43.920	1025.776	-256	
731230	320	-736	16912	19.520	-44.896	1031.632	-192	
771113	320	-720	16864	19.520	-43.920	1028.704	-240	
810995	304	-720	16832	18.544	-43.920	1026.752	-256	
850877	272	-672	16848	16.592	-40.992	1027.728	-208	
890759	288	-720	16880	17.568	-43.920	1029.680	-272	
930641	320	-736	16816	19.520	-44.896	1025.776	-192	
970523	288	-768	16832	17.568	-46.848	1026.752	-208	
1010403	288	-720	16848	17.568	-43.920	1027.728	-240	
1050285	288	-752	16896	17.568	-45.872	1030.656	-288	
1090168	288	-704	16864	17.568	-42.944	1028.704	-224	
1130053	304	-704	16864	18.544	-42.944	1028.704	-208	
1169933	320	-688	16832	19.520	-41.968	1026.752	-240	
1209813	272	-688	16832	16.592	-41.968	1026.752	-272	
1249696	304	-688	16864	18.544	-41.968	1028.704	-288	
1289580	352	-720	16880	21.472	-43.920	1029.680	-240	
1329461	288	-720	16832	17.568	-43.920	1026.752	-224	
1369343	288	-704	16880	17.568	-42.944	1029.680	-224	
1409226	288	-720	16832	17.568	-43.920	1026.752	-256	
1449106	256	-736	16864	15.616	-44.896	1028.704	-336	
1488986	304	-688	16864	18.544	-41.968	1028.704	-240	
1528864	304	-704	16864	18.544	-42.944	1028.704	-272	
1568744	320	-720	16832	19.520	-43.920	1026.752	-256	
1608625	272	-688	16800	16.592	-41.968	1024.800	-272	
1648505	288	-704	16864	17.568	-42.944	1028.704	-288	
1688384	320	-704	16832	19.520	-42.944	1026.752	-240	
1728264	288	-688	16864	17.568	-41.968	1028.704	-240	
1768144	304	-704	16896	18.544	-42.944	1030.656	-224	
1808025	320	-752	16848	19.520	-45.872	1027.728	-272	
1847904	288	-720	16848	17.568	-43.920	1027.728	-224	
1887782	320	-736	16880	19.520	-44.896	1029.680	-240	
1927661	272	-688	16864	16.592	-41.968	1028.704	-256	
1967545	320	-704	16864	19.520	-42.944	1028.704	-240	
2007427	336	-656	16800	20.496	-40.016	1024.800	-240	
2047311	256	-688	16864	15.616	-41.968	1028.704	-208	
2087189	304	-704	16832	18.544	-42.944	1026.752	-224	
2127072	272	-752	16880	16.592	-45.872	1029.680	-272	
2166956	288	-704	16896	17.568	-42.944	1030.656	-256	
2206837	320	-768	16864	19.520	-46.848	1028.704	-256	
2246720	320	-672	16800	19.520	-40.992	1024.800	-208	
2286601	336	-720	16832	20.496	-43.920	1026.752	-224	
2326481	304	-704	16848	18.544	-42.944	1027.728	-288	
2366360	288	-736	16832	17.568	-44.896	1026.752	-320	
2406242	304	-736	16880	18.544	-44.896	1029.680	-272	
2446122	320	-720	16832	19.520	-43.920	1026.752	-224	
2486003	304	-704	16896	18.544	-42.944	1030.656	-224	
2525885	272	-704	16848	16.592	-42.944	1027.728	-240	
2565765	288	-688	16864	17.568	-41.968	1028.704	-272	
2605648	304	-704	16864	18.544	-42.944	1028.704	-240	
2645527	288	-720	16832	17.568	-43.920	1026.752	-256	
2685407	288	-736	16848	17.568	-44.896	1027.728	-224	
2725285	304	-688	16864	18.544	-41.968	1028.704	-256	
2765167	288	-704	16816	17.568	-42.944	1025.776	-304	
2805051	304	-688	16864	18.544	-41.968	1028.704	-240	
2844931	288	-672	16864	17.568	-40.992	1028.704	-240	
2884817	304	-704	16816	18.544	-42.944	1025.776	-240	
2924703	272	-672	16832	16.592	-40.992	1026.752	-240	
2964581	304	-752	16880	18.544	-45.872	1029.680	-256	
3004462	288	-768	16864	17.568	-46.848	1028.704	-224	
3044342	304	-720	16832	18.544	-43.920	1026.752	-208	
3084222	320	-672	16816	19.520	-40.992	1025.776	-256	
3124102	320	-720	16864	19.520	-43.920	1028.704	-272	
3163983	288	-704	16848	17.568	-42.944	1027.728	-208	
3203863	304	-704	16864	18.544	-42.944	1028.704	-224	
3243741	336	-688	16832	20.496	-41.968	1026.752	-240	
3283620	272	-720	16864	16.592	-43.920	1028.704	-192	
3323502	304	-736	16832	18.544	-44.896	1026.752	-256	
3363381	320	-688	16864	19.520	-41.968	1028.704	-160	
3403262	272	-688	16864	16.592	-41.968	1028.704	-256	
3443142	304	-688	16864	18.544	-41.968	1028.704	-288	
3483020	288	-768	16864	17.568	-46.848	1028.704	-256	
3522900	288	-752	16848	17.568	-45.872	1027.728	-256	
3562780	320	-688	16832	19.520	-41.968	1026.752	-192	
3602660	320	-720	16832	19.520	-43.920	1026.752	-240	
3642539	304	-752	16864	18.544	-45.872	1028.704	-272	
3682422	288	-672	16864	17.568	-40.992	1028.704	-304	
3722304	272	-752	16832	16.592	-45.872	1026.752	-224	
3762187	320	-704	16800	19.520	-42.944	1024.800	-192	
3802069	288	-704	16832	17.568	-42.944	1026.752	-224	
3841950	304	-720	16832	18.544	-43.920	1026.752	-240	
3881829	288	-672	16816	17.568	-40.992	1025.776	-288	
3921709	288	-688	16848	17.568	-41.968	1027.728	-224	
3961591	288	-704	16832	17.568	-42.944	1026.752	-256	
4001472	272	-736	16864	16.592	-44.896	1028.704	-208	
4041353	320	-736	16800	19.520	-44.896	1024.800	-272	
4081234	304	-736	16864	18.544	-44.896	1028.704	-272	
4121116	304	-704	16864	18.544	-42.944	1028.704	-256	
4160999	256	-672	16832	15.616	-40.992	1026.752	-240	
4200879	368	-720	16864	22.448	-43.920	1028.704	-224	
4240761	304	-752	16800	18.544	-45.872	1024.800	-240	
4280641	272	-736	16864	16.592	-44.896	1028.704	-256	
4320520	288	-736	16864	17.568	-44.896	1028.704	-240	
4360402	272	-704	16816	16.592	-42.944	1025.776	-240	
4400283	288	-720	16832	17.568	-43.920	1026.752	-208	
4440164	336	-704	16864	20.496	-42.944	1028.704	-224	
4480044	320	-720	16864	19.520	-43.920	1028.704	-192	
4519925	272	-704	16864	16.592	-42.944	1028.704	-272	
4559806	336	-688	16864	20.496	-41.968	1028.704	-256	
4599688	288	-704	16896	17.568	-42.944	1030.656	-256	
4639570	288	-688	16848	17.568	-41.968	1027.728	-256	
4679455	272	-736	16816	16.592	-44.896	1025.776	-176	
4719336	320	-720	16800	19.520	-43.920	1024.800	-240	
4759221	288	-752	16816	17.568	-45.872	1025.776	-240	
4799105	304	-736	16864	18.544	-44.896	1028.704	-256	
4838988	304	-704	16832	18.544	-42.944	1026.752	-256	
4878871	304	-688	16864	18.544	-41.968	1028.704	-160	
4918751	288	-752	16832	17.568	-45.872	1026.752	-224	
4958632	352	-736	16832	21.472	-44.896	1026.752	-240	
4998511	320	-736	16848	19.520	-44.896	1027.728	-272	
5038394	288	-736	16800	17.568	-44.896	1024.800	-256	
5078276	304	-736	16848	18.544	-44.896	1027.728	-240	
5118159	240	-688	16832	14.640	-41.968	1026.752	-208	
5158043	336	-736	16832	20.496	-44.896	1026.752	-224	
5197925	288	-688	16864	17.568	-41.968	1028.704	-304	
5237810	320	-720	16832	19.520	-43.920	1026.752	-240	
5277692	304	-688	16816	18.544	-41.968	1025.776	-224	
5317575	304	-736	16816	18.544	-44.896	1025.776	-192	
5357458	336	-736	16816	20.496	-44.896	1025.776	-256	
5397341	304	-720	16800	18.544	-43.920	1024.800	-288	
5437224	304	-704	16848	18.544	-42.944	1027.728	-256	
5477109	288	-688	16864	17.568	-41.968	1028.704	-224	
5516992	288	-720	16832	17.568	-43.920	1026.752	-224	
5556876	320	-672	16848	19.520	-40.992	1027.728	-256	
5596760	304	-688	16832	18.544	-41.968	1026.752	-240	
5636644	320	-720	16848	19.520	-43.920	1027.728	-208	
5676526	304	-704	16864	18.544	-42.944	1028.704	-240	
5716409	272	-704	16864	16.592	-42.944	1028.704	-224	
5756293	304	-688	16832	18.544	-41.968	1026.752	-224	
5796176	320	-704	16816	19.520	-42.944	1025.776	-176	
5836060	336	-720	16864	20.496	-43.920	1028.704	-224	
5875945	304	-704	16816	18.544	-42.944	1025.776	-256	
5915826	288	-720	16816	17.568	-43.920	1025.776	-256	
5955707	256	-720	16832	15.616	-43.920	1026.752	-272	
5995591	320	-704	16816	19.520	-42.944	1025.776	-176	
6035478	320	-720	16880	19.520	-43.920	1029.680	-240	
6075361	320	-672	16832	19.520	-40.992	1026.752	-256	
6115245	272	-720	16864	16.592	-43.920	1028.704	-256	
6155129	304	-688	16832	18.544	-41.968	1026.752	-224	
6195011	320	-752	16848	19.520	-45.872	1027.728	-208	
6234893	272	-704	16848	16.592	-42.944	1027.728	-176	
6274776	272	-672	16880	16.592	-40.992	1029.680	-224	
6314659	272	-720	16864	16.592	-43.920	1028.704	-304	
6354541	272	-736	16848	16.592	-44.896	1027.728	-272	
6394426	272	-688	16864	16.592	-41.968	1028.704	-192	
6434309	304	-688	16848	18.544	-41.968	1027.728	-224	
6474191	320	-736	16864	19.520	-44.896	1028.704	-240	
6514073	304	-720	16864	18.544	-43.920	1028.704	-288	
6553957	320	-704	16896	19.520	-42.944	1030.656	-240	
6593840	304	-688	16864	18.544	-41.968	1028.704	-224	
6633723	304	-720	16864	18.544	-43.920	1028.704	-224	
6673608	320	-720	16800	19.520	-43.920	1024.800	-224	
6713492	352	-704	16864	21.472	-42.944	1028.704	-320	
6753375	288	-688	16864	17.568	-41.968	1028.704	-240	
6793257	272	-736	16864	16.592	-44.896	1028.704	-272	
6833139	288	-736	16864	17.568	-44.896	1028.704	-240	
6873020	320	-688	16864	19.520	-41.968	1028.704	-256	
6912899	272	-688	16816	16.592	-41.968	1025.776	-272	
6952780	304	-720	16832	18.544	-43.920	1026.752	-224	
6992666	304	-752	16800	18.544	-45.872	1024.800	-272	
7032549	320	-720	16832	19.520	-43.920	1026.752	-208	
7072432	288	-768	16880	17.568	-46.848	1029.680	-272	
7112318	288	-704	16864	17.568	-42.944	1028.704	-176	
7152201	320	-704	16816	19.520	-42.944	1025.776	-224	
7192083	320	-720	16864	19.520	-43.920	1028.704	-240	
7231965	304	-736	16896	18.544	-44.896	1030.656	-224	
7271848	320	-688	16864	19.520	-41.968	1028.704	-240	
7311731	288	-720	16816	17.568	-43.920	1025.776	-176	
7351612	352	-688	16832	21.472	-41.968	1026.752	-208	
7391494	272	-720	16832	16.592	-43.920	1026.752	-240	
7431375	304	-704	16848	18.544	-42.944	1027.728	-272	
7471261	288	-736	16864	17.568	-44.896	1028.704	-224	
7511145	336	-704	16832	20.496	-42.944	1026.752	-208	
7551027	304	-736	16864	18.544	-44.896	1028.704	-208	
7590908	272	-720	16864	16.592	-43.920	1028.704	-224	
7630793	304	-688	16880	18.544	-41.968	1029.680	-256	
7670675	352	-704	16848	21.472	-42.944	1027.728	-240	
7710557	288	-688	16832	17.568	-41.968	1026.752	-224	
7750438	320	-752	16832	19.520	-45.872	1026.752	-256	
7790323	288	-672	16848	17.568	-40.992	1027.728	-272	
7830208	272	-720	16848	16.592	-43.920	1027.728	-304	
7870092	304	-704	16864	18.544	-42.944	1028.704	-240	
7909973	336	-720	16848	20.496	-43.920	1027.728	-256	
7949855	320	-768	16864	19.520	-46.848	1028.704	-208	
7989739	336	-688	16848	20.496	-41.968	1027.728	-224	
8029623	304	-704	16848	18.544	-42.944	1027.728	-288	
8069506	320	-704	16848	19.520	-42.944	1027.728	-240	
8109390	272	-672	16848	16.592	-40.992	1027.728	-240	
8149274	320	-720	16848	19.520	-43.920	1027.728	-256	
8189157	320	-720	16832	19.520	-43.920	1026.752	-256	
8229038	272	-736	16816	16.592	-44.896	1025.776	-240	
8268919	288	-720	16864	17.568	-43.920	1028.704	-256	
8308803	256	-736	16864	15.616	-44.896	1028.704	-240	
8348689	304	-720	16832	18.544	-43.920	1026.752	-224	
8388572	304	-704	16800	18.544	-42.944	1024.800	-256	
8428454	320	-672	16832	19.520	-40.992	1026.752	-192	
8468340	320	-704	16800	19.520	-42.944	1024.800	-240	
8508225	288	-704	16832	17.568	-42.944	1026.752	-256	
8548111	288	-752	16864	17.568	-45.872	1028.704	-240	
8587996	288	-688	16864	17.568	-41.968	1028.704	-256	
8627877	320	-720	16864	19.520	-43.920	1028.704	-208	
8667761	320	-704	16864	19.520	-42.944	1028.704	-192	
8707644	320	-704	16832	19.520	-42.944	1026.752	-240	
8747528	272	-720	16864	16.592	-43.920	1028.704	-272	
8787410	304	-704	16864	18.544	-42.944	1028.704	-256	
8827292	320	-720	16816	19.520	-43.920	1025.776	-192	
8867175	288	-752	16832	17.568	-45.872	1026.752	-240	
8907058	304	-704	16832	18.544	-42.944	1026.752	-272	
8946941	304	-704	16816	18.544	-42.944	1025.776	-304	
8986821	320	-720	16848	19.520	-43.920	1027.728	-224	
9026702	320	-688	16864	19.520	-41.968	1028.704	-192	
9066585	320	-736	16848	19.520	-44.896	1027.728	-192	
9106471	352	-688	16864	21.472	-41.968	1028.704	-224	
9146354	352	-720	16816	21.472	-43.920	1025.776	-288	
9186237	272	-736	16832	16.592	-44.896	1026.752	-272	
9226119	288	-720	16832	17.568	-43.920	1026.752	-224	
9266001	320	-720	16848	19.520	-43.920	1027.728	-240	
9305885	336	-736	16864	20.496	-44.896	1028.704	-240	
9345768	304	-736	16864	18.544	-44.896	1028.704	-288	
9385652	336	-736	16832	20.496	-44.896	1026.752	-224	
9425536	320	-752	16832	19.520	-45.872	1026.752	-256	
9465419	320	-704	16848	19.520	-42.944	1027.728	-208	
9505302	304	-720	16864	18.544	-43.920	1028.704	-224	
9545186	304	-720	16800	18.544	-43.920	1024.800	-208	
9585068	320	-736	16864	19.520	-44.896	1028.704	-256	
9624951	288	-704	16832	17.568	-42.944	1026.752	-256	
9664833	320	-736	16832	19.520	-44.896	1026.752	-208	
9704716	320	-752	16848	19.520	-45.872	1027.728	-224	
9744599	288	-720	16832	17.568	-43.920	1026.752	-192	
9784483	288	-736	16864	17.568	-44.896	1028.704	-224	
9824366	304	-736	16848	18.544	-44.896	1027.728	-240	
9864249	304	-720	16832	18.544	-43.920	1026.752	-240	
9904131	288	-752	16832	17.568	-45.872	1026.752	-240	
9944015	304	-688	16816	18.544	-41.968	1025.776	-176	
9983896	336	-656	16864	20.496	-40.016	1028.704	-240	
10023779	336	-704	16864	20.496	-42.944	1028.704	-240	
10063661	320	-672	16864	19.520	-40.992	1028.704	-304	
10103544	256	-752	16864	15.616	-45.872	1028.704	-240	
10143425	336	-688	16848	20.496	-41.968	1027.728	-160	
10183306	304	-736	16864	18.544	-44.896	1028.704	-224	
10223184	304	-704	16864	18.544	-42.944	1028.704	-240	
10263065	304	-704	16832	18.544	-42.944	1026.752	-240	
10302945	304	-720	16832	18.544	-43.920	1026.752	-240	
10342826	288	-704	16864	17.568	-42.944	1028.704	-192	
10382708	320	-704	16832	19.520	-42.944	1026.752	-224	
10422590	304	-720	16848	18.544	-43.920	1027.728	-240	
10462475	304	-720	16816	18.544	-43.920	1025.776	-288	
10502354	304	-720	16832	18.544	-43.920	1026.752	-224	
10542235	320	-704	16800	19.520	-42.944	1024.800	-240	
10582118	320	-752	16864	19.520	-45.872	1028.704	-208	
10622001	304	-720	16832	18.544	-43.920	1026.752	-240	
10661881	304	-704	16896	18.544	-42.944	1030.656	-272	
10701761	320	-704	16880	19.520	-42.944	1029.680	-256	
10741642	272	-720	16816	16.592	-43.920	1025.776	-256	
10781526	256	-768	16864	15.616	-46.848	1028.704	-240	
10821408	288	-704	16832	17.568	-42.944	1026.752	-288	
10861291	304	-704	16864	18.544	-42.944	1028.704	-256	
10901172	320	-688	16864	19.520	-41.968	1028.704	-256	
10941052	320	-672	16832	19.520	-40.992	1026.752	-240	
10980935	272	-688	16832	16.592	-41.968	1026.752	-208	
11020817	272	-720	16848	16.592	-43.920	1027.728	-240	
11060697	288	-736	16848	17.568	-44.896	1027.728	-208	
11100580	304	-672	16848	18.544	-40.992	1027.728	-240	
11140463	304	-704	16848	18.544	-42.944	1027.728	-256	
11180344	352	-736	16848	21.472	-44.896	1027.728	-224	
11220226	336	-752	16864	20.496	-45.872	1028.704	-224	
11260107	304	-704	16816	18.544	-42.944	1025.776	-208	
11299987	288	-704	16880	17.568	-42.944	1029.680	-240	
11339872	320	-672	16800	19.520	-40.992	1024.800	-240	
11379753	336	-752	16864	20.496	-45.872	1028.704	-272	
11419634	288	-736	16864	17.568	-44.896	1028.704	-224	
11459517	288	-720	16864	17.568	-43.920	1028.704	-208	
11499398	304	-704	16864	18.544	-42.944	1028.704	-240	
11539280	320	-672	16864	19.520	-40.992	1028.704	-240	
11579162	320	-688	16864	19.520	-41.968	1028.704	-288	
11619044	320	-704	16864	19.520	-42.944	1028.704	-240	
11658928	320	-720	16848	19.520	-43.920	1027.728	-208	
11698809	304	-736	16880	18.544	-44.896	1029.680	-240	
11738690	304	-704	16864	18.544	-42.944	1028.704	-272	
11778571	320	-672	16848	19.520	-40.992	1027.728	-272	
11818451	304	-736	16816	18.544	-44.896	1025.776	-224	
11858330	320	-688	16896	19.520	-41.968	1030.656	-240	
11898209	336	-752	16864	20.496	-45.872	1028.704	-224	
11938090	288	-720	16848	17.568	-43.920	1027.728	-240	
11977972	320	-736	16864	19.520	-44.896	1028.704	-272	
12017852	288	-720	16880	17.568	-43.920	1029.680	-224	
12057734	320	-688	16832	19.520	-41.968	1026.752	-208	
12097614	288	-720	16864	17.568	-43.920	1028.704	-256	
12137494	304	-704	16832	18.544	-42.944	1026.752	-256	
12177375	320	-688	16816	19.520	-41.968	1025.776	-224	
12217255	320	-752	16864	19.520	-45.872	1028.704	-240	
12257138	288	-704	16800	17.568	-42.944	1024.800	-240	
12297017	288	-704	16848	17.568	-42.944	1027.728	-208	
12336898	272	-720	16864	16.592	-43.920	1028.704	-208	
12376781	304	-688	16848	18.544	-41.968	1027.728	-192	
12416665	336	-704	16832	20.496	-42.944	1026.752	-224	
12456547	304	-720	16864	18.544	-43.920	1028.704	-288	
12496430	336	-704	16816	20.496	-42.944	1025.776	-256	
12536314	304	-672	16800	18.544	-40.992	1024.800	-256	
12576194	304	-720	16832	18.544	-43.920	1026.752	-176	
12616078	288	-704	16880	17.568	-42.944	1029.680	-208	
12655961	352	-720	16864	21.472	-43.920	1028.704	-240	
12695841	288	-688	16864	17.568	-41.968	1028.704	-288	
12735721	304	-720	16864	18.544	-43.920	1028.704	-224	
12775599	288	-736	16832	17.568	-44.896	1026.752	-176	
12815480	304	-720	16880	18.544	-43.920	1029.680	-224	
12855359	320	-720	16800	19.520	-43.920	1024.800	-224	
12895241	288	-720	16848	17.568	-43.920	1027.728	-320	
12935121	288	-704	16864	17.568	-42.944	1028.704	-224	
12975003	288	-752	16848	17.568	-45.872	1027.728	-208	
13014884	288	-720	16832	17.568	-43.920	1026.752	-240	
13054766	272	-752	16800	16.592	-45.872	1024.800	-224	
13094647	336	-736	16800	20.496	-44.896	1024.800	-320	
13134529	304	-752	16880	18.544	-45.872	1029.680	-256	
13174407	304	-672	16864	18.544	-40.992	1028.704	-240	
13214288	304	-736	16880	18.544	-44.896	1029.680	-240	
13254170	288	-704	16864	17.568	-42.944	1028.704	-256	
13294051	304	-704	16832	18.544	-42.944	1026.752	-304	
13333934	272	-720	16848	16.592	-43.920	1027.728	-224	
13373816	304	-704	16832	18.544	-42.944	1026.752	-256	
13413699	336	-720	16848	20.496	-43.920	1027.728	-208	
13453580	336	-736	16848	20.496	-44.896	1027.728	-224	
13493462	304	-704	16848	18.544	-42.944	1027.728	-192	
13533342	320	-720	16832	19.520	-43.920	1026.752	-224	
13573222	320	-688	16832	19.520	-41.968	1026.752	-224	
13613105	288	-752	16864	17.568	-45.872	1028.704	-208	
13652986	304	-752	16832	18.544	-45.872	1026.752	-240	
13692868	288	-736	16800	17.568	-44.896	1024.800	-208	
13732751	256	-704	16832	15.616	-42.944	1026.752	-208	
13772633	320	-704	16816	19.520	-42.944	1025.776	-240	
13812514	320	-720	16864	19.520	-43.920	1028.704	-240	
13852397	272	-704	16848	16.592	-42.944	1027.728	-256	
13892279	288	-720	16768	17.568	-43.920	1022.848	-192	
13932161	320	-704	16864	19.520	-42.944	1028.704	-240	
13972044	320	-704	16800	19.520	-42.944	1024.800	-256	
14011928	304	-720	16864	18.544	-43.920	1028.704	-272	
14051809	256	-720	16832	15.616	-43.920	1026.752	-208	
14091689	336	-672	16832	20.496	-40.992	1026.752	-208	
14131569	304	-736	16816	18.544	-44.896	1025.776	-240	
14171449	304	-704	16800	18.544	-42.944	1024.800	-240	
14211328	256	-688	16800	15.616	-41.968	1024.800	-304	
14251209	336	-672	16864	20.496	-40.992	1028.704	-256	
14291093	272	-704	16864	16.592	-42.944	1028.704	-192	
14330973	288	-672	16848	17.568	-40.992	1027.728	-208	
14370853	304	-688	16880	18.544	-41.968	1029.680	-208	
14410734	304	-704	16816	18.544	-42.944	1025.776	-320	
14450616	272	-720	16864	16.592	-43.920	1028.704	-224	
14490496	304	-704	16816	18.544	-42.944	1025.776	-240	
14530376	320	-736	16848	19.520	-44.896	1027.728	-240	
14570252	320	-704	16864	19.520	-42.944	1028.704	-256	
14610130	352	-688	16816	21.472	-41.968	1025.776	-272	
14650009	288	-704	16832	17.568	-42.944	1026.752	-272	
14689885	320	-688	16864	19.520	-41.968	1028.704	-256	
14729767	304	-736	16864	18.544	-44.896	1028.704	-192	
14769647	272	-656	16832	16.592	-40.016	1026.752	-256	
14809528	288	-704	16848	17.568	-42.944	1027.728	-240	
14849408	304	-704	16848	18.544	-42.944	1027.728	-224	
14889291	320	-704	16800	19.520	-42.944	1024.800	-240	
14929171	320	-704	16816	19.520	-42.944	1025.776	-240	
14969052	288	-720	16848	17.568	-43.920	1027.728	-272	
15008932	288	-688	16816	17.568	-41.968	1025.776	-176	
15048814	304	-752	16864	18.544	-45.872	1028.704	-224	
15088700	320	-688	16816	19.520	-41.968	1025.776	-240	
15128581	320	-768	16880	19.520	-46.848	1029.680	-240	
15168464	320	-688	16864	19.520	-41.968	1028.704	-240	
15208343	320	-704	16848	19.520	-42.944	1027.728	-192	
15248222	304	-736	16864	18.544	-44.896	1028.704	-192	
15288105	304	-720	16800	18.544	-43.920	1024.800	-256	
15327988	304	-784	16864	18.544	-47.824	1028.704	-256	
15367871	304	-736	16832	18.544	-44.896	1026.752	-240	
15407752	336	-720	16800	20.496	-43.920	1024.800	-176	
15447633	336	-704	16880	20.496	-42.944	1029.680	-256	
15487515	304	-736	16832	18.544	-44.896	1026.752	-224	
15527396	304	-720	16864	18.544	-43.920	1028.704	-288	
15567276	320	-720	16784	19.520	-43.920	1023.824	-272	
15607155	256	-720	16832	15.616	-43.920	1026.752	-240	
15647034	304	-752	16864	18.544	-45.872	1028.704	-240	
15686914	304	-720	16848	18.544	-43.920	1027.728	-256	
15726797	320	-736	16864	19.520	-44.896	1028.704	-272	
15766682	336	-784	16816	20.496	-47.824	1025.776	-208	
15806567	352	-672	16816	21.472	-40.992	1025.776	-224	
15846451	272	-720	16880	16.592	-43.920	1029.680	-224	
15886333	320	-752	16864	19.520	-45.872	1028.704	-240	
15926213	336	-720	16816	20.496	-43.920	1025.776	-272	
15966099	320	-720	16848	19.520	-43.920	1027.728	-224	
16005982	288	-768	16864	17.568	-46.848	1028.704	-272	
16045864	288	-704	16864	17.568	-42.944	1028.704	-224	
16085745	288	-688	16832	17.568	-41.968	1026.752	-256	
16125624	304	-688	16816	18.544	-41.968	1025.776	-240	
16165505	288	-704	16832	17.568	-42.944	1026.752	-240	
16205387	272	-720	16848	16.592	-43.920	1027.728	-272	
16245268	320	-688	16832	19.520	-41.968	1026.752	-240	
16285146	320	-688	16832	19.520	-41.968	1026.752	-240	
16325028	272	-720	16864	16.592	-43.920	1028.704	-176	
16364910	304	-656	16832	18.544	-40.016	1026.752	-224	
16404792	304	-688	16848	18.544	-41.968	1027.728	-240	
16444672	320	-720	16816	19.520	-43.920	1025.776	-256	
16484557	288	-704	16848	17.568	-42.944	1027.728	-224	
16524440	304	-720	16848	18.544	-43.920	1027.728	-176	
16564323	336	-672	16848	20.496	-40.992	1027.728	-176	
16604206	272	-688	16880	16.592	-41.968	1029.680	-256	
16644087	304	-704	16816	18.544	-42.944	1025.776	-304	
16683969	320	-752	16848	19.520	-45.872	1027.728	-224	
16723850	272	-656	16864	16.592	-40.016	1028.704	-224	
16763733	304	-736	16816	18.544	-44.896	1025.776	-256	
16803616	304	-672	16832	18.544	-40.992	1026.752	-272	
16843500	272	-704	16816	16.592	-42.944	1025.776	-320	
16883385	256	-704	16864	15.616	-42.944	1028.704	-240	
16923271	320	-688	16816	19.520	-41.968	1025.776	-256	
16963155	336	-736	16864	20.496	-44.896	1028.704	-224	
17003039	272	-704	16832	16.592	-42.944	1026.752	-240	
17042927	320	-720	16864	19.520	-43.920	1028.704	-256	
17082814	336	-736	16848	20.496	-44.896	1027.728	-224	
17122699	304	-704	16864	18.544	-42.944	1028.704	-256	
17162583	288	-688	16864	17.568	-41.968	1028.704	-240	
17202465	336	-720	16864	20.496	-43.920	1028.704	-224	
17242349	320	-736	16880	19.520	-44.896	1029.680	-256	
17282230	288	-720	16832	17.568	-43.920	1026.752	-240	
17322113	304	-704	16832	18.544	-42.944	1026.752	-272	
17361994	336	-720	16880	20.496	-43.920	1029.680	-224	
17401878	304	-736	16832	18.544	-44.896	1026.752	-256	
17441758	288	-704	16880	17.568	-42.944	1029.680	-208	
17481644	304	-720	16848	18.544	-43.920	1027.728	-256	
17521529	304	-720	16816	18.544	-43.920	1025.776	-240	
17561413	336	-720	16864	20.496	-43.920	1028.704	-240	
17601293	304	-704	16880	18.544	-42.944	1029.680	-224	
17641178	304	-688	16864	18.544	-41.968	1028.704	-192	
17681061	304	-704	16832	18.544	-42.944	1026.752	-256	
17720943	288	-688	16864	17.568	-41.968	1028.704	-224	
17760826	272	-704	16864	16.592	-42.944	1028.704	-272	
17800708	256	-704	16864	15.616	-42.944	1028.704	-240	
17840590	304	-688	16896	18.544	-41.968	1030.656	-144	
17880474	288	-752	16880	17.568	-45.872	1029.680	-224	
17920355	288	-736	16832	17.568	-44.896	1026.752	-240	
17960237	288	-688	16864	17.568	-41.968	1028.704	-272	
18000117	272	-704	16880	16.592	-42.944	1029.680	-224	
18039999	336	-688	16864	20.496	-41.968	1028.704	-192	
18079881	304	-704	16848	18.544	-42.944	1027.728	-224	
18119762	272	-688	16864	16.592	-41.968	1028.704	-288	
18159645	304	-720	16864	18.544	-43.920	1028.704	-272	
18199529	304	-672	16832	18.544	-40.992	1026.752	-256	
18239412	304	-704	16896	18.544	-42.944	1030.656	-224	
18279296	304	-736	16896	18.544	-44.896	1030.656	-240	
18319177	320	-704	16832	19.520	-42.944	1026.752	-240	
18359059	320	-736	16832	19.520	-44.896	1026.752	-288	
18398941	304	-736	16848	18.544	-44.896	1027.728	-240	
18438826	272	-704	16816	16.592	-42.944	1025.776	-272	
18478709	304	-752	16864	18.544	-45.872	1028.704	-224	
18518593	288	-688	16848	17.568	-41.968	1027.728	-240	
18558474	352	-688	16864	21.472	-41.968	1028.704	-272	
18598360	320	-672	16880	19.520	-40.992	1029.680	-240	
18638242	272	-688	16864	16.592	-41.968	1028.704	-256	
18678122	272	-688	16896	16.592	-41.968	1030.656	-240	
18718004	288	-736	16864	17.568	-44.896	1028.704	-256	
18757882	288	-720	16864	17.568	-43.920	1028.704	-192	
18797761	336	-704	16832	20.496	-42.944	1026.752	-240	
18837640	288	-704	16864	17.568	-42.944	1028.704	-224	
18877519	288	-720	16880	17.568	-43.920	1029.680	-240	
18917397	320	-720	16832	19.520	-43.920	1026.752	-240	
18957277	288	-688	16864	17.568	-41.968	1028.704	-176	
18997155	304	-720	16864	18.544	-43.920	1028.704	-240	
19037032	288	-704	16896	17.568	-42.944	1030.656	-256	
19076910	288	-720	16880	17.568	-43.920	1029.680	-256	
19116787	288	-704	16880	17.568	-42.944	1029.680	-240	
19156669	320	-672	16880	19.520	-40.992	1029.680	-176	
19196550	336	-752	16880	20.496	-45.872	1029.680	-256	
19236432	304	-768	16832	18.544	-46.848	1026.752	-272	
19276313	272	-736	16896	16.592	-44.896	1030.656	-272	
19316190	272	-704	16832	16.592	-42.944	1026.752	-256	
19356071	256	-688	16848	15.616	-41.968	1027.728	-192	
19395948	320	-768	16864	19.520	-46.848	1028.704	-240	
19435830	304	-704	16848	18.544	-42.944	1027.728	-240	
19475712	320	-656	16848	19.520	-40.016	1027.728	-304	
19515593	288	-720	16832	17.568	-43.920	1026.752	-224	
19555475	304	-720	16832	18.544	-43.920	1026.752	-224	
19595353	304	-704	16800	18.544	-42.944	1024.800	-224	
19635231	272	-720	16864	16.592	-43.920	1028.704	-208	
19675112	288	-720	16832	17.568	-43.920	1026.752	-272	
19714992	320	-688	16832	19.520	-41.968	1026.752	-224	
19754869	304	-688	16816	18.544	-41.968	1025.776	-272	
19794748	320	-704	16832	19.520	-42.944	1026.752	-240	
19834627	352	-672	16832	21.472	-40.992	1026.752	-272	
19874507	304	-704	16832	18.544	-42.944	1026.752	-256	
19914388	288	-720	16832	17.568	-43.920	1026.752	-256	
19954269	288	-704	16848	17.568	-42.944	1027.728	-240	
19994150	304	-736	16816	18.544	-44.896	1025.776	-240	
20034031	304	-704	16816	18.544	-42.944	1025.776	-256	
20073914	320	-720	16832	19.520	-43.920	1026.752	-208	
20113792	304	-704	16832	18.544	-42.944	1026.752	-208	
20153675	304	-704	16832	18.544	-42.944	1026.752	-240	
20193555	320	-736	16800	19.520	-44.896	1024.800	-240	
20233435	288	-704	16880	17.568	-42.944	1029.680	-208	
20273315	304	-720	16864	18.544	-43.920	1028.704	-176	
20313200	272	-672	16896	16.592	-40.992	1030.656	-256	
20353082	304	-720	16848	18.544	-43.920	1027.728	-272	
20392963	304	-688	16816	18.544	-41.968	1025.776	-224	
20432843	304	-736	16832	18.544	-44.896	1026.752	-240	
20472724	272	-720	16784	16.592	-43.920	1023.824	-192	
20512605	288	-736	16816	17.568	-44.896	1025.776	-224	
20552485	304	-736	16864	18.544	-44.896	1028.704	-240	
20592368	336	-704	16784	20.496	-42.944	1023.824	-224	
20632247	304	-720	16864	18.544	-43.920	1028.704	-256	
20672128	288	-720	16832	17.568	-43.920	1026.752	-176	
20712007	272	-720	16864	16.592	-43.920	1028.704	-256	
20751884	256	-720	16800	15.616	-43.920	1024.800	-272	
20791765	304	-736	16816	18.544	-44.896	1025.776	-336	
20831646	304	-704	16864	18.544	-42.944	1028.704	-224	
20871528	288	-704	16800	17.568	-42.944	1024.800	-256	
20911411	288	-720	16800	17.568	-43.920	1024.800	-240	
20951293	288	-736	16864	17.568	-44.896	1028.704	-208	
20991176	336	-688	16832	20.496	-41.968	1026.752	-272	
21031058	320	-736	16800	19.520	-44.896	1024.800	-240	
21070942	288	-736	16832	17.568	-44.896	1026.752	-224	
21110824	288	-704	16880	17.568	-42.944	1029.680	-240	
21150704	304	-720	16800	18.544	-43.920	1024.800	-208	
21190587	320	-720	16816	19.520	-43.920	1025.776	-256	
21230465	256	-736	16832	15.616	-44.896	1026.752	-240	
21270345	320	-752	16864	19.520	-45.872	1028.704	-272	
21310224	272	-688	16848	16.592	-41.968	1027.728	-272	
21350109	288	-704	16864	17.568	-42.944	1028.704	-256	
21389992	304	-704	16832	18.544	-42.944	1026.752	-256	
21429875	272	-720	16864	16.592	-43.920	1028.704	-272	
21469757	320	-704	16848	19.520	-42.944	1027.728	-240	
21509637	272	-736	16864	16.592	-44.896	1028.704	-224	
21549519	288	-736	16864	17.568	-44.896	1028.704	-256	
21589399	272	-704	16848	16.592	-42.944	1027.728	-176	
21629281	320	-656	16864	19.520	-40.016	1028.704	-272	
21669163	288	-704	16832	17.568	-42.944	1026.752	-256	
21709045	320	-736	16816	19.520	-44.896	1025.776	-288	
21748927	304	-688	16864	18.544	-41.968	1028.704	-256	
21788808	272	-688	16880	16.592	-41.968	1029.680	-192	
21828688	320	-672	16848	19.520	-40.992	1027.728	-272	
21868566	320	-736	16832	19.520	-44.896	1026.752	-208	
21908446	336	-736	16896	20.496	-44.896	1030.656	-304	
21948328	320	-736	16864	19.520	-44.896	1028.704	-224	
21988211	288	-656	16880	17.568	-40.016	1029.680	-224	
22028092	272	-720	16848	16.592	-43.920	1027.728	-240	
22067974	320	-752	16832	19.520	-45.872	1026.752	-256	
22107857	320	-688	16864	19.520	-41.968	1028.704	-272	
22147737	304	-720	16880	18.544	-43.920	1029.680	-224	
22187617	320	-736	16848	19.520	-44.896	1027.728	-240	
22227498	304	-640	16832	18.544	-39.040	1026.752	-272	
22267376	336	-720	16832	20.496	-43.920	1026.752	-224	
22307255	320	-688	16816	19.520	-41.968	1025.776	-272	
22347133	256	-688	16864	15.616	-41.968	1028.704	-240	
22387013	320	-736	16864	19.520	-44.896	1028.704	-272	
22426893	320	-720	16800	19.520	-43.920	1024.800	-224	
22466773	304	-704	16848	18.544	-42.944	1027.728	-240	
22506651	320	-704	16864	19.520	-42.944	1028.704	-240	
22546532	288	-752	16848	17.568	-45.872	1027.728	-240	
22586412	320	-720	16848	19.520	-43.920	1027.728	-240	
22626292	288	-672	16832	17.568	-40.992	1026.752	-240	
22666172	288	-704	16832	17.568	-42.944	1026.752	-272	
22706049	320	-672	16848	19.520	-40.992	1027.728	-208	
22745929	272	-752	16864	16.592	-45.872	1028.704	-224	
22785811	304	-672	16880	18.544	-40.992	1029.680	-224	
22825693	304	-720	16800	18.544	-43.920	1024.800	-240	
22865574	320	-704	16800	19.520	-42.944	1024.800	-240	
22905458	272	-704	16800	16.592	-42.944	1024.800	-176	
22945339	304	-720	16816	18.544	-43.920	1025.776	-256	
22985218	320	-688	16864	19.520	-41.968	1028.704	-256	
23025102	288	-736	16848	17.568	-44.896	1027.728	-272	
23064978	304	-736	16848	18.544	-44.896	1027.728	-256	
23104860	336	-752	16864	20.496	-45.872	1028.704	-176	
23144742	320	-720	16816	19.520	-43.920	1025.776	-272	
23184624	304	-688	16832	18.544	-41.968	1026.752	-256	
23224509	336	-752	16848	20.496	-45.872	1027.728	-272	
23264389	320	-704	16832	19.520	-42.944	1026.752	-240	
23304267	288	-704	16864	17.568	-42.944	1028.704	-224	
23344149	272	-704	16864	16.592	-42.944	1028.704	-240	
23384032	256	-688	16832	15.616	-41.968	1026.752	-272	
23423911	272	-720	16864	16.592	-43.920	1028.704	-304	
23463792	288	-720	16832	17.568	-43.920	1026.752	-256	
23503671	304	-752	16848	18.544	-45.872	1027.728	-240	
23543553	320	-720	16880	19.520	-43.920	1029.680	-224	
23583432	288	-704	16832	17.568	-42.944	1026.752	-224	
23623313	304	-704	16880	18.544	-42.944	1029.680	-272	
23663195	272	-704	16848	16.592	-42.944	1027.728	-224	
23703076	272	-736	16832	16.592	-44.896	1026.752	-256	
23742955	288	-672	16832	17.568	-40.992	1026.752	-256	
23782837	272	-736	16816	16.592	-44.896	1025.776	-272	
23822717	304	-704	16848	18.544	-42.944	1027.728	-288	
23862597	320	-720	16848	19.520	-43.920	1027.728	-224	
23902477	320	-720	16816	19.520	-43.920	1025.776	-256	
23942354	288	-704	16848	17.568	-42.944	1027.728	-224	
23982233	224	-688	16832	13.664	-41.968	1026.752	-192	
24022113	272	-704	16864	16.592	-42.944	1028.704	-240	
24061992	288	-704	16848	17.568	-42.944	1027.728	-240	
24101871	320	-736	16864	19.520	-44.896	1028.704	-272	
24141749	304	-720	16880	18.544	-43.920	1029.680	-272	
24181628	256	-736	16848	15.616	-44.896	1027.728	-256	
24221507	352	-736	16864	21.472	-44.896	1028.704	-208	
24261386	288	-688	16880	17.568	-41.968	1029.680	-272	
24301266	272	-736	16864	16.592	-44.896	1028.704	-256	
24341148	288	-736	16880	17.568	-44.896	1029.680	-288	
24381028	304	-704	16832	18.544	-42.944	1026.752	-224	
24420911	304	-688	16816	18.544	-41.968	1025.776	-208	
24460793	304	-720	16864	18.544	-43.920	1028.704	-224	
24500673	304	-688	16848	18.544	-41.968	1027.728	-272	
24540554	304	-720	16880	18.544	-43.920	1029.680	-288	
24580430	288	-720	16864	17.568	-43.920	1028.704	-224	
24620309	320	-720	16864	19.520	-43.920	1028.704	-192	
24660185	304	-704	16864	18.544	-42.944	1028.704	-224	
24700062	240	-720	16880	14.640	-43.920	1029.680	-256	
24739945	320	-720	16896	19.520	-43.920	1030.656	-304	
24779823	320	-704	16864	19.520	-42.944	1028.704	-256	
24819705	272	-720	16864	16.592	-43.920	1028.704	-208	
24859584	288	-736	16880	17.568	-44.896	1029.680	-208	
24899464	304	-688	16848	18.544	-41.968	1027.728	-240	
24939345	288	-672	16864	17.568	-40.992	1028.704	-288	
24979225	304	-720	16848	18.544	-43.920	1027.728	-240	
25019105	288	-688	16864	17.568	-41.968	1028.704	-272	
25058985	288	-720	16880	17.568	-43.920	1029.680	-192	
25098869	288	-688	16864	17.568	-41.968	1028.704	-272	
25138750	304	-752	16816	18.544	-45.872	1025.776	-288	
25178629	336	-704	16848	20.496	-42.944	1027.728	-224	
25218508	288	-672	16864	17.568	-40.992	1028.704	-208	
25258388	288	-688	16864	17.568	-41.968	1028.704	-208	
25298269	304	-720	16896	18.544	-43.920	1030.656	-256	
25338149	288	-672	16832	17.568	-40.992	1026.752	-208	
25378027	304	-720	16832	18.544	-43.920	1026.752	-208	
25417906	272	-768	16816	16.592	-46.848	1025.776	-272	
25457786	320	-688	16832	19.520	-41.968	1026.752	-256	
25497670	288	-736	16848	17.568	-44.896	1027.728	-256	
25537551	304	-720	16864	18.544	-43.920	1028.704	-192	
25577431	272	-688	16832	16.592	-41.968	1026.752	-224	
25617309	304	-704	16864	18.544	-42.944	1028.704	-288	
25657190	240	-752	16912	14.640	-45.872	1031.632	-304	
25697071	304	-704	16848	18.544	-42.944	1027.728	-208	
25736952	288	-704	16864	17.568	-42.944	1028.704	-192	
25776834	288	-720	16832	17.568	-43.920	1026.752	-224	
25816714	288	-704	16848	17.568	-42.944	1027.728	-240	
25856593	272	-736	16880	16.592	-44.896	1029.680	-304	
25896471	288	-720	16832	17.568	-43.920	1026.752	-240	
25936351	272	-672	16864	16.592	-40.992	1028.704	-192	
25976232	288	-736	16880	17.568	-44.896	1029.680	-208	
26016114	304	-704	16880	18.544	-42.944	1029.680	-240	
26055994	256	-720	16816	15.616	-43.920	1025.776	-288	
26095875	304	-736	16880	18.544	-44.896	1029.680	-256	
26135755	272	-720	16864	16.592	-43.920	1028.704	-256	
26175637	288	-720	16864	17.568	-43.920	1028.704	-224	
26215520	256	-704	16864	15.616	-42.944	1028.704	-288	
26255403	304	-720	16864	18.544	-43.920	1028.704	-272	
26295280	288	-672	16880	17.568	-40.992	1029.680	-272	
26335161	304	-656	16864	18.544	-40.016	1028.704	-256	
26375040	320	-736	16864	19.520	-44.896	1028.704	-240	
26414920	288	-704	16896	17.568	-42.944	1030.656	-272	
26454801	288	-688	16864	17.568	-41.968	1028.704	-256	
26494683	272	-720	16848	16.592	-43.920	1027.728	-272	
26534565	272	-720	16880	16.592	-43.920	1029.680	-272	
26574444	240	-720	16880	14.640	-43.920	1029.680	-240	
26614326	288	-704	16864	17.568	-42.944	1028.704	-288	
26654207	288	-688	16864	17.568	-41.968	1028.704	-192	
26694088	272	-704	16880	16.592	-42.944	1029.680	-272	
26733970	256	-736	16848	15.616	-44.896	1027.728	-272	
26773850	320	-736	16848	19.520	-44.896	1027.728	-224	
26813731	272	-688	16864	16.592	-41.968	1028.704	-256	
26853610	256	-688	16832	15.616	-41.968	1026.752	-176	
26893491	320	-704	16864	19.520	-42.944	1028.704	-240	
26933374	240	-656	16880	14.640	-40.016	1029.680	-240	
26973255	320	-720	16864	19.520	-43.920	1028.704	-272	
27013134	288	-720	16864	17.568	-43.920	1028.704	-256	
27053016	272	-704	16864	16.592	-42.944	1028.704	-192	
27092896	304	-720	16864	18.544	-43.920	1028.704	-240	
27132779	304	-768	16832	18.544	-46.848	1026.752	-304	
27172658	288	-720	16848	17.568	-43.920	1027.728	-304	
27212539	304	-736	16864	18.544	-44.896	1028.704	-256	
27252415	304	-704	16832	18.544	-42.944	1026.752	-240	
27292291	288	-720	16864	17.568	-43.920	1028.704	-256	
27332167	288	-736	16864	17.568	-44.896	1028.704	-240	
27372045	272	-768	16864	16.592	-46.848	1028.704	-256	
27411924	272	-720	16864	16.592	-43.920	1028.704	-240	
27451805	256	-736	16816	15.616	-44.896	1025.776	-224	
27491683	256	-704	16864	15.616	-42.944	1028.704	-224	
27531562	288	-704	16848	17.568	-42.944	1027.728	-272	
27571444	304	-704	16832	18.544	-42.944	1026.752	-288	
27611325	272	-688	16864	16.592	-41.968	1028.704	-256	
27651204	320	-736	16864	19.520	-44.896	1028.704	-272	
27691082	288	-720	16864	17.568	-43.920	1028.704	-240	
27730962	320	-672	16848	19.520	-40.992	1027.728	-240	
27770841	272	-720	16864	16.592	-43.920	1028.704	-256	
27810721	288	-704	16896	17.568	-42.944	1030.656	-256	
27850601	288	-688	16864	17.568	-41.968	1028.704	-224	
27890480	272	-704	16864	16.592	-42.944	1028.704	-256	
27930360	320	-704	16832	19.520	-42.944	1026.752	-240	
27970246	272	-736	16848	16.592	-44.896	1027.728	-176	
28010127	304	-720	16832	18.544	-43.920	1026.752	-256	
28050007	304	-704	16848	18.544	-42.944	1027.728	-240	
28089887	272	-704	16864	16.592	-42.944	1028.704	-240	
28129767	304	-704	16832	18.544	-42.944	1026.752	-224	
28169649	304	-736	16832	18.544	-44.896	1026.752	-192	
28209531	272	-736	16832	16.592	-44.896	1026.752	-256	
28249411	272	-736	16864	16.592	-44.896	1028.704	-224	
28289290	320	-656	16816	19.520	-40.016	1025.776	-256	
28329172	304	-720	16864	18.544	-43.920	1028.704	-224	
28369054	272	-704	16864	16.592	-42.944	1028.704	-192	
28408934	288	-736	16880	17.568	-44.896	1029.680	-240	
28448816	304	-656	16880	18.544	-40.016	1029.680	-240	
28488699	256	-688	16864	15.616	-41.968	1028.704	-272	
28528580	288	-720	16864	17.568	-43.920	1028.704	-224	
28568462	320	-704	16864	19.520	-42.944	1028.704	-240	
28608343	224	-704	16864	13.664	-42.944	1028.704	-224	
28648224	304	-736	16880	18.544	-44.896	1029.680	-224	
28688104	304	-720	16896	18.544	-43.920	1030.656	-272	
28727983	288	-736	16848	17.568	-44.896	1027.728	-224	
28767862	272	-736	16864	16.592	-44.896	1028.704	-240	
28807741	256	-704	16880	15.616	-42.944	1029.680	-224	
28847620	304	-736	16848	18.544	-44.896	1027.728	-256	
28887500	320	-688	16880	19.520	-41.968	1029.680	-304	
28927379	304	-736	16848	18.544	-44.896	1027.728	-240	
28967257	288	-688	16832	17.568	-41.968	1026.752	-256	
29007137	304	-768	16832	18.544	-46.848	1026.752	-208	
29047018	272	-720	16864	16.592	-43.920	1028.704	-256	
29086898	240	-752	16880	14.640	-45.872	1029.680	-240	
29126779	240	-720	16848	14.640	-43.920	1027.728	-208	
29166659	256	-720	16864	15.616	-43.920	1028.704	-240	
29206542	304	-736	16864	18.544	-44.896	1028.704	-256	
29246421	240	-720	16880	14.640	-43.920	1029.680	-272	
29286302	320	-720	16928	19.520	-43.920	1032.608	-176	
29326178	336	-704	16832	20.496	-42.944	1026.752	-240	
29366058	304	-720	16896	18.544	-43.920	1030.656	-224	
29405937	304	-736	16832	18.544	-44.896	1026.752	-224	
29445816	240	-704	16864	14.640	-42.944	1028.704	-224	
29485696	288	-688	16864	17.568	-41.968	1028.704	-176	
29525576	288	-752	16880	17.568	-45.872	1029.680	-240	
29565456	256	-704	16864	15.616	-42.944	1028.704	-272	
29605335	272	-704	16880	16.592	-42.944	1029.680	-256	
29645210	256	-672	16848	15.616	-40.992	1027.728	-224	
29685088	272	-704	16864	16.592	-42.944	1028.704	-176	
29724969	304	-720	16864	18.544	-43.920	1028.704	-208	
29764848	288	-688	16848	17.568	-41.968	1027.728	-208	
29804728	256	-704	16880	15.616	-42.944	1029.680	-304	
29844606	304	-688	16864	18.544	-41.968	1028.704	-256	
29884485	272	-736	16880	16.592	-44.896	1029.680	-208	
29924364	288	-720	16880	17.568	-43.920	1029.680	-224	
29964243	320	-704	16832	19.520	-42.944	1026.752	-256	
30004123	288	-704	16848	17.568	-42.944	1027.728	-288	
30044002	288	-736	16880	17.568	-44.896	1029.680	-240	
30083883	288	-672	16880	17.568	-40.992	1029.680	-272	
30123764	272	-720	16848	16.592	-43.920	1027.728	-208	
30163647	304	-720	16832	18.544	-43.920	1026.752	-224	
30203528	304	-688	16864	18.544	-41.968	1028.704	-304	
30243407	288	-720	16896	17.568	-43.920	1030.656	-256	
30283288	288	-688	16864	17.568	-41.968	1028.704	-256	
30323167	272	-704	16832	16.592	-42.944	1026.752	-224	
30363048	272	-688	16848	16.592	-41.968	1027.728	-240	
30402928	272	-720	16880	16.592	-43.920	1029.680	-240	
30442807	256	-720	16832	15.616	-43.920	1026.752	-208	
30482688	304	-672	16880	18.544	-40.992	1029.680	-256	
30522569	304	-736	16880	18.544	-44.896	1029.680	-208	
30562451	304	-752	16832	18.544	-45.872	1026.752	-256	
30602334	288	-752	16848	17.568	-45.872	1027.728	-192	
30642214	288	-704	16848	17.568	-42.944	1027.728	-240	
30682097	352	-704	16864	21.472	-42.944	1028.704	-240	
30721979	272	-768	16832	16.592	-46.848	1026.752	-256	
30761861	272	-720	16848	16.592	-43.920	1027.728	-256	
30801745	272	-704	16864	16.592	-42.944	1028.704	-192	
30841631	320	-752	16864	19.520	-45.872	1028.704	-272	
30881512	288	-704	16816	17.568	-42.944	1025.776	-256	
30921392	304	-704	16896	18.544	-42.944	1030.656	-256	
30961275	304	-704	16848	18.544	-42.944	1027.728	-240	
31001156	288	-704	16832	17.568	-42.944	1026.752	-160	
31041035	304	-720	16864	18.544	-43.920	1028.704	-240	
31080914	336	-688	16832	20.496	-41.968	1026.752	-256	
31120793	304	-720	16880	18.544	-43.920	1029.680	-272	
31160674	304	-704	16864	18.544	-42.944	1028.704	-256	
31200553	288	-704	16848	17.568	-42.944	1027.728	-208	
31240432	288	-720	16864	17.568	-43.920	1028.704	-192	
31280311	288	-688	16832	17.568	-41.968	1026.752	-224	
31320192	272	-736	16864	16.592	-44.896	1028.704	-288	
31360074	304	-736	16880	18.544	-44.896	1029.680	-224	
31399952	240	-704	16800	14.640	-42.944	1024.800	-256	
31439834	272	-736	16864	16.592	-44.896	1028.704	-208	
31479714	320	-720	16880	19.520	-43.920	1029.680	-256	
31519595	288	-672	16864	17.568	-40.992	1028.704	-272	
31559478	304	-704	16880	18.544	-42.944	1029.680	-240	
31599358	288	-736	16864	17.568	-44.896	1028.704	-240	
31639239	304	-704	16864	18.544	-42.944	1028.704	-224	
31679121	288	-672	16896	17.568	-40.992	1030.656	-272	
31719003	272	-720	16848	16.592	-43.920	1027.728	-256	
31758882	320	-720	16864	19.520	-43.920	1028.704	-224	
31798762	240	-688	16864	14.640	-41.968	1028.704	-288	
31838643	288	-704	16832	17.568	-42.944	1026.752	-208	
31878524	288	-720	16864	17.568	-43.920	1028.704	-208	
31918406	272	-704	16864	16.592	-42.944	1028.704	-208	
31958288	272	-736	16864	16.592	-44.896	1028.704	-208	
31998171	304	-656	16848	18.544	-40.016	1027.728	-240	
32038052	288	-704	16880	17.568	-42.944	1029.680	-208	
32077933	256	-704	16880	15.616	-42.944	1029.680	-240	
32117814	256	-672	16880	15.616	-40.992	1029.680	-176	
32157695	272	-688	16880	16.592	-41.968	1029.680	-224	
32197576	304	-768	16896	18.544	-46.848	1030.656	-240	
32237457	304	-704	16880	18.544	-42.944	1029.680	-272	
32277339	336	-736	16880	20.496	-44.896	1029.680	-240	
32317221	272	-704	16864	16.592	-42.944	1028.704	-144	
32357102	272	-688	16864	16.592	-41.968	1028.704	-224	
32396980	272	-688	16848	16.592	-41.968	1027.728	-240	
32436857	288	-720	16864	17.568	-43.920	1028.704	-304	
32476737	304	-736	16832	18.544	-44.896	1026.752	-256	
32516617	256	-720	16832	15.616	-43.920	1026.752	-208	
32556496	288	-704	16880	17.568	-42.944	1029.680	-208	
32596377	288	-736	16832	17.568	-44.896	1026.752	-272	
32636256	288	-688	16816	17.568	-41.968	1025.776	-272	
32676139	304	-704	16880	18.544	-42.944	1029.680	-240	
32716020	288	-704	16880	17.568	-42.944	1029.680	-224	
32755903	272	-688	16864	16.592	-41.968	1028.704	-208	
32795781	256	-704	16848	15.616	-42.944	1027.728	-256	
32835662	304	-688	16832	18.544	-41.968	1026.752	-272	
32875545	304	-736	16896	18.544	-44.896	1030.656	-240	
32915426	288	-720	16896	17.568	-43.920	1030.656	-240	
32955308	272	-704	16928	16.592	-42.944	1032.608	-240	
32995190	336	-736	16848	20.496	-44.896	1027.728	-240	
33035071	304	-720	16864	18.544	-43.920	1028.704	-288	
33074948	288	-672	16864	17.568	-40.992	1028.704	-240	
33114828	320	-656	16848	19.520	-40.016	1027.728	-256	
33154709	288	-688	16864	17.568	-41.968	1028.704	-208	
33194589	272	-704	16880	16.592	-42.944	1029.680	-240	
33234471	272	-704	16864	16.592	-42.944	1028.704	-208	
33274353	288	-688	16832	17.568	-41.968	1026.752	-224	
33314235	288	-640	16800	17.568	-39.040	1024.800	-256	
33354116	288	-736	16896	17.568	-44.896	1030.656	-256	
33393995	272	-720	16864	16.592	-43.920	1028.704	-240	
33433876	272	-704	16832	16.592	-42.944	1026.752	-176	
33473754	272	-736	16864	16.592	-44.896	1028.704	-224	
33513636	288	-688	16880	17.568	-41.968	1029.680	-240	
33553519	288	-672	16864	17.568	-40.992	1028.704	-224	
33593397	304	-720	16880	18.544	-43.920	1029.680	-240	
33633278	320	-736	16864	19.520	-44.896	1028.704	-176	
33673161	320	-736	16864	19.520	-44.896	1028.704	-192	
33713043	320	-688	16832	19.520	-41.968	1026.752	-240	
33752927	304	-736	16864	18.544	-44.896	1028.704	-288	
33792810	256	-736	16832	15.616	-44.896	1026.752	-224	
33832693	272	-704	16832	16.592	-42.944	1026.752	-240	
33872575	288	-720	16832	17.568	-43.920	1026.752	-208	
33912458	320	-688	16864	19.520	-41.968	1028.704	-256	
33952337	336	-736	16864	20.496	-44.896	1028.704	-272	
33992220	288	-720	16832	17.568	-43.920	1026.752	-240	
34032101	304	-736	16832	18.544	-44.896	1026.752	-240	
34071980	304	-736	16848	18.544	-44.896	1027.728	-208	
34111858	304	-672	16864	18.544	-40.992	1028.704	-256	
34151739	304	-704	16816	18.544	-42.944	1025.776	-288	
34191618	336	-752	16800	20.496	-45.872	1024.800	-256	
34231498	304	-704	16864	18.544	-42.944	1028.704	-208	
34271378	304	-736	16848	18.544	-44.896	1027.728	-240	
34311258	320	-736	16880	19.520	-44.896	1029.680	-256	
34351137	272	-720	16880	16.592	-43.920	1029.680	-272	
34391015	304	-768	16832	18.544	-46.848	1026.752	-224	
34430895	320	-720	16832	19.520	-43.920	1026.752	-272	
34470776	272	-688	16864	16.592	-41.968	1028.704	-240	
34510655	304	-672	16896	18.544	-40.992	1030.656	-272	
34550534	256	-704	16848	15.616	-42.944	1027.728	-208	
34590413	320	-736	16816	19.520	-44.896	1025.776	-224	
34630293	320	-688	16864	19.520	-41.968	1028.704	-240	
34670174	288	-704	16864	17.568	-42.944	1028.704	-224	
34710053	304	-720	16832	18.544	-43.920	1026.752	-256	
34749935	304	-720	16816	18.544	-43.920	1025.776	-208	
34789815	288	-704	16864	17.568	-42.944	1028.704	-240	
34829692	368	-704	16832	22.448	-42.944	1026.752	-272	
34869570	304	-720	16864	18.544	-43.920	1028.704	-256	
34909449	304	-704	16832	18.544	-42.944	1026.752	-224	
34949329	320	-720	16800	19.520	-43.920	1024.800	-208	
34989208	336	-752	16864	20.496	-45.872	1028.704	-224	
35029087	304	-672	16832	18.544	-40.992	1026.752	-240	
35068965	320	-704	16832	19.520	-42.944	1026.752	-272	
35108846	272	-720	16864	16.592	-43.920	1028.704	-240	
35148728	320	-704	16864	19.520	-42.944	1028.704	-176	
35188608	304	-704	16880	18.544	-42.944	1029.680	-240	
35228488	320	-736	16832	19.520	-44.896	1026.752	-208	
35268369	272	-688	16864	16.592	-41.968	1028.704	-256	
35308249	240	-704	16848	14.640	-42.944	1027.728	-256	
35348130	320	-752	16848	19.520	-45.872	1027.728	-192	
35388008	320	-752	16864	19.520	-45.872	1028.704	-240	
35427890	320	-704	16832	19.520	-42.944	1026.752	-256	
35467773	320	-704	16816	19.520	-42.944	1025.776	-272	
35507655	288	-688	16848	17.568	-41.968	1027.728	-208	
35547534	304	-704	16880	18.544	-42.944	1029.680	-272	
35587414	288	-720	16848	17.568	-43.920	1027.728	-208	
35627295	288	-672	16832	17.568	-40.992	1026.752	-256	
35667174	320	-736	16864	19.520	-44.896	1028.704	-288	
35707052	304	-720	16816	18.544	-43.920	1025.776	-240	
35746932	304	-736	16880	18.544	-44.896	1029.680	-224	
35786808	288	-720	16832	17.568	-43.920	1026.752	-224	
35826682	304	-656	16800	18.544	-40.016	1024.800	-208	
35866560	304	-688	16800	18.544	-41.968	1024.800	-224	
35906436	304	-704	16832	18.544	-42.944	1026.752	-208	
35946313	304	-720	16848	18.544	-43.920	1027.728	-224	
35986190	288	-688	16848	17.568	-41.968	1027.728	-256	
36026068	320	-720	16816	19.520	-43.920	1025.776	-224	
36065945	288	-704	16816	17.568	-42.944	1025.776	-160	
36105824	256	-672	16880	15.616	-40.992	1029.680	-256	
36145703	320	-720	16864	19.520	-43.920	1028.704	-240	
36185581	304	-720	16864	18.544	-43.920	1028.704	-256	
36225459	304	-720	16832	18.544	-43.920	1026.752	-240	
36265339	272	-720	16848	16.592	-43.920	1027.728	-192	
36305218	288	-752	16864	17.568	-45.872	1028.704	-224	
36345096	288	-688	16816	17.568	-41.968	1025.776	-256	
36384974	336	-704	16816	20.496	-42.944	1025.776	-288	
36424853	320	-704	16832	19.520	-42.944	1026.752	-224	
36464733	288	-704	16864	17.568	-42.944	1028.704	-224	
36504614	320	-656	16896	19.520	-40.016	1030.656	-240	
36544492	304	-736	16864	18.544	-44.896	1028.704	-240	
36584373	304	-752	16848	18.544	-45.872	1027.728	-256	
36624252	288	-704	16848	17.568	-42.944	1027.728	-224	
36664129	336	-720	16864	20.496	-43.920	1028.704	-256	
36704007	288	-704	16816	17.568	-42.944	1025.776	-240	
36743887	304	-768	16848	18.544	-46.848	1027.728	-256	
36783768	304	-704	16800	18.544	-42.944	1024.800	-304	
36823649	272	-784	16864	16.592	-47.824	1028.704	-288	
36863527	304	-688	16864	18.544	-41.968	1028.704	-256	
36903405	352	-752	16864	21.472	-45.872	1028.704	-224	
36943284	272	-704	16864	16.592	-42.944	1028.704	-224	
36983164	304	-704	16896	18.544	-42.944	1030.656	-240	
37023043	336	-768	16864	20.496	-46.848	1028.704	-240	
37062919	304	-704	16800	18.544	-42.944	1024.800	-272	
37102800	304	-704	16864	18.544	-42.944	1028.704	-208	
37142679	288	-704	16832	17.568	-42.944	1026.752	-256	
37182560	320	-720	16816	19.520	-43.920	1025.776	-208	
37222439	320	-704	16848	19.520	-42.944	1027.728	-240	
37262322	336	-736	16816	20.496	-44.896	1025.776	-256	
37302201	288	-704	16864	17.568	-42.944	1028.704	-240	
37342082	304	-720	16832	18.544	-43.920	1026.752	-256	
37381961	304	-736	16864	18.544	-44.896	1028.704	-192	
37421843	272	-720	16848	16.592	-43.920	1027.728	-192	
37461724	304	-704	16848	18.544	-42.944	1027.728	-256	
37501606	320	-736	16864	19.520	-44.896	1028.704	-272	
37541486	320	-736	16912	19.520	-44.896	1031.632	-224	
37581366	256	-704	16864	15.616	-42.944	1028.704	-208	
37621247	288	-704	16848	17.568	-42.944	1027.728	-240	
37661127	272	-720	16848	16.592	-43.920	1027.728	-272	
37701006	304	-736	16832	18.544	-44.896	1026.752	-224	
37740885	320	-704	16848	19.520	-42.944	1027.728	-256	
37780766	320	-704	16864	19.520	-42.944	1028.704	-192	
37820646	224	-704	16864	13.664	-42.944	1028.704	-240	
37860525	304	-720	16800	18.544	-43.920	1024.800	-256	
37900406	288	-736	16864	17.568	-44.896	1028.704	-256	
37940287	288	-736	16864	17.568	-44.896	1028.704	-256	
37980165	320	-672	16864	19.520	-40.992	1028.704	-224	
38020043	288	-720	16832	17.568	-43.920	1026.752	-224	
38059922	272	-672	16800	16.592	-40.992	1024.800	-208	
38099800	288	-704	16864	17.568	-42.944	1028.704	-272	
38139676	320	-736	16816	19.520	-44.896	1025.776	-256	
38179555	272	-720	16864	16.592	-43.920	1028.704	-272	
38219435	320	-688	16832	19.520	-41.968	1026.752	-208	
38259318	256	-752	16832	15.616	-45.872	1026.752	-256	
38299195	304	-688	16816	18.544	-41.968	1025.776	-272	
38339070	304	-752	16832	18.544	-45.872	1026.752	-256	
38378948	320	-720	16848	19.520	-43.920	1027.728	-240	
38418828	320	-720	16880	19.520	-43.920	1029.680	-208	
38458709	320	-704	16832	19.520	-42.944	1026.752	-272	
38498588	320	-752	16832	19.520	-45.872	1026.752	-208	
38538466	320	-704	16864	19.520	-42.944	1028.704	-240	
38578342	320	-688	16816	19.520	-41.968	1025.776	-256	
38618219	272	-704	16864	16.592	-42.944	1028.704	-224	
38658101	288	-704	16864	17.568	-42.944	1028.704	-240	
38697980	272	-704	16800	16.592	-42.944	1024.800	-208	
38737859	272	-736	16848	16.592	-44.896	1027.728	-272	
38777739	288	-688	16848	17.568	-41.968	1027.728	-272	
38817619	320	-688	16848	19.520	-41.968	1027.728	-240	
38857498	304	-720	16832	18.544	-43.920	1026.752	-224	
38897371	304	-752	16864	18.544	-45.872	1028.704	-192	
38937252	288	-688	16864	17.568	-41.968	1028.704	-224	
38977132	336	-720	16800	20.496	-43.920	1024.800	-256	
39017009	320	-720	16880	19.520	-43.920	1029.680	-256	
39056887	272	-704	16816	16.592	-42.944	1025.776	-304	
39096766	288	-704	16864	17.568	-42.944	1028.704	-192	
39136644	304	-704	16832	18.544	-42.944	1026.752	-240	
39176525	304	-688	16832	18.544	-41.968	1026.752	-240	
39216405	320	-736	16864	19.520	-44.896	1028.704	-256	
39256284	320	-704	16864	19.520	-42.944	1028.704	-256	
39296167	320	-736	16848	19.520	-44.896	1027.728	-224	
39336048	320	-752	16864	19.520	-45.872	1028.704	-240	
39375929	224	-720	16832	13.664	-43.920	1026.752	-240	
39415807	320	-736	16848	19.520	-44.896	1027.728	-304	
39455685	304	-720	16848	18.544	-43.920	1027.728	-224	
39495565	288	-688	16864	17.568	-41.968	1028.704	-240	
39535443	288	-720	16864	17.568	-43.920	1028.704	-176	
39575322	288	-736	16832	17.568	-44.896	1026.752	-256	
39615202	240	-752	16848	14.640	-45.872	1027.728	-288	
39655083	320	-688	16896	19.520	-41.968	1030.656	-240	
39694964	272	-720	16864	16.592	-43.920	1028.704	-240	
39734846	304	-704	16832	18.544	-42.944	1026.752	-256	
39774723	304	-752	16896	18.544	-45.872	1030.656	-288	
39814604	288	-720	16864	17.568	-43.920	1028.704	-240	
39854482	320	-720	16864	19.520	-43.920	1028.704	-304	
39894360	352	-688	16864	21.472	-41.968	1028.704	-256	
39934238	272	-736	16816	16.592	-44.896	1025.776	-224	
39974116	288	-688	16848	17.568	-41.968	1027.728	-256	
40013995	288	-704	16864	17.568	-42.944	1028.704	-224	
40053872	304	-784	16864	18.544	-47.824	1028.704	-224	
40093752	272	-736	16864	16.592	-44.896	1028.704	-240	
40133632	256	-704	16864	15.616	-42.944	1028.704	-224	
40173512	352	-720	16864	21.472	-43.920	1028.704	-256	
40213395	272	-704	16864	16.592	-42.944	1028.704	-192	
40253273	256	-752	16864	15.616	-45.872	1028.704	-224	
40293154	272	-688	16848	16.592	-41.968	1027.728	-240	
40333033	288	-720	16864	17.568	-43.920	1028.704	-304	
40372911	272	-688	16864	16.592	-41.968	1028.704	-224	
40412791	320	-704	16864	19.520	-42.944	1028.704	-192	
40452669	256	-704	16880	15.616	-42.944	1029.680	-256	
40492548	304	-704	16864	18.544	-42.944	1028.704	-256	
40532426	272	-704	16816	16.592	-42.944	1025.776	-288	
40572305	288	-704	16864	17.568	-42.944	1028.704	-224	
40612185	256	-688	16832	15.616	-41.968	1026.752	-224	
40652065	336	-752	16880	20.496	-45.872	1029.680	-224	
40691945	288	-688	16848	17.568	-41.968	1027.728	-240	
40731822	256	-704	16880	15.616	-42.944	1029.680	-336	
40771699	320	-720	16896	19.520	-43.920	1030.656	-256	
40811577	320	-720	16832	19.520	-43.920	1026.752	-256	
40851452	288	-720	16864	17.568	-43.920	1028.704	-224	
40891328	304	-720	16832	18.544	-43.920	1026.752	-224	
40931206	304	-720	16848	18.544	-43.920	1027.728	-256	
40971087	336	-736	16848	20.496	-44.896	1027.728	-224	
41010968	288	-704	16864	17.568	-42.944	1028.704	-256	
41050848	336	-720	16848	20.496	-43.920	1027.728	-240	
41090729	304	-688	16864	18.544	-41.968	1028.704	-224	
41130610	272	-736	16864	16.592	-44.896	1028.704	-208	
41170492	288	-704	16864	17.568	-42.944	1028.704	-240	
41210375	304	-736	16864	18.544	-44.896	1028.704	-240	
41250257	288	-720	16864	17.568	-43.920	1028.704	-240	
41290139	320	-736	16800	19.520	-44.896	1024.800	-224	
41330018	304	-704	16816	18.544	-42.944	1025.776	-208	
41369899	272	-672	16864	16.592	-40.992	1028.704	-208	
41409778	320	-672	16864	19.520	-40.992	1028.704	-256	
41449658	304	-736	16880	18.544	-44.896	1029.680	-240	
41489536	320	-704	16880	19.520	-42.944	1029.680	-240	
41529416	320	-720	16832	19.520	-43.920	1026.752	-192	
41569293	304	-752	16832	18.544	-45.872	1026.752	-240	
41609173	288	-720	16864	17.568	-43.920	1028.704	-256	
41649050	256	-720	16848	15.616	-43.920	1027.728	-272	
41688930	256	-704	16832	15.616	-42.944	1026.752	-272	
41728807	288	-752	16832	17.568	-45.872	1026.752	-224	
41768688	304	-704	16864	18.544	-42.944	1028.704	-224	
41808566	272	-704	16880	16.592	-42.944	1029.680	-240	
41848447	304	-736	16816	18.544	-44.896	1025.776	-272	
41888325	288	-720	16864	17.568	-43.920	1028.704	-256	
41928203	304	-688	16880	18.544	-41.968	1029.680	-240	
41968082	272	-720	16848	16.592	-43.920	1027.728	-240	
42007959	256	-752	16896	15.616	-45.872	1030.656	-240	
42047840	288	-704	16832	17.568	-42.944	1026.752	-272	
42087718	240	-688	16864	14.640	-41.968	1028.704	-240	
42127594	272	-688	16864	16.592	-41.968	1028.704	-256	
42167473	240	-656	16864	14.640	-40.016	1028.704	-240	
42207351	256	-688	16848	15.616	-41.968	1027.728	-256	
42247233	288	-752	16848	17.568	-45.872	1027.728	-288	
42287115	272	-672	16864	16.592	-40.992	1028.704	-256	
42326996	288	-704	16832	17.568	-42.944	1026.752	-272	
42366877	256	-752	16864	15.616	-45.872	1028.704	-240	
42406758	256	-704	16864	15.616	-42.944	1028.704	-224	
42446638	304	-752	16864	18.544	-45.872	1028.704	-208	
42486517	288	-704	16880	17.568	-42.944	1029.680	-240	
42526393	304	-720	16864	18.544	-43.920	1028.704	-272	
42566273	272	-720	16896	16.592	-43.920	1030.656	-208	
42606153	288	-736	16864	17.568	-44.896	1028.704	-256	
42646032	272	-736	16880	16.592	-44.896	1029.680	-224	
42685914	272	-720	16880	16.592	-43.920	1029.680	-256	
42725794	288	-704	16848	17.568	-42.944	1027.728	-240	
42765674	320	-704	16880	19.520	-42.944	1029.680	-240	
42805554	288	-720	16832	17.568	-43.920	1026.752	-256	
42845432	272	-704	16880	16.592	-42.944	1029.680	-192	
42885311	272	-672	16848	16.592	-40.992	1027.728	-240	
42925191	304	-704	16864	18.544	-42.944	1028.704	-272	
42965069	288	-704	16896	17.568	-42.944	1030.656	-272	
43004949	320	-720	16880	19.520	-43.920	1029.680	-256	
43044831	288	-672	16880	17.568	-40.992	1029.680	-208	
43084710	288	-752	16864	17.568	-45.872	1028.704	-224	
43124591	304	-704	16864	18.544	-42.944	1028.704	-256	
43164470	272	-752	16864	16.592	-45.872	1028.704	-288	
43204351	288	-736	16832	17.568	-44.896	1026.752	-240	
43244235	288	-720	16880	17.568	-43.920	1029.680	-224	
43284116	288	-720	16880	17.568	-43.920	1029.680	-208	
43323993	272	-768	16864	16.592	-46.848	1028.704	-240	
43363874	304	-736	16896	18.544	-44.896	1030.656	-272	
43403754	240	-704	16880	14.640	-42.944	1029.680	-272	
43443633	336	-704	16848	20.496	-42.944	1027.728	-256	
43483513	304	-720	16880	18.544	-43.920	1029.680	-208	
43523393	288	-720	16832	17.568	-43.920	1026.752	-256	
43563274	288	-752	16800	17.568	-45.872	1024.800	-272	
43603158	288	-736	16864	17.568	-44.896	1028.704	-240	
43643039	304	-688	16864	18.544	-41.968	1028.704	-272	
43682920	304	-704	16896	18.544	-42.944	1030.656	-192	
43722800	288	-704	16848	17.568	-42.944	1027.728	-240	
43762681	272	-720	16816	16.592	-43.920	1025.776	-256	
43802561	272	-688	16864	16.592	-41.968	1028.704	-208	
43842442	304	-736	16848	18.544	-44.896	1027.728	-272	
43882324	288	-736	16848	17.568	-44.896	1027.728	-208	
43922205	288	-720	16848	17.568	-43.920	1027.728	-256	
43962085	288	-688	16864	17.568	-41.968	1028.704	-240	
44001966	304	-736	16848	18.544	-44.896	1027.728	-224	
44041846	336	-720	16864	20.496	-43.920	1028.704	-272	
44081723	320	-736	16832	19.520	-44.896	1026.752	-240	
44121603	288	-736	16880	17.568	-44.896	1029.680	-256	
44161482	304	-720	16880	18.544	-43.920	1029.680	-176	
44201361	272	-688	16880	16.592	-41.968	1029.680	-224	
44241242	272	-736	16816	16.592	-44.896	1025.776	-240	
44281123	304	-688	16832	18.544	-41.968	1026.752	-272	
44321003	256	-688	16864	15.616	-41.968	1028.704	-208	
44360881	272	-688	16848	16.592	-41.968	1027.728	-192	
44400759	288	-704	16864	17.568	-42.944	1028.704	-240	
44440639	288	-704	16896	17.568	-42.944	1030.656	-272	
44480517	288	-720	16896	17.568	-43.920	1030.656	-288	
44520395	288	-704	16832	17.568	-42.944	1026.752	-208	
44560273	240	-688	16896	14.640	-41.968	1030.656	-224	
44600152	224	-704	16864	13.664	-42.944	1028.704	-224	
44640031	304	-688	16864	18.544	-41.968	1028.704	-240	
44679910	272	-704	16864	16.592	-42.944	1028.704	-272	
44719791	288	-736	16832	17.568	-44.896	1026.752	-224	
44759672	256	-720	16864	15.616	-43.920	1028.704	-256	
44799552	256	-720	16864	15.616	-43.920	1028.704	-192	
44839432	272	-688	16864	16.592	-41.968	1028.704	-240	
44879311	304	-736	16832	18.544	-44.896	1026.752	-256	
44919188	304	-704	16864	18.544	-42.944	1028.704	-224	
44959063	256	-688	16848	15.616	-41.968	1027.728	-272	
44998943	320	-720	16832	19.520	-43.920	1026.752	-256	
45038823	304	-720	16864	18.544	-43.920	1028.704	-272	
45078702	272	-736	16848	16.592	-44.896	1027.728	-240	
45118582	304	-720	16848	18.544	-43.920	1027.728	-224	
45158461	320	-720	16880	19.520	-43.920	1029.680	-240	
45198342	256	-720	16848	15.616	-43.920	1027.728	-224	
45238221	256	-768	16832	15.616	-46.848	1026.752	-272	
45278101	320	-672	16880	19.520	-40.992	1029.680	-192	
45317979	304	-720	16848	18.544	-43.920	1027.728	-208	
45357856	304	-688	16880	18.544	-41.968	1029.680	-256	
45397733	320	-704	16832	19.520	-42.944	1026.752	-240	
45437609	320	-704	16800	19.520	-42.944	1024.800	-256	
45477485	288	-688	16880	17.568	-41.968	1029.680	-176	
45517362	304	-752	16864	18.544	-45.872	1028.704	-208	
45557242	304	-736	16832	18.544	-44.896	1026.752	-240	
45597120	288	-704	16864	17.568	-42.944	1028.704	-288	
45637000	256	-752	16864	15.616	-45.872	1028.704	-208	
45676880	272	-688	16848	16.592	-41.968	1027.728	-208	
45716755	272	-736	16880	16.592	-44.896	1029.680	-240	
45756634	272	-720	16848	16.592	-43.920	1027.728	-272	
45796513	288	-720	16832	17.568	-43.920	1026.752	-304	
45836396	256	-688	16848	15.616	-41.968	1027.728	-256	
45876276	304	-704	16880	18.544	-42.944	1029.680	-224	
45916158	288	-736	16896	17.568	-44.896	1030.656	-240	
45956037	256	-704	16880	15.616	-42.944	1029.680	-272	
45995914	256	-720	16864	15.616	-43.920	1028.704	-288	
46035791	272	-720	16864	16.592	-43.920	1028.704	-256	
46075670	336	-720	16832	20.496	-43.920	1026.752	-288	
46115550	320	-688	16848	19.520	-41.968	1027.728	-256	
46155429	272	-688	16848	16.592	-41.968	1027.728	-240	
46195309	288	-736	16880	17.568	-44.896	1029.680	-304	
46235187	304	-736	16864	18.544	-44.896	1028.704	-208	
46275066	256	-688	16832	15.616	-41.968	1026.752	-224	
46314944	288	-720	16912	17.568	-43.920	1031.632	-192	
46354822	272	-704	16864	16.592	-42.944	1028.704	-240	
46394702	288	-736	16864	17.568	-44.896	1028.704	-240	
46434580	288	-688	16864	17.568	-41.968	1028.704	-256	
46474458	288	-704	16864	17.568	-42.944	1028.704	-240	
46514337	240	-768	16880	14.640	-46.848	1029.680	-224	
46554213	304	-720	16832	18.544	-43.920	1026.752	-256	
46594092	320	-720	16864	19.520	-43.920	1028.704	-176	
46633972	304	-704	16800	18.544	-42.944	1024.800	-224	
46673848	288	-704	16816	17.568	-42.944	1025.776	-288	
46713724	272	-672	16896	16.592	-40.992	1030.656	-272	
46753604	240	-688	16864	14.640	-41.968	1028.704	-256	
46793484	272	-704	16880	16.592	-42.944	1029.680	-144	
46833364	272	-752	16864	16.592	-45.872	1028.704	-272	
46873246	304	-720	16864	18.544	-43.920	1028.704	-208	
46913122	272	-736	16816	16.592	-44.896	1025.776	-240	
46953000	288	-736	16880	17.568	-44.896	1029.680	-256	
46992880	288	-720	16848	17.568	-43.920	1027.728	-192	
47032759	288	-704	16912	17.568	-42.944	1031.632	-224	
47072637	320	-752	16848	19.520	-45.872	1027.728	-224	
47112516	256	-736	16880	15.616	-44.896	1029.680	-304	
47152395	272	-720	16864	16.592	-43.920	1028.704	-208	
47192275	240	-752	16864	14.640	-45.872	1028.704	-240	
47232154	256	-720	16880	15.616	-43.920	1029.680	-192	
47272033	336	-736	16848	20.496	-44.896	1027.728	-256	
47311914	272	-736	16880	16.592	-44.896	1029.680	-272	
47351792	288	-720	16864	17.568	-43.920	1028.704	-256	
47391669	304	-704	16864	18.544	-42.944	1028.704	-288	
47431546	256	-720	16864	15.616	-43.920	1028.704	-240	
47471424	288	-720	16864	17.568	-43.920	1028.704	-240	
47511305	304	-704	16864	18.544	-42.944	1028.704	-256	
47551186	320	-704	16864	19.520	-42.944	1028.704	-240	
47591067	272	-688	16896	16.592	-41.968	1030.656	-272	
47630946	288	-784	16880	17.568	-47.824	1029.680	-256	
47670828	272	-720	16816	16.592	-43.920	1025.776	-240	
47710707	288	-720	16880	17.568	-43.920	1029.680	-240	
47750583	304	-720	16896	18.544	-43.920	1030.656	-208	
47790465	288	-688	16912	17.568	-41.968	1031.632	-256	
47830345	288	-752	16864	17.568	-45.872	1028.704	-224	
47870225	272	-688	16864	16.592	-41.968	1028.704	-208	
47910106	256	-672	16848	15.616	-40.992	1027.728	-176	
47949986	288	-704	16832	17.568	-42.944	1026.752	-224	
47989865	240	-720	16912	14.640	-43.920	1031.632	-272	
48029743	272	-704	16880	16.592	-42.944	1029.680	-208	
48069625	272	-688	16864	16.592	-41.968	1028.704	-224	
48109508	272	-752	16864	16.592	-45.872	1028.704	-176	
48149388	272	-768	16864	16.592	-46.848	1028.704	-240	
48189269	272	-720	16864	16.592	-43.920	1028.704	-288	
48229147	288	-736	16864	17.568	-44.896	1028.704	-288	
48269025	224	-720	16848	13.664	-43.920	1027.728	-224	
48308906	288	-688	16880	17.568	-41.968	1029.680	-176	
48348788	288	-720	16896	17.568	-43.920	1030.656	-272	
48388667	288	-704	16864	17.568	-42.944	1028.704	-256	
48428546	304	-752	16832	18.544	-45.872	1026.752	-288	
48468424	272	-720	16848	16.592	-43.920	1027.728	-240	
48508302	320	-704	16880	19.520	-42.944	1029.680	-240	
48548178	272	-768	16864	16.592	-46.848	1028.704	-224	
48588057	304	-704	16880	18.544	-42.944	1029.680	-272	
48627936	288	-688	16880	17.568	-41.968	1029.680	-288	
48667813	288	-704	16880	17.568	-42.944	1029.680	-240	
48707693	272	-704	16864	16.592	-42.944	1028.704	-256	
48747571	320	-704	16832	19.520	-42.944	1026.752	-240	
48787453	320	-688	16848	19.520	-41.968	1027.728	-240	
48827332	304	-704	16896	18.544	-42.944	1030.656	-288	
48867213	288	-704	16864	17.568	-42.944	1028.704	-256	
48907093	288	-736	16864	17.568	-44.896	1028.704	-240	
48946974	288	-752	16864	17.568	-45.872	1028.704	-256	
48986856	288	-752	16832	17.568	-45.872	1026.752	-240	
49026736	288	-672	16848	17.568	-40.992	1027.728	-208	
49066617	288	-720	16784	17.568	-43.920	1023.824	-256	
49106495	256	-736	16896	15.616	-44.896	1030.656	-272	
49146375	304	-704	16864	18.544	-42.944	1028.704	-256	
49186254	288	-704	16896	17.568	-42.944	1030.656	-288	
49226134	288	-688	16848	17.568	-41.968	1027.728	-192	
49266014	288	-720	16848	17.568	-43.920	1027.728	-256	
49305890	304	-720	16864	18.544	-43.920	1028.704	-288	
49345772	304	-720	16864	18.544	-43.920	1028.704	-272	
49385654	320	-704	16864	19.520	-42.944	1028.704	-240	
49425535	304	-672	16912	18.544	-40.992	1031.632	-176	
49465416	272	-688	16896	16.592	-41.968	1030.656	-240	
49505293	272	-672	16864	16.592	-40.992	1028.704	-288	
49545176	320	-720	16832	19.520	-43.920	1026.752	-272	
49585057	272	-736	16864	16.592	-44.896	1028.704	-240	
49624938	256	-752	16832	15.616	-45.872	1026.752	-192	
49664817	272	-704	16864	16.592	-42.944	1028.704	-208	
49704697	320	-704	16848	19.520	-42.944	1027.728	-240	
49744577	304	-688	16864	18.544	-41.968	1028.704	-304	
49784460	256	-704	16864	15.616	-42.944	1028.704	-224	
49824342	240	-752	16848	14.640	-45.872	1027.728	-240	
49864223	224	-752	16864	13.664	-45.872	1028.704	-224	
49904105	288	-736	16864	17.568	-44.896	1028.704	-272	
49943983	304	-720	16848	18.544	-43.920	1027.728	-272	
49983866	256	-688	16864	15.616	-41.968	1028.704	-256	
50023746	272	-704	16848	16.592	-42.944	1027.728	-256	
50063629	288	-704	16864	17.568	-42.944	1028.704	-240	
50103512	240	-688	16864	14.640	-41.968	1028.704	-224	
50143393	288	-720	16864	17.568	-43.920	1028.704	-240	
50183272	288	-720	16864	17.568	-43.920	1028.704	-224	
50223155	304	-672	16864	18.544	-40.992	1028.704	-272	
50263036	288	-736	16880	17.568	-44.896	1029.680	-256	
50302918	288	-704	16864	17.568	-42.944	1028.704	-224	
50342797	288	-720	16864	17.568	-43.920	1028.704	-192	
50382676	256	-704	16832	15.616	-42.944	1026.752	-224	
50422558	256	-736	16816	15.616	-44.896	1025.776	-224	
50462439	304	-720	16864	18.544	-43.920	1028.704	-224	
50502317	272	-704	16880	16.592	-42.944	1029.680	-256	
50542196	304	-672	16816	18.544	-40.992	1025.776	-176	
50582078	272	-704	16816	16.592	-42.944	1025.776	-224	
50621959	288	-720	16880	17.568	-43.920	1029.680	-256	
50661842	304	-736	16864	18.544	-44.896	1028.704	-240	
50701726	256	-704	16848	15.616	-42.944	1027.728	-240	
50741606	320	-656	16880	19.520	-40.016	1029.680	-176	
50781489	320	-672	16864	19.520	-40.992	1028.704	-256	
50821370	272	-688	16864	16.592	-41.968	1028.704	-256	
50861251	288	-720	16864	17.568	-43.920	1028.704	-288	
50901132	272	-704	16864	16.592	-42.944	1028.704	-240	
50941014	288	-736	16864	17.568	-44.896	1028.704	-224	
50980894	256	-720	16864	15.616	-43.920	1028.704	-240	
51020775	336	-720	16864	20.496	-43.920	1028.704	-224	
51060658	320	-688	16832	19.520	-41.968	1026.752	-320	
51100540	272	-720	16864	16.592	-43.920	1028.704	-272	
51140420	304	-688	16864	18.544	-41.968	1028.704	-224	
51180299	256	-736	16896	15.616	-44.896	1030.656	-224	
51220180	272	-704	16832	16.592	-42.944	1026.752	-272	
51260062	288	-736	16864	17.568	-44.896	1028.704	-304	
51299942	272	-736	16864	16.592	-44.896	1028.704	-240	
51339824	272	-688	16864	16.592	-41.968	1028.704	-256	
51379706	320	-704	16880	19.520	-42.944	1029.680	-224	
51419586	288	-704	16832	17.568	-42.944	1026.752	-224	
51459466	288	-672	16848	17.568	-40.992	1027.728	-272	
51499345	304	-720	16864	18.544	-43.920	1028.704	-240	
51539225	272	-688	16880	16.592	-41.968	1029.680	-272	
51579103	240	-752	16864	14.640	-45.872	1028.704	-240	
51618981	256	-720	16848	15.616	-43.920	1027.728	-192	
51658859	320	-736	16864	19.520	-44.896	1028.704	-192	
51698741	320	-720	16848	19.520	-43.920	1027.728	-240	
51738620	320	-736	16864	19.520	-44.896	1028.704	-240	
51778500	272	-720	16880	16.592	-43.920	1029.680	-256	
51818379	256	-720	16864	15.616	-43.920	1028.704	-240	
51858257	304	-752	16864	18.544	-45.872	1028.704	-208	
51898134	288	-720	16864	17.568	-43.920	1028.704	-240	
51938015	272	-688	16864	16.592	-41.968	1028.704	-224	
51977895	288	-720	16864	17.568	-43.920	1028.704	-240	
52017774	320	-688	16880	19.520	-41.968	1029.680	-272	
52057654	320	-720	16816	19.520	-43.920	1025.776	-208	
52097532	256	-736	16848	15.616	-44.896	1027.728	-240	
52137414	272	-720	16864	16.592	-43.920	1028.704	-256	
52177295	288	-704	16848	17.568	-42.944	1027.728	-336	
52217176	288	-704	16880	17.568	-42.944	1029.680	-256	
52257056	304	-688	16864	18.544	-41.968	1028.704	-224	
52296938	304	-720	16880	18.544	-43.920	1029.680	-240	
52336819	288	-720	16848	17.568	-43.920	1027.728	-256	
52376701	256	-752	16864	15.616	-45.872	1028.704	-288	
52416580	288	-720	16864	17.568	-43.920	1028.704	-224	
52456460	288	-704	16848	17.568	-42.944	1027.728	-240	
52496341	256	-736	16880	15.616	-44.896	1029.680	-192	
52536222	320	-720	16832	19.520	-43.920	1026.752	-256	
52576102	304	-720	16880	18.544	-43.920	1029.680	-256	
52615984	272	-704	16832	16.592	-42.944	1026.752	-240	
52655863	304	-704	16864	18.544	-42.944	1028.704	-256	
52695744	272	-736	16864	16.592	-44.896	1028.704	-224	
52735625	320	-752	16832	19.520	-45.872	1026.752	-240	
52775505	304	-736	16848	18.544	-44.896	1027.728	-240	
52815385	288	-704	16816	17.568	-42.944	1025.776	-224	
52855266	256	-704	16880	15.616	-42.944	1029.680	-224	
52895148	272	-704	16864	16.592	-42.944	1028.704	-224	
52935031	304	-720	16864	18.544	-43.920	1028.704	-224	
52974910	256	-736	16816	15.616	-44.896	1025.776	-176	
53014789	320	-736	16848	19.520	-44.896	1027.728	-224	
53054669	272	-688	16848	16.592	-41.968	1027.728	-256	
53094548	304	-672	16912	18.544	-40.992	1031.632	-192	
53134430	288	-720	16848	17.568	-43.920	1027.728	-256	
53174309	272	-704	16832	16.592	-42.944	1026.752	-192	
53214190	288	-736	16832	17.568	-44.896	1026.752	-224	
53254069	272	-704	16832	16.592	-42.944	1026.752	-256	
53293949	320	-736	16880	19.520	-44.896	1029.680	-256	
53333832	288	-656	16832	17.568	-40.016	1026.752	-240	
53373712	272	-688	16832	16.592	-41.968	1026.752	-176	
53413594	272	-688	16880	16.592	-41.968	1029.680	-240	
53453475	240	-688	16816	14.640	-41.968	1025.776	-272	
53493357	320	-752	16816	19.520	-45.872	1025.776	-272	
53533239	304	-720	16816	18.544	-43.920	1025.776	-224	
53573119	288	-704	16864	17.568	-42.944	1028.704	-208	
53613002	288	-752	16816	17.568	-45.872	1025.776	-208	
53652885	272	-704	16832	16.592	-42.944	1026.752	-256	
53692768	304	-736	16896	18.544	-44.896	1030.656	-288	
53732651	256	-688	16832	15.616	-41.968	1026.752	-224	
53772533	304	-704	16880	18.544	-42.944	1029.680	-256	
53812413	272	-720	16848	16.592	-43.920	1027.728	-256	
53852293	272	-704	16880	16.592	-42.944	1029.680	-240	
53892173	256	-688	16848	15.616	-41.968	1027.728	-272	
53932052	272	-688	16880	16.592	-41.968	1029.680	-192	
53971930	288	-688	16848	17.568	-41.968	1027.728	-224	
54011810	256	-736	16912	15.616	-44.896	1031.632	-208	
54051690	304	-768	16864	18.544	-46.848	1028.704	-224	
54091572	288	-704	16880	17.568	-42.944	1029.680	-224	
54131453	272	-736	16880	16.592	-44.896	1029.680	-224	
54171333	288	-640	16832	17.568	-39.040	1026.752	-224	
54211214	304	-704	16864	18.544	-42.944	1028.704	-256	
54251095	272	-672	16896	16.592	-40.992	1030.656	-256	
54290975	288	-704	16864	17.568	-42.944	1028.704	-208	
54330855	320	-688	16912	19.520	-41.968	1031.632	-224	
54370738	288	-720	16864	17.568	-43.920	1028.704	-272	
54410620	272	-736	16848	16.592	-44.896	1027.728	-240	
54450501	288	-704	16896	17.568	-42.944	1030.656	-256	
54490382	336	-704	16864	20.496	-42.944	1028.704	-176	
54530263	336	-736	16864	20.496	-44.896	1028.704	-224	
54570145	304	-688	16864	18.544	-41.968	1028.704	-272	
54610025	288	-736	16848	17.568	-44.896	1027.728	-304	
54649907	288	-720	16864	17.568	-43.920	1028.704	-256	
54689789	304	-704	16864	18.544	-42.944	1028.704	-176	
54729671	288	-720	16880	17.568	-43.920	1029.680	-224	
54769553	304	-704	16832	18.544	-42.944	1026.752	-240	
54809434	304	-736	16816	18.544	-44.896	1025.776	-240	
54849310	256	-672	16864	15.616	-40.992	1028.704	-256	
54889191	288	-704	16832	17.568	-42.944	1026.752	-192	
54929069	272	-672	16896	16.592	-40.992	1030.656	-224	
54968948	304	-704	16864	18.544	-42.944	1028.704	-240	
55008827	272	-704	16880	16.592	-42.944	1029.680	-288	
55048704	288	-688	16880	17.568	-41.968	1029.680	-240	
55088580	304	-688	16880	18.544	-41.968	1029.680	-240	
55128464	272	-720	16864	16.592	-43.920	1028.704	-224	
55168346	272	-720	16896	16.592	-43.920	1030.656	-240	
55208228	320	-704	16848	19.520	-42.944	1027.728	-272	
55248109	256	-736	16880	15.616	-44.896	1029.680	-256	
55287988	272	-688	16848	16.592	-41.968	1027.728	-272	
55327870	272	-752	16864	16.592	-45.872	1028.704	-224	
55367750	272	-704	16864	16.592	-42.944	1028.704	-272	
55407630	320	-704	16864	19.520	-42.944	1028.704	-208	
55447511	256	-704	16896	15.616	-42.944	1030.656	-224	
55487392	288	-720	16864	17.568	-43.920	1028.704	-240	
55527274	272	-704	16880	16.592	-42.944	1029.680	-256	
55567156	320	-720	16880	19.520	-43.920	1029.680	-240	
55607037	320	-672	16864	19.520	-40.992	1028.704	-224	
55646916	288	-704	16832	17.568	-42.944	1026.752	-256	
55686800	288	-752	16864	17.568	-45.872	1028.704	-224	
55726681	288	-672	16848	17.568	-40.992	1027.728	-272	
55766561	240	-688	16832	14.640	-41.968	1026.752	-224	
55806444	256	-736	16864	15.616	-44.896	1028.704	-176	
55846326	256	-704	16880	15.616	-42.944	1029.680	-208	
55886207	272	-752	16864	16.592	-45.872	1028.704	-256	
55926087	304	-720	16896	18.544	-43.920	1030.656	-256	
55965967	240	-672	16880	14.640	-40.992	1029.680	-240	
56005846	336	-720	16864	20.496	-43.920	1028.704	-208	
56045728	320	-752	16880	19.520	-45.872	1029.680	-240	
56085612	288	-672	16832	17.568	-40.992	1026.752	-256	
56125494	256	-688	16832	15.616	-41.968	1026.752	-320	
56165377	336	-720	16864	20.496	-43.920	1028.704	-240	
56205256	288	-672	16864	17.568	-40.992	1028.704	-224	
56245134	272	-704	16896	16.592	-42.944	1030.656	-256	
56285014	320	-768	16864	19.520	-46.848	1028.704	-240	
56324895	256	-688	16896	15.616	-41.968	1030.656	-288	
56364775	304	-736	16864	18.544	-44.896	1028.704	-240	
56404654	272	-704	16864	16.592	-42.944	1028.704	-256	
56444535	304	-736	16864	18.544	-44.896	1028.704	-240	
56484416	304	-720	16832	18.544	-43.920	1026.752	-256	
56524297	304	-736	16880	18.544	-44.896	1029.680	-256	
56564178	320	-720	16912	19.520	-43.920	1031.632	-240	
56604060	256	-736	16880	15.616	-44.896	1029.680	-256	
56643941	304	-704	16880	18.544	-42.944	1029.680	-256	
56683821	336	-720	16848	20.496	-43.920	1027.728	-256	
56723701	304	-688	16896	18.544	-41.968	1030.656	-240	
56763579	272	-720	16880	16.592	-43.920	1029.680	-256	
56803462	288	-720	16912	17.568	-43.920	1031.632	-304	
56843344	288	-720	16880	17.568	-43.920	1029.680	-240	
56883227	240	-704	16864	14.640	-42.944	1028.704	-224	
56923108	272	-720	16912	16.592	-43.920	1031.632	-192	
56962989	288	-720	16864	17.568	-43.920	1028.704	-240	
57002869	320	-688	16832	19.520	-41.968	1026.752	-272	
57042748	272	-720	16816	16.592	-43.920	1025.776	-240	
57082627	320	-672	16832	19.520	-40.992	1026.752	-240	
57122506	256	-720	16864	15.616	-43.920	1028.704	-192	
57162385	288	-720	16848	17.568	-43.920	1027.728	-240	
57202264	288	-688	16832	17.568	-41.968	1026.752	-240	
57242145	288	-688	16896	17.568	-41.968	1030.656	-256	
57282026	320	-704	16864	19.520	-42.944	1028.704	-240	
57321907	288	-704	16864	17.568	-42.944	1028.704	-208	
57361788	304	-736	16800	18.544	-44.896	1024.800	-256	
57401669	288	-720	16864	17.568	-43.920	1028.704	-208	
57441550	272	-720	16896	16.592	-43.920	1030.656	-272	
57481431	256	-688	16880	15.616	-41.968	1029.680	-240	
57521313	336	-736	16880	20.496	-44.896	1029.680	-256	
57561195	256	-752	16832	15.616	-45.872	1026.752	-240	
57601073	304	-704	16864	18.544	-42.944	1028.704	-272	
57640955	320	-720	16912	19.520	-43.920	1031.632	-304	
57680836	256	-720	16912	15.616	-43.920	1031.632	-240	
57720717	256	-704	16864	15.616	-42.944	1028.704	-240	
57760597	272	-720	16864	16.592	-43.920	1028.704	-192	
57800478	320	-704	16912	19.520	-42.944	1031.632	-240	
57840360	304	-720	16864	18.544	-43.920	1028.704	-288	
57880241	256	-720	16864	15.616	-43.920	1028.704	-240	
57920122	288	-720	16896	17.568	-43.920	1030.656	-240	
57960003	304	-704	16880	18.544	-42.944	1029.680	-256	
57999882	288	-704	16848	17.568	-42.944	1027.728	-256	
58039763	288	-688	16864	17.568	-41.968	1028.704	-224	
58079645	288	-704	16880	17.568	-42.944	1029.680	-272	
58119527	320	-720	16864	19.520	-43.920	1028.704	-208	
58159407	304	-720	16864	18.544	-43.920	1028.704	-240	
58199289	304	-688	17072	18.544	-41.968	1041.392	-256	
58239169	304	-688	16800	18.544	-41.968	1024.800	-208	
58279049	288	-736	16880	17.568	-44.896	1029.680	-256	
58318931	272	-704	16880	16.592	-42.944	1029.680	-304	
58358811	256	-736	16944	15.616	-44.896	1033.584	-240	
58398688	256	-736	16816	15.616	-44.896	1025.776	-224	
58438567	288	-720	16896	17.568	-43.920	1030.656	-272	
58478448	272	-672	16864	16.592	-40.992	1028.704	-240	
58518330	352	-624	17264	21.472	-38.064	1053.104	-240	
58558210	304	-784	16640	18.544	-47.824	1015.040	-256	
58598093	288	-736	16752	17.568	-44.896	1021.872	-256	
58637973	288	-704	16832	17.568	-42.944	1026.752	-224	
58677857	272	-688	16848	16.592	-41.968	1027.728	-240	
58717739	304	-704	16896	18.544	-42.944	1030.656	-256	
58757620	288	-736	16880	17.568	-44.896	1029.680	-320	
58797503	288	-656	16832	17.568	-40.016	1026.752	-272	
58837385	208	-688	16816	12.688	-41.968	1025.776	-224	
58877266	288	-736	16880	17.568	-44.896	1029.680	-272	
58917147	288	-704	16848	17.568	-42.944	1027.728	-256	
58957029	272	-704	16800	16.592	-42.944	1024.800	-256	
58996910	288	-704	16864	17.568	-42.944	1028.704	-240	
59036791	256	-688	16816	15.616	-41.968	1025.776	-240	
59076673	288	-688	16864	17.568	-41.968	1028.704	-272	
59116554	336	-688	16736	20.496	-41.968	1020.896	-272	
59156435	272	-704	16800	16.592	-42.944	1024.800	-256	
59196318	288	-672	16912	17.568	-40.992	1031.632	-240	
59236200	240	-720	16800	14.640	-43.920	1024.800	-256	
59276082	336	-736	16944	20.496	-44.896	1033.584	-256	
59315964	304	-720	16928	18.544	-43.920	1032.608	-272	
59355846	304	-720	16784	18.544	-43.920	1023.824	-240	
59395726	304	-720	16864	18.544	-43.920	1028.704	-272	
59435607	304	-720	16864	18.544	-43.920	1028.704	-240	
59475491	272	-736	16864	16.592	-44.896	1028.704	-272	
59515375	256	-656	16848	15.616	-40.016	1027.728	-272	
59555256	304	-704	16880	18.544	-42.944	1029.680	-192	
59595142	224	-736	16880	13.664	-44.896	1029.680	-256	
59635023	336	-720	16800	20.496	-43.920	1024.800	-224	
59674908	272	-736	16880	16.592	-44.896	1029.680	-240	
59714791	320	-720	16864	19.520	-43.920	1028.704	-256	
59754672	272	-688	16880	16.592	-41.968	1029.680	-224	
59794556	256	-688	16864	15.616	-41.968	1028.704	-272	
59834439	320	-736	16800	19.520	-44.896	1024.800	-240	
59874323	272	-720	16896	16.592	-43.920	1030.656	-288	
59914207	272	-688	16880	16.592	-41.968	1029.680	-256	
59954092	336	-672	16864	20.496	-40.992	1028.704	-272	
59993974	304	-688	16864	18.544	-41.968	1028.704	-240	
