Timestamp [us]	A_X [LSB]	A_Y [LSB]	A_Z [LSB]	A_X [mg]	A_Y [mg]	A_Z [mg]	QVAR [LSB]	
13798	432	-720	16816	26.352	-43.920	1025.776	-256	
53678	416	-672	16848	25.376	-40.992	1027.728	-256	
93560	352	-672	16864	21.472	-40.992	1028.704	-240	
133441	304	-720	16800	18.544	-43.920	1024.800	-256	
173321	368	-640	16816	22.448	-39.040	1025.776	-256	
213204	416	-688	16880	25.376	-41.968	1029.680	-288	
253085	400	-720	16848	24.400	-43.920	1027.728	-272	
292968	336	-656	16816	20.496	-40.016	1025.776	-240	
332848	336	-720	16832	20.496	-43.920	1026.752	-288	
372732	432	-704	16864	26.352	-42.944	1028.704	-304	
412608	400	-704	16832	24.400	-42.944	1026.752	-288	
452488	368	-688	16832	22.448	-41.968	1026.752	-240	
492362	336	-720	16800	20.496	-43.920	1024.800	-288	
532236	384	-704	16800	23.424	-42.944	1024.800	-304	
572111	384	-720	16832	23.424	-43.920	1026.752	-288	
611983	384	-672	16832	23.424	-40.992	1026.752	-256	
651859	384	-720	16832	23.424	-43.920	1026.752	-256	
691733	400	-688	16864	24.400	-41.968	1028.704	-320	
731608	432	-640	16800	26.352	-39.040	1024.800	-240	
771483	384	-704	16832	23.424	-42.944	1026.752	-256	
811360	368	-672	16880	22.448	-40.992	1029.680	-256	
851237	400	-688	16832	24.400	-41.968	1026.752	-240	
891110	384	-640	16848	23.424	-39.040	1027.728	-240	
930983	384	-720	16832	23.424	-43.920	1026.752	-288	
970855	352	-656	16816	21.472	-40.016	1025.776	-240	
1010727	384	-704	16832	23.424	-42.944	1026.752	-272	
1050600	384	-704	16880	23.424	-42.944	1029.680	-256	
1090478	384	-640	16816	23.424	-39.040	1025.776	-256	
1130353	368	-672	16832	22.448	-40.992	1026.752	-288	
1170227	384	-656	16848	23.424	-40.016	1027.728	-272	
1210102	384	-720	16832	23.424	-43.920	1026.752	-304	
1249977	384	-672	16816	23.424	-40.992	1025.776	-256	
1289855	352	-672	16784	21.472	-40.992	1023.824	-288	
1329729	416	-672	16832	25.376	-40.992	1026.752	-256	
1369606	320	-672	16816	19.520	-40.992	1025.776	-288	
1409482	400	-688	16864	24.400	-41.968	1028.704	-336	
1449358	384	-720	16848	23.424	-43.920	1027.728	-256	
1489236	368	-720	16816	22.448	-43.920	1025.776	-288	
1529112	352	-688	16816	21.472	-41.968	1025.776	-256	
1568986	368	-704	16832	22.448	-42.944	1026.752	-272	
1608859	384	-672	16816	23.424	-40.992	1025.776	-256	
1648732	432	-640	16832	26.352	-39.040	1026.752	-288	
1688605	368	-688	16832	22.448	-41.968	1026.752	-240	
1728478	400	-704	16864	24.400	-42.944	1028.704	-272	
1768350	352	-720	16800	21.472	-43.920	1024.800	-240	
1808224	368	-672	16832	22.448	-40.992	1026.752	-256	
1848099	400	-688	16848	24.400	-41.968	1027.728	-288	
1887972	384	-688	16832	23.424	-41.968	1026.752	-272	
1927845	368	-752	16832	22.448	-45.872	1026.752	-304	
1967720	368	-688	16800	22.448	-41.968	1024.800	-272	
2007594	432	-672	16816	26.352	-40.992	1025.776	-240	
2047468	384	-688	16816	23.424	-41.968	1025.776	-256	
2087342	384	-704	16816	23.424	-42.944	1025.776	-256	
2127215	400	-688	16800	24.400	-41.968	1024.800	-272	
2167090	368	-688	16784	22.448	-41.968	1023.824	-288	
2206963	368	-640	16784	22.448	-39.040	1023.824	-256	
2246837	384	-704	16848	23.424	-42.944	1027.728	-272	
2286712	432	-704	16848	26.352	-42.944	1027.728	-240	
2326583	416	-720	16848	25.376	-43.920	1027.728	-288	
2366456	368	-688	16832	22.448	-41.968	1026.752	-272	
2406327	384	-704	16752	23.424	-42.944	1021.872	-288	
2446200	352	-704	16832	21.472	-42.944	1026.752	-272	
2486074	400	-720	16864	24.400	-43.920	1028.704	-240	
2525947	400	-704	16864	24.400	-42.944	1028.704	-256	
2565822	416	-704	16848	25.376	-42.944	1027.728	-272	
2605694	400	-720	16784	24.400	-43.920	1023.824	-256	
2645570	368	-656	16816	22.448	-40.016	1025.776	-304	
2685445	368	-704	16864	22.448	-42.944	1028.704	-288	
2725318	384	-704	16864	23.424	-42.944	1028.704	-272	
2765191	384	-704	16816	23.424	-42.944	1025.776	-240	
2805064	352	-752	16864	21.472	-45.872	1028.704	-304	
2844936	400	-720	16848	24.400	-43.920	1027.728	-288	
2884808	368	-736	16832	22.448	-44.896	1026.752	-288	
2924682	384	-656	16800	23.424	-40.016	1024.800	-272	
2964557	368	-672	16832	22.448	-40.992	1026.752	-272	
3004431	400	-688	16864	24.400	-41.968	1028.704	-320	
3044309	352	-704	16832	21.472	-42.944	1026.752	-304	
3084185	368	-752	16816	22.448	-45.872	1025.776	-304	
3124060	352	-704	16864	21.472	-42.944	1028.704	-256	
3163935	400	-704	16864	24.400	-42.944	1028.704	-256	
3203809	368	-672	16816	22.448	-40.992	1025.776	-272	
3243683	352	-688	16832	21.472	-41.968	1026.752	-288	
3283557	384	-688	16848	23.424	-41.968	1027.728	-256	
3323433	400	-704	16816	24.400	-42.944	1025.776	-288	
3363307	400	-688	16832	24.400	-41.968	1026.752	-288	
3403183	368	-672	16832	22.448	-40.992	1026.752	-272	
3443057	384	-736	16848	23.424	-44.896	1027.728	-288	
3482933	384	-704	16768	23.424	-42.944	1022.848	-256	
3522806	400	-640	16864	24.400	-39.040	1028.704	-272	
3562681	384	-688	16832	23.424	-41.968	1026.752	-272	
3602554	384	-640	16816	23.424	-39.040	1025.776	-304	
3642428	384	-720	16864	23.424	-43.920	1028.704	-288	
3682302	320	-688	16864	19.520	-41.968	1028.704	-272	
3722177	400	-656	16832	24.400	-40.016	1026.752	-272	
3762047	320	-688	16816	19.520	-41.968	1025.776	-288	
3801923	384	-672	16864	23.424	-40.992	1028.704	-304	
3841797	416	-656	16816	25.376	-40.016	1025.776	-336	
3881672	400	-688	16864	24.400	-41.968	1028.704	-288	
3921546	384	-640	16848	23.424	-39.040	1027.728	-256	
3961419	448	-688	16816	27.328	-41.968	1025.776	-288	
4001290	400	-704	16880	24.400	-42.944	1029.680	-288	
4041164	384	-640	16816	23.424	-39.040	1025.776	-272	
4081036	384	-720	16864	23.424	-43.920	1028.704	-304	
4120910	432	-656	16896	26.352	-40.016	1030.656	-288	
4160784	384	-688	16848	23.424	-41.968	1027.728	-272	
4200659	352	-704	16832	21.472	-42.944	1026.752	-304	
4240533	384	-688	16816	23.424	-41.968	1025.776	-272	
4280405	384	-672	16800	23.424	-40.992	1024.800	-256	
4320278	368	-688	16832	22.448	-41.968	1026.752	-272	
4360151	368	-704	16848	22.448	-42.944	1027.728	-288	
4400025	400	-720	16848	24.400	-43.920	1027.728	-304	
4439898	384	-688	16848	23.424	-41.968	1027.728	-272	
4479774	368	-688	16864	22.448	-41.968	1028.704	-288	
4519650	384	-704	16800	23.424	-42.944	1024.800	-288	
4559526	368	-688	16832	22.448	-41.968	1026.752	-288	
4599400	416	-672	16848	25.376	-40.992	1027.728	-304	
4639273	384	-720	16816	23.424	-43.920	1025.776	-272	
4679147	416	-688	16848	25.376	-41.968	1027.728	-272	
4719019	368	-656	16832	22.448	-40.016	1026.752	-272	
4758891	352	-704	16832	21.472	-42.944	1026.752	-288	
4798769	352	-720	16832	21.472	-43.920	1026.752	-288	
4838643	448	-688	16800	27.328	-41.968	1024.800	-304	
4878517	400	-672	16832	24.400	-40.992	1026.752	-256	
4918390	416	-752	16816	25.376	-45.872	1025.776	-288	
4958264	368	-720	16864	22.448	-43.920	1028.704	-288	
4998138	368	-672	16832	22.448	-40.992	1026.752	-304	
5038013	368	-704	16864	22.448	-42.944	1028.704	-272	
5077884	400	-704	16864	24.400	-42.944	1028.704	-256	
5117759	384	-672	16832	23.424	-40.992	1026.752	-240	
5157634	352	-720	16816	21.472	-43.920	1025.776	-272	
5197509	384	-688	16848	23.424	-41.968	1027.728	-304	
5237383	400	-656	16864	24.400	-40.016	1028.704	-304	
5277257	400	-656	16832	24.400	-40.016	1026.752	-240	
5317128	368	-688	16864	22.448	-41.968	1028.704	-256	
5357002	352	-704	16864	21.472	-42.944	1028.704	-256	
5396878	400	-720	16832	24.400	-43.920	1026.752	-272	
5436753	416	-720	16864	25.376	-43.920	1028.704	-272	
5476627	352	-688	16848	21.472	-41.968	1027.728	-256	
5516501	400	-704	16816	24.400	-42.944	1025.776	-288	
5556378	384	-704	16848	23.424	-42.944	1027.728	-288	
5596254	368	-704	16896	22.448	-42.944	1030.656	-272	
5636126	416	-704	16800	25.376	-42.944	1024.800	-272	
5675998	400	-704	16848	24.400	-42.944	1027.728	-288	
5715876	336	-640	16832	20.496	-39.040	1026.752	-272	
5755748	416	-704	16816	25.376	-42.944	1025.776	-256	
5795623	336	-688	16864	20.496	-41.968	1028.704	-288	
5835495	400	-704	16864	24.400	-42.944	1028.704	-256	
5875370	384	-704	16896	23.424	-42.944	1030.656	-272	
5915243	400	-672	16864	24.400	-40.992	1028.704	-272	
5955117	384	-688	16864	23.424	-41.968	1028.704	-304	
5994989	416	-672	16800	25.376	-40.992	1024.800	-272	
6034864	416	-672	16816	25.376	-40.992	1025.776	-288	
6074737	352	-656	16864	21.472	-40.016	1028.704	-272	
6114611	400	-688	16864	24.400	-41.968	1028.704	-240	
6154485	352	-736	16784	21.472	-44.896	1023.824	-256	
6194360	384	-688	16864	23.424	-41.968	1028.704	-304	
6234236	352	-688	16800	21.472	-41.968	1024.800	-288	
6274111	368	-672	16864	22.448	-40.992	1028.704	-272	
6313984	384	-656	16800	23.424	-40.016	1024.800	-272	
6353859	384	-640	16832	23.424	-39.040	1026.752	-240	
6393732	400	-704	16848	24.400	-42.944	1027.728	-288	
6433604	368	-688	16864	22.448	-41.968	1028.704	-272	
6473477	400	-672	16864	24.400	-40.992	1028.704	-272	
6513349	384	-720	16864	23.424	-43.920	1028.704	-288	
6553220	384	-672	16832	23.424	-40.992	1026.752	-256	
6593090	352	-704	16816	21.472	-42.944	1025.776	-272	
6632962	352	-688	16832	21.472	-41.968	1026.752	-288	
6672839	368	-672	16864	22.448	-40.992	1028.704	-240	
6712711	400	-704	16864	24.400	-42.944	1028.704	-272	
6752580	368	-672	16848	22.448	-40.992	1027.728	-240	
6792450	352	-672	16832	21.472	-40.992	1026.752	-304	
6832319	384	-688	16832	23.424	-41.968	1026.752	-272	
6872190	336	-736	16864	20.496	-44.896	1028.704	-240	
6912066	416	-720	16816	25.376	-43.920	1025.776	-272	
6951939	336	-672	16800	20.496	-40.992	1024.800	-272	
6991812	400	-688	16800	24.400	-41.968	1024.800	-288	
7031687	400	-736	16832	24.400	-44.896	1026.752	-272	
7071562	352	-656	16816	21.472	-40.016	1025.776	-224	
7111437	368	-704	16880	22.448	-42.944	1029.680	-272	
7151309	384	-752	16848	23.424	-45.872	1027.728	-272	
7191180	352	-656	16864	21.472	-40.016	1028.704	-288	
7231052	400	-672	16848	24.400	-40.992	1027.728	-240	
7270922	368	-704	16832	22.448	-42.944	1026.752	-288	
7310794	384	-672	16832	23.424	-40.992	1026.752	-272	
7350664	400	-672	16880	24.400	-40.992	1029.680	-272	
7390535	368	-688	16816	22.448	-41.968	1025.776	-272	
7430404	400	-704	16832	24.400	-42.944	1026.752	-272	
7470279	384	-688	16832	23.424	-41.968	1026.752	-240	
7510152	400	-704	16832	24.400	-42.944	1026.752	-272	
7550025	400	-672	16816	24.400	-40.992	1025.776	-288	
7589899	416	-704	16864	25.376	-42.944	1028.704	-272	
7629774	400	-688	16880	24.400	-41.968	1029.680	-256	
7669644	384	-720	16816	23.424	-43.920	1025.776	-240	
7709513	416	-720	16880	25.376	-43.920	1029.680	-256	
7749385	384	-704	16832	23.424	-42.944	1026.752	-240	
7789257	400	-720	16864	24.400	-43.920	1028.704	-288	
7829130	400	-624	16832	24.400	-38.064	1026.752	-272	
7869004	400	-688	16864	24.400	-41.968	1028.704	-272	
7908875	384	-688	16832	23.424	-41.968	1026.752	-272	
7948746	384	-688	16848	23.424	-41.968	1027.728	-256	
7988620	384	-688	16848	23.424	-41.968	1027.728	-272	
8028493	368	-672	16832	22.448	-40.992	1026.752	-288	
8068368	384	-672	16848	23.424	-40.992	1027.728	-256	
8108240	400	-720	16832	24.400	-43.920	1026.752	-272	
8148113	352	-704	16848	21.472	-42.944	1027.728	-272	
8187989	336	-752	16816	20.496	-45.872	1025.776	-256	
8227862	400	-704	16832	24.400	-42.944	1026.752	-272	
8267731	384	-704	16864	23.424	-42.944	1028.704	-272	
8307603	400	-704	16864	24.400	-42.944	1028.704	-240	
8347473	384	-704	16816	23.424	-42.944	1025.776	-256	
8387345	384	-656	16864	23.424	-40.016	1028.704	-288	
8427213	384	-688	16832	23.424	-41.968	1026.752	-256	
8467085	368	-608	16992	22.448	-37.088	1036.512	-240	
8506956	352	-720	16816	21.472	-43.920	1025.776	-256	
8546828	416	-672	16816	25.376	-40.992	1025.776	-256	
8586702	416	-704	16864	25.376	-42.944	1028.704	-256	
8626574	416	-688	16864	25.376	-41.968	1028.704	-256	
8666445	368	-672	16832	22.448	-40.992	1026.752	-304	
8706315	384	-688	16880	23.424	-41.968	1029.680	-304	
8746188	368	-720	16848	22.448	-43.920	1027.728	-272	
8786060	416	-688	16800	25.376	-41.968	1024.800	-272	
8825932	368	-688	16816	22.448	-41.968	1025.776	-240	
8865805	368	-672	16864	22.448	-40.992	1028.704	-272	
8905676	384	-720	16832	23.424	-43.920	1026.752	-256	
8945548	368	-656	16832	22.448	-40.016	1026.752	-256	
8985421	368	-704	16864	22.448	-42.944	1028.704	-272	
9025294	368	-704	16864	22.448	-42.944	1028.704	-272	
9065168	400	-688	16864	24.400	-41.968	1028.704	-272	
9105042	368	-672	16864	22.448	-40.992	1028.704	-256	
9144911	368	-688	16880	22.448	-41.968	1029.680	-240	
9184782	416	-704	16832	25.376	-42.944	1026.752	-272	
9224655	400	-656	16816	24.400	-40.016	1025.776	-272	
9264528	384	-672	16800	23.424	-40.992	1024.800	-288	
9304399	384	-704	16832	23.424	-42.944	1026.752	-288	
9344273	384	-688	16816	23.424	-41.968	1025.776	-256	
9384145	432	-704	16848	26.352	-42.944	1027.728	-256	
9424018	432	-640	16864	26.352	-39.040	1028.704	-288	
9463890	384	-672	16832	23.424	-40.992	1026.752	-288	
9503761	368	-656	16848	22.448	-40.016	1027.728	-288	
9543636	416	-656	16832	25.376	-40.016	1026.752	-240	
9583509	384	-720	16832	23.424	-43.920	1026.752	-272	
9623382	400	-688	16864	24.400	-41.968	1028.704	-256	
9663253	416	-688	16832	25.376	-41.968	1026.752	-256	
9703127	416	-688	16848	25.376	-41.968	1027.728	-272	
9743002	352	-704	16864	21.472	-42.944	1028.704	-256	
9782873	384	-704	16848	23.424	-42.944	1027.728	-304	
9822746	368	-688	16864	22.448	-41.968	1028.704	-240	
9862622	400	-688	16864	24.400	-41.968	1028.704	-256	
9902500	368	-688	16864	22.448	-41.968	1028.704	-256	
9942370	352	-704	16848	21.472	-42.944	1027.728	-256	
9982245	384	-672	16864	23.424	-40.992	1028.704	-288	
10022119	384	-704	16832	23.424	-42.944	1026.752	-256	
10061995	416	-688	16880	25.376	-41.968	1029.680	-272	
10101869	400	-704	16800	24.400	-42.944	1024.800	-272	
10141740	368	-704	16832	22.448	-42.944	1026.752	-240	
10181611	400	-704	16848	24.400	-42.944	1027.728	-304	
10221483	416	-704	16832	25.376	-42.944	1026.752	-256	
10261356	384	-720	16832	23.424	-43.920	1026.752	-272	
10301228	400	-688	16832	24.400	-41.968	1026.752	-240	
10341102	416	-688	16800	25.376	-41.968	1024.800	-288	
10380977	368	-688	16864	22.448	-41.968	1028.704	-272	
10420849	384	-656	16864	23.424	-40.016	1028.704	-272	
10460724	368	-688	16848	22.448	-41.968	1027.728	-256	
10500600	384	-672	16832	23.424	-40.992	1026.752	-240	
10540475	384	-656	16880	23.424	-40.016	1029.680	-224	
10580349	368	-704	16848	22.448	-42.944	1027.728	-256	
10620221	416	-704	16832	25.376	-42.944	1026.752	-256	
10660094	352	-704	16832	21.472	-42.944	1026.752	-208	
10699967	400	-672	16896	24.400	-40.992	1030.656	-288	
10739840	400	-704	16848	24.400	-42.944	1027.728	-288	
10779711	384	-672	16848	23.424	-40.992	1027.728	-272	
10819582	432	-688	16800	26.352	-41.968	1024.800	-288	
10859454	384	-688	16816	23.424	-41.968	1025.776	-256	
10899324	400	-688	16864	24.400	-41.968	1028.704	-272	
10939198	416	-688	16848	25.376	-41.968	1027.728	-288	
10979072	400	-720	16832	24.400	-43.920	1026.752	-304	
11018944	368	-688	16832	22.448	-41.968	1026.752	-272	
11058819	368	-640	16864	22.448	-39.040	1028.704	-272	
11098694	352	-688	16816	21.472	-41.968	1025.776	-272	
11138569	368	-672	16800	22.448	-40.992	1024.800	-304	
11178442	384	-704	16848	23.424	-42.944	1027.728	-224	
11218315	384	-672	16864	23.424	-40.992	1028.704	-272	
11258188	384	-672	16864	23.424	-40.992	1028.704	-272	
11298061	384	-816	16832	23.424	-49.776	1026.752	-256	
11337936	384	-720	16832	23.424	-43.920	1026.752	-224	
11377812	384	-704	16944	23.424	-42.944	1033.584	-240	
11417685	352	-704	16832	21.472	-42.944	1026.752	-240	
11457558	368	-672	16816	22.448	-40.992	1025.776	-272	
11497432	368	-672	16864	22.448	-40.992	1028.704	-240	
11537306	352	-672	16832	21.472	-40.992	1026.752	-256	
11577179	400	-736	16832	24.400	-44.896	1026.752	-240	
11617052	400	-656	16736	24.400	-40.016	1020.896	-256	
11656928	368	-768	16736	22.448	-46.848	1020.896	-304	
11696802	352	-768	16864	21.472	-46.848	1028.704	-304	
11736676	400	-640	16896	24.400	-39.040	1030.656	-272	
11776550	368	-704	16832	22.448	-42.944	1026.752	-256	
11816425	400	-736	16768	24.400	-44.896	1022.848	-240	
11856300	384	-688	16896	23.424	-41.968	1030.656	-256	
11896175	368	-736	16800	22.448	-44.896	1024.800	-304	
11936045	368	-704	16848	22.448	-42.944	1027.728	-272	
11975913	384	-672	16864	23.424	-40.992	1028.704	-256	
12015787	448	-672	16832	27.328	-40.992	1026.752	-272	
12055659	336	-688	16816	20.496	-41.968	1025.776	-272	
12095529	400	-688	16832	24.400	-41.968	1026.752	-288	
12135400	400	-704	16864	24.400	-42.944	1028.704	-240	
12175274	384	-704	16816	23.424	-42.944	1025.776	-256	
12215148	384	-704	16832	23.424	-42.944	1026.752	-288	
12255021	416	-672	16832	25.376	-40.992	1026.752	-288	
12294893	368	-672	16864	22.448	-40.992	1028.704	-272	
12334768	400	-704	16800	24.400	-42.944	1024.800	-256	
12374638	368	-720	16832	22.448	-43.920	1026.752	-288	
12414509	416	-704	16800	25.376	-42.944	1024.800	-272	
12454381	400	-656	16896	24.400	-40.016	1030.656	-256	
12494257	400	-704	16800	24.400	-42.944	1024.800	-304	
12534129	384	-720	16864	23.424	-43.920	1028.704	-272	
12574004	368	-672	16864	22.448	-40.992	1028.704	-256	
12613880	368	-672	16784	22.448	-40.992	1023.824	-256	
12653754	400	-656	16816	24.400	-40.016	1025.776	-272	
12693626	400	-688	16832	24.400	-41.968	1026.752	-288	
12733498	368	-704	16864	22.448	-42.944	1028.704	-288	
12773370	384	-704	16816	23.424	-42.944	1025.776	-272	
12813242	416	-672	16832	25.376	-40.992	1026.752	-240	
12853115	352	-672	16864	21.472	-40.992	1028.704	-272	
12892989	368	-672	16864	22.448	-40.992	1028.704	-256	
12932863	400	-688	16832	24.400	-41.968	1026.752	-288	
12972738	400	-672	16800	24.400	-40.992	1024.800	-256	
13012613	432	-688	16848	26.352	-41.968	1027.728	-256	
13052485	400	-736	16848	24.400	-44.896	1027.728	-272	
13092358	352	-656	16896	21.472	-40.016	1030.656	-272	
13132231	368	-688	16864	22.448	-41.968	1028.704	-256	
13172103	384	-720	16864	23.424	-43.920	1028.704	-240	
13211976	384	-672	16848	23.424	-40.992	1027.728	-240	
13251848	384	-688	16800	23.424	-41.968	1024.800	-288	
13291721	384	-752	16848	23.424	-45.872	1027.728	-272	
13331592	384	-656	16880	23.424	-40.016	1029.680	-208	
13371469	400	-688	16816	24.400	-41.968	1025.776	-256	
13411345	384	-688	16832	23.424	-41.968	1026.752	-256	
13451217	416	-672	16816	25.376	-40.992	1025.776	-272	
13491088	368	-704	16864	22.448	-42.944	1028.704	-288	
13530961	368	-656	16848	22.448	-40.016	1027.728	-240	
13570835	400	-640	16800	24.400	-39.040	1024.800	-288	
13610706	352	-688	16832	21.472	-41.968	1026.752	-272	
13650580	416	-656	16816	25.376	-40.016	1025.776	-256	
13690453	384	-704	16864	23.424	-42.944	1028.704	-288	
13730328	400	-640	16832	24.400	-39.040	1026.752	-304	
13770204	400	-736	16848	24.400	-44.896	1027.728	-272	
13810077	384	-720	16832	23.424	-43.920	1026.752	-288	
13849950	352	-688	16800	21.472	-41.968	1024.800	-240	
13889822	480	-672	16720	29.280	-40.992	1019.920	-256	
13929698	352	-656	16928	21.472	-40.016	1032.608	-288	
13969571	384	-704	16832	23.424	-42.944	1026.752	-256	
14009443	368	-656	16832	22.448	-40.016	1026.752	-288	
14049317	368	-688	16832	22.448	-41.968	1026.752	-256	
14089193	352	-704	16784	21.472	-42.944	1023.824	-272	
14129064	400	-688	16816	24.400	-41.968	1025.776	-288	
14168935	336	-688	16896	20.496	-41.968	1030.656	-240	
14208808	368	-688	16848	22.448	-41.968	1027.728	-256	
14248681	368	-672	16848	22.448	-40.992	1027.728	-272	
14288557	432	-672	16816	26.352	-40.992	1025.776	-304	
14328428	384	-720	16832	23.424	-43.920	1026.752	-288	
14368301	416	-704	16800	25.376	-42.944	1024.800	-272	
14408178	384	-640	16832	23.424	-39.040	1026.752	-256	
14448053	384	-672	16864	23.424	-40.992	1028.704	-288	
14487926	416	-672	16848	25.376	-40.992	1027.728	-288	
14527798	384	-688	16816	23.424	-41.968	1025.776	-320	
14567676	400	-672	16848	24.400	-40.992	1027.728	-288	
14607554	400	-656	16864	24.400	-40.016	1028.704	-288	
14647428	400	-704	16832	24.400	-42.944	1026.752	-272	
14687301	368	-688	16736	22.448	-41.968	1020.896	-256	
14727173	384	-688	16832	23.424	-41.968	1026.752	-288	
14767045	416	-720	16848	25.376	-43.920	1027.728	-272	
14806920	384	-704	16832	23.424	-42.944	1026.752	-256	
14846793	416	-640	16880	25.376	-39.040	1029.680	-288	
14886667	416	-672	16832	25.376	-40.992	1026.752	-272	
14926541	416	-656	16800	25.376	-40.016	1024.800	-320	
14966415	400	-672	16896	24.400	-40.992	1030.656	-304	
15006290	336	-672	16816	20.496	-40.992	1025.776	-272	
15046161	400	-656	16816	24.400	-40.016	1025.776	-256	
15086035	368	-704	16832	22.448	-42.944	1026.752	-240	
15125909	384	-688	16800	23.424	-41.968	1024.800	-272	
15165780	400	-704	16832	24.400	-42.944	1026.752	-304	
15205651	368	-688	16800	22.448	-41.968	1024.800	-256	
15245527	400	-672	16848	24.400	-40.992	1027.728	-288	
15285399	368	-688	16800	22.448	-41.968	1024.800	-272	
15325275	400	-720	16816	24.400	-43.920	1025.776	-272	
15365151	384	-688	16864	23.424	-41.968	1028.704	-256	
15405028	384	-672	16832	23.424	-40.992	1026.752	-304	
15444903	384	-688	16832	23.424	-41.968	1026.752	-272	
15484778	400	-672	16864	24.400	-40.992	1028.704	-256	
15524653	400	-720	16800	24.400	-43.920	1024.800	-240	
15564526	384	-672	16880	23.424	-40.992	1029.680	-240	
15604401	384	-688	16880	23.424	-41.968	1029.680	-288	
15644275	400	-688	16864	24.400	-41.968	1028.704	-272	
15684148	384	-688	16832	23.424	-41.968	1026.752	-272	
15724020	336	-672	16864	20.496	-40.992	1028.704	-272	
15763894	384	-704	16832	23.424	-42.944	1026.752	-304	
15803768	400	-688	16864	24.400	-41.968	1028.704	-272	
15843646	400	-704	16864	24.400	-42.944	1028.704	-272	
15883523	416	-656	16864	25.376	-40.016	1028.704	-272	
15923399	352	-672	16864	21.472	-40.992	1028.704	-288	
15963274	400	-704	16864	24.400	-42.944	1028.704	-256	
16003148	416	-640	16832	25.376	-39.040	1026.752	-272	
16043023	416	-704	16864	25.376	-42.944	1028.704	-272	
16082899	368	-736	16848	22.448	-44.896	1027.728	-288	
16122773	368	-688	16800	22.448	-41.968	1024.800	-272	
16162647	432	-608	16496	26.352	-37.088	1006.256	-288	
16202523	432	-672	16736	26.352	-40.992	1020.896	-272	
16242397	336	-736	16880	20.496	-44.896	1029.680	-304	
16282271	352	-640	16880	21.472	-39.040	1029.680	-272	
16322147	448	-688	16896	27.328	-41.968	1030.656	-288	
16362021	400	-656	16832	24.400	-40.016	1026.752	-256	
16401894	368	-688	16848	22.448	-41.968	1027.728	-304	
16441767	304	-656	16816	18.544	-40.016	1025.776	-272	
16481641	400	-704	16864	24.400	-42.944	1028.704	-256	
16521517	432	-672	16768	26.352	-40.992	1022.848	-304	
16561393	384	-672	16864	23.424	-40.992	1028.704	-288	
16601269	352	-688	16832	21.472	-41.968	1026.752	-288	
16641142	352	-736	16896	21.472	-44.896	1030.656	-272	
16681016	416	-640	16720	25.376	-39.040	1019.920	-320	
16720887	480	-672	16800	29.280	-40.992	1024.800	-288	
16760760	384	-688	16832	23.424	-41.968	1026.752	-288	
16800634	336	-688	16864	20.496	-41.968	1028.704	-288	
16840508	320	-720	16848	19.520	-43.920	1027.728	-256	
16880386	400	-688	16800	24.400	-41.968	1024.800	-272	
16920262	432	-688	16816	26.352	-41.968	1025.776	-288	
16960140	368	-688	16800	22.448	-41.968	1024.800	-240	
17000017	336	-704	16800	20.496	-42.944	1024.800	-288	
17039892	320	-720	16800	19.520	-43.920	1024.800	-272	
17079769	464	-704	16800	28.304	-42.944	1024.800	-304	
17119647	448	-672	16816	27.328	-40.992	1025.776	-288	
17159520	352	-704	16864	21.472	-42.944	1028.704	-288	
17199395	368	-672	16848	22.448	-40.992	1027.728	-288	
17239268	448	-672	16816	27.328	-40.992	1025.776	-240	
17279143	416	-720	16928	25.376	-43.920	1032.608	-272	
17319019	400	-656	16672	24.400	-40.016	1016.992	-256	
17358894	336	-656	16864	20.496	-40.016	1028.704	-304	
17398768	320	-656	16768	19.520	-40.016	1022.848	-288	
17438641	432	-736	16672	26.352	-44.896	1016.992	-272	
17478511	432	-592	16864	26.352	-36.112	1028.704	-288	
17518384	464	-656	16928	28.304	-40.016	1032.608	-272	
17558256	256	-800	16800	15.616	-48.800	1024.800	-256	
17598130	288	-688	16800	17.568	-41.968	1024.800	-288	
17638003	448	-624	16816	27.328	-38.064	1025.776	-304	
17677878	512	-688	16864	31.232	-41.968	1028.704	-288	
17717754	400	-704	16816	24.400	-42.944	1025.776	-256	
17757629	288	-608	16864	17.568	-37.088	1028.704	-272	
17797504	336	-688	16832	20.496	-41.968	1026.752	-240	
17837378	464	-656	16816	28.304	-40.016	1025.776	-288	
17877253	432	-672	16880	26.352	-40.992	1029.680	-304	
17917128	352	-672	16800	21.472	-40.992	1024.800	-224	
17957004	304	-656	16864	18.544	-40.016	1028.704	-272	
17996881	432	-672	16800	26.352	-40.992	1024.800	-304	
18036758	464	-688	16864	28.304	-41.968	1028.704	-288	
18076636	368	-688	16848	22.448	-41.968	1027.728	-272	
18116515	272	-672	16864	16.592	-40.992	1028.704	-304	
18156390	384	-688	16864	23.424	-41.968	1028.704	-256	
18196265	448	-672	16832	27.328	-40.992	1026.752	-288	
18236138	304	-688	16864	18.544	-41.968	1028.704	-320	
18276014	384	-624	16960	23.424	-38.064	1034.560	-304	
18315889	368	-688	16832	22.448	-41.968	1026.752	-288	
18355762	432	-688	16832	26.352	-41.968	1026.752	-288	
18395635	336	-688	16864	20.496	-41.968	1028.704	-288	
18435509	352	-688	16816	21.472	-41.968	1025.776	-304	
18475383	400	-704	16832	24.400	-42.944	1026.752	-288	
18515256	448	-720	16800	27.328	-43.920	1024.800	-288	
18555132	416	-672	16848	25.376	-40.992	1027.728	-256	
18595003	352	-672	16816	21.472	-40.992	1025.776	-272	
18634876	368	-688	16848	22.448	-41.968	1027.728	-256	
18674749	416	-784	16864	25.376	-47.824	1028.704	-288	
18714621	464	-736	16784	28.304	-44.896	1023.824	-272	
18754494	384	-672	16752	23.424	-40.992	1021.872	-240	
18794370	352	-672	16880	21.472	-40.992	1029.680	-256	
18834241	368	-672	16848	22.448	-40.992	1027.728	-272	
18874118	400	-688	16896	24.400	-41.968	1030.656	-272	
18913994	416	-688	16848	25.376	-41.968	1027.728	-256	
18953869	400	-688	16864	24.400	-41.968	1028.704	-288	
18993744	368	-704	16832	22.448	-42.944	1026.752	-256	
19033618	352	-688	16848	21.472	-41.968	1027.728	-272	
19073495	384	-688	16848	23.424	-41.968	1027.728	-272	
19113370	416	-720	16832	25.376	-43.920	1026.752	-272	
19153244	368	-672	16896	22.448	-40.992	1030.656	-304	
19193121	352	-688	16832	21.472	-41.968	1026.752	-256	
19232996	384	-672	16800	23.424	-40.992	1024.800	-272	
19272873	384	-704	16864	23.424	-42.944	1028.704	-272	
19312747	400	-656	16768	24.400	-40.016	1022.848	-272	
19352621	416	-688	16816	25.376	-41.968	1025.776	-288	
19392497	352	-672	16928	21.472	-40.992	1032.608	-288	
19432372	336	-656	16752	20.496	-40.016	1021.872	-240	
19472245	384	-688	16848	23.424	-41.968	1027.728	-288	
19512122	448	-672	16800	27.328	-40.992	1024.800	-288	
19551998	368	-672	16848	22.448	-40.992	1027.728	-256	
19591874	288	-720	16944	17.568	-43.920	1033.584	-304	
19631748	368	-704	16864	22.448	-42.944	1028.704	-288	
19671625	432	-672	16800	26.352	-40.992	1024.800	-304	
19711500	400	-688	16832	24.400	-41.968	1026.752	-272	
19751377	352	-704	16864	21.472	-42.944	1028.704	-304	
19791253	272	-672	16848	16.592	-40.992	1027.728	-304	
19831130	416	-656	16832	25.376	-40.016	1026.752	-304	
19871004	400	-752	16816	24.400	-45.872	1025.776	-256	
19910878	320	-656	16848	19.520	-40.016	1027.728	-272	
19950752	336	-688	16816	20.496	-41.968	1025.776	-240	
19990626	352	-704	16800	21.472	-42.944	1024.800	-288	
20030502	352	-704	16896	21.472	-42.944	1030.656	-304	
20070377	352	-736	16928	21.472	-44.896	1032.608	-256	
20110255	352	-656	16800	21.472	-40.016	1024.800	-256	
20150133	384	-672	16864	23.424	-40.992	1028.704	-256	
20190008	400	-688	16832	24.400	-41.968	1026.752	-272	
20229886	352	-688	16832	21.472	-41.968	1026.752	-272	
20269763	384	-720	16832	23.424	-43.920	1026.752	-288	
20309641	352	-672	16832	21.472	-40.992	1026.752	-272	
20349517	368	-640	16816	22.448	-39.040	1025.776	-304	
20389394	368	-656	16864	22.448	-40.016	1028.704	-272	
20429273	336	-720	16864	20.496	-43.920	1028.704	-272	
20469149	368	-656	16864	22.448	-40.016	1028.704	-272	
20509027	320	-656	16832	19.520	-40.016	1026.752	-272	
20548902	368	-704	16832	22.448	-42.944	1026.752	-256	
20588777	416	-688	16864	25.376	-41.968	1028.704	-304	
20628654	368	-672	16880	22.448	-40.992	1029.680	-288	
20668527	352	-688	16864	21.472	-41.968	1028.704	-304	
20708399	368	-656	16832	22.448	-40.016	1026.752	-272	
20748274	416	-656	16816	25.376	-40.016	1025.776	-272	
20788153	384	-656	16864	23.424	-40.016	1028.704	-272	
20828031	368	-720	16848	22.448	-43.920	1027.728	-272	
20867906	368	-736	16928	22.448	-44.896	1032.608	-272	
20907783	416	-656	16864	25.376	-40.016	1028.704	-240	
20947658	352	-688	16864	21.472	-41.968	1028.704	-272	
20987531	336	-704	16816	20.496	-42.944	1025.776	-288	
21027405	384	-688	16848	23.424	-41.968	1027.728	-272	
21067285	352	-720	16880	21.472	-43.920	1029.680	-272	
21107162	432	-688	16864	26.352	-41.968	1028.704	-288	
21147040	368	-704	16800	22.448	-42.944	1024.800	-256	
21186916	384	-656	16880	23.424	-40.016	1029.680	-240	
21226792	384	-640	16880	23.424	-39.040	1029.680	-224	
21266668	368	-688	16864	22.448	-41.968	1028.704	-272	
21306543	336	-672	16880	20.496	-40.992	1029.680	-272	
21346419	384	-688	16832	23.424	-41.968	1026.752	-256	
21386296	384	-736	16832	23.424	-44.896	1026.752	-304	
21426172	352	-704	16864	21.472	-42.944	1028.704	-272	
21466048	368	-704	16864	22.448	-42.944	1028.704	-304	
21505924	368	-672	16896	22.448	-40.992	1030.656	-288	
21545800	352	-672	16832	21.472	-40.992	1026.752	-288	
21585674	352	-688	16848	21.472	-41.968	1027.728	-272	
21625549	400	-704	16832	24.400	-42.944	1026.752	-272	
21665426	368	-704	16800	22.448	-42.944	1024.800	-320	
21705300	384	-672	16848	23.424	-40.992	1027.728	-304	
21745176	336	-672	16848	20.496	-40.992	1027.728	-272	
21785051	384	-720	16800	23.424	-43.920	1024.800	-288	
21824924	448	-736	16784	27.328	-44.896	1023.824	-272	
21864800	352	-736	16928	21.472	-44.896	1032.608	-272	
21904674	320	-672	16864	19.520	-40.992	1028.704	-272	
21944551	368	-704	16864	22.448	-42.944	1028.704	-256	
21984427	432	-688	16864	26.352	-41.968	1028.704	-288	
22024303	448	-720	16800	27.328	-43.920	1024.800	-240	
22064178	320	-736	16896	19.520	-44.896	1030.656	-256	
22104051	304	-704	16864	18.544	-42.944	1028.704	-272	
22143929	368	-672	16864	22.448	-40.992	1028.704	-272	
22183803	464	-688	16832	28.304	-41.968	1026.752	-256	
22223679	384	-640	16864	23.424	-39.040	1028.704	-256	
22263556	288	-688	16864	17.568	-41.968	1028.704	-288	
22303433	304	-736	16832	18.544	-44.896	1026.752	-304	
22343310	448	-608	16832	27.328	-37.088	1026.752	-272	
22383188	432	-688	16816	26.352	-41.968	1025.776	-288	
22423063	336	-688	16864	20.496	-41.968	1028.704	-288	
22462939	288	-624	16880	17.568	-38.064	1029.680	-272	
22502815	368	-720	16864	22.448	-43.920	1028.704	-272	
22542691	448	-640	16832	27.328	-39.040	1026.752	-256	
22582566	432	-672	16848	26.352	-40.992	1027.728	-256	
22622442	352	-720	16816	21.472	-43.920	1025.776	-272	
22662314	336	-688	16864	20.496	-41.968	1028.704	-272	
22702187	400	-688	16880	24.400	-41.968	1029.680	-272	
22742063	400	-672	16832	24.400	-40.992	1026.752	-288	
22781940	336	-688	16848	20.496	-41.968	1027.728	-288	
22821816	336	-656	16864	20.496	-40.016	1028.704	-272	
22861692	368	-672	16864	22.448	-40.992	1028.704	-272	
22901571	400	-688	16864	24.400	-41.968	1028.704	-272	
22941448	352	-704	16848	21.472	-42.944	1027.728	-288	
22981322	352	-672	16816	21.472	-40.992	1025.776	-256	
23021198	384	-704	16848	23.424	-42.944	1027.728	-304	
23061073	384	-688	16864	23.424	-41.968	1028.704	-304	
23100946	352	-704	16880	21.472	-42.944	1029.680	-304	
23140819	336	-656	16848	20.496	-40.016	1027.728	-256	
23180693	368	-720	16816	22.448	-43.920	1025.776	-272	
23220568	384	-640	16864	23.424	-39.040	1028.704	-288	
23260442	368	-704	16816	22.448	-42.944	1025.776	-304	
23300316	368	-720	16864	22.448	-43.920	1028.704	-304	
23340190	336	-688	16880	20.496	-41.968	1029.680	-272	
23380067	416	-656	16864	25.376	-40.016	1028.704	-304	
23419943	368	-736	16736	22.448	-44.896	1020.896	-256	
23459818	368	-656	16800	22.448	-40.016	1024.800	-288	
23499695	400	-672	16864	24.400	-40.992	1028.704	-320	
23539568	400	-720	16832	24.400	-43.920	1026.752	-304	
23579441	368	-704	16832	22.448	-42.944	1026.752	-304	
23619316	400	-704	16832	24.400	-42.944	1026.752	-320	
23659192	320	-672	16832	19.520	-40.992	1026.752	-320	
23699064	352	-720	16800	21.472	-43.920	1024.800	-256	
23738940	432	-704	16928	26.352	-42.944	1032.608	-256	
23778815	448	-672	16784	27.328	-40.992	1023.824	-288	
23818690	336	-688	16800	20.496	-41.968	1024.800	-240	
23858566	320	-656	16816	19.520	-40.016	1025.776	-288	
23898441	384	-672	16864	23.424	-40.992	1028.704	-272	
23938315	432	-688	16864	26.352	-41.968	1028.704	-272	
23978190	336	-704	16832	20.496	-42.944	1026.752	-272	
24018067	336	-720	16928	20.496	-43.920	1032.608	-288	
24057942	368	-704	16880	22.448	-42.944	1029.680	-288	
24097817	384	-640	16896	23.424	-39.040	1030.656	-304	
24137692	352	-736	16832	21.472	-44.896	1026.752	-304	
24177566	352	-704	16832	21.472	-42.944	1026.752	-288	
24217439	432	-656	16816	26.352	-40.016	1025.776	-272	
24257312	400	-704	16864	24.400	-42.944	1028.704	-272	
24297187	320	-704	16864	19.520	-42.944	1028.704	-256	
24337061	368	-672	16832	22.448	-40.992	1026.752	-272	
24376936	400	-688	16832	24.400	-41.968	1026.752	-288	
24416809	416	-640	16848	25.376	-39.040	1027.728	-256	
24456684	320	-656	16880	19.520	-40.016	1029.680	-304	
24496560	304	-688	16864	18.544	-41.968	1028.704	-272	
24536433	352	-704	16864	21.472	-42.944	1028.704	-288	
24576307	416	-688	16864	25.376	-41.968	1028.704	-288	
24616182	384	-688	16816	23.424	-41.968	1025.776	-240	
24656056	320	-720	16864	19.520	-43.920	1028.704	-288	
24695931	352	-672	16816	21.472	-40.992	1025.776	-288	
24735804	400	-656	16864	24.400	-40.016	1028.704	-288	
24775678	352	-688	16848	21.472	-41.968	1027.728	-272	
24815553	384	-656	16864	23.424	-40.016	1028.704	-256	
24855427	368	-688	16864	22.448	-41.968	1028.704	-288	
24895299	384	-704	16880	23.424	-42.944	1029.680	-320	
24935171	384	-720	16864	23.424	-43.920	1028.704	-272	
24975044	368	-672	16832	22.448	-40.992	1026.752	-288	
25014917	368	-672	16864	22.448	-40.992	1028.704	-256	
25054789	368	-672	16864	22.448	-40.992	1028.704	-256	
25094660	384	-672	16864	23.424	-40.992	1028.704	-240	
25134532	416	-672	16848	25.376	-40.992	1027.728	-256	
25174405	352	-656	16784	21.472	-40.016	1023.824	-256	
25214279	384	-672	16848	23.424	-40.992	1027.728	-288	
25254151	352	-640	16864	21.472	-39.040	1028.704	-288	
25294025	400	-688	16864	24.400	-41.968	1028.704	-288	
25333896	368	-688	16832	22.448	-41.968	1026.752	-272	
25373769	384	-720	16864	23.424	-43.920	1028.704	-288	
25413643	368	-688	16816	22.448	-41.968	1025.776	-304	
25453517	320	-736	16848	19.520	-44.896	1027.728	-288	
25493390	352	-688	16848	21.472	-41.968	1027.728	-240	
25533265	384	-672	16864	23.424	-40.992	1028.704	-272	
25573141	336	-688	16816	20.496	-41.968	1025.776	-272	
25613016	352	-672	16896	21.472	-40.992	1030.656	-288	
25652889	368	-752	16864	22.448	-45.872	1028.704	-256	
25692761	368	-672	16864	22.448	-40.992	1028.704	-256	
25732635	368	-640	16912	22.448	-39.040	1031.632	-256	
25772510	384	-688	16864	23.424	-41.968	1028.704	-256	
25812383	352	-656	16864	21.472	-40.016	1028.704	-288	
25852253	368	-688	16864	22.448	-41.968	1028.704	-288	
25892124	384	-672	16800	23.424	-40.992	1024.800	-304	
25931998	384	-704	16864	23.424	-42.944	1028.704	-240	
25971869	368	-672	16832	22.448	-40.992	1026.752	-288	
26011741	368	-704	16832	22.448	-42.944	1026.752	-288	
26051612	336	-704	16864	20.496	-42.944	1028.704	-304	
26091488	368	-672	16864	22.448	-40.992	1028.704	-240	
26131365	336	-688	16880	20.496	-41.968	1029.680	-256	
26171239	352	-640	16880	21.472	-39.040	1029.680	-272	
26211115	400	-672	16832	24.400	-40.992	1026.752	-320	
26250994	384	-720	16848	23.424	-43.920	1027.728	-240	
26290870	352	-640	16832	21.472	-39.040	1026.752	-288	
26330748	368	-704	16864	22.448	-42.944	1028.704	-272	
26370623	384	-704	16832	23.424	-42.944	1026.752	-320	
26410496	368	-672	16832	22.448	-40.992	1026.752	-288	
26450371	352	-656	16832	21.472	-40.016	1026.752	-256	
26490248	352	-704	16864	21.472	-42.944	1028.704	-272	
26530125	352	-672	16864	21.472	-40.992	1028.704	-272	
26570001	400	-688	16848	24.400	-41.968	1027.728	-272	
26609878	384	-720	16832	23.424	-43.920	1026.752	-240	
26649757	384	-736	16864	23.424	-44.896	1028.704	-304	
26689634	400	-704	16864	24.400	-42.944	1028.704	-256	
26729511	352	-688	16864	21.472	-41.968	1028.704	-288	
26769388	320	-768	16832	19.520	-46.848	1026.752	-288	
26809265	368	-704	16832	22.448	-42.944	1026.752	-240	
26849141	352	-704	16832	21.472	-42.944	1026.752	-272	
26889016	384	-672	16864	23.424	-40.992	1028.704	-288	
26928893	368	-688	16864	22.448	-41.968	1028.704	-272	
26968769	384	-720	16864	23.424	-43.920	1028.704	-288	
27008645	368	-688	16816	22.448	-41.968	1025.776	-304	
27048521	368	-704	16832	22.448	-42.944	1026.752	-288	
27088397	336	-656	16880	20.496	-40.016	1029.680	-272	
27128273	352	-688	16832	21.472	-41.968	1026.752	-224	
27168150	368	-704	16832	22.448	-42.944	1026.752	-288	
27208024	384	-704	16848	23.424	-42.944	1027.728	-288	
27247899	336	-688	16848	20.496	-41.968	1027.728	-240	
27287777	320	-720	16880	19.520	-43.920	1029.680	-288	
27327649	400	-672	16816	24.400	-40.992	1025.776	-272	
27367522	400	-688	16832	24.400	-41.968	1026.752	-288	
27407395	384	-688	16832	23.424	-41.968	1026.752	-272	
27447268	400	-704	16880	24.400	-42.944	1029.680	-256	
27487144	384	-720	16832	23.424	-43.920	1026.752	-304	
27527019	384	-688	16832	23.424	-41.968	1026.752	-272	
27566893	368	-736	16832	22.448	-44.896	1026.752	-288	
27606765	352	-656	16848	21.472	-40.016	1027.728	-256	
27646639	384	-720	16816	23.424	-43.920	1025.776	-256	
27686513	352	-688	16848	21.472	-41.968	1027.728	-288	
27726389	400	-672	16864	24.400	-40.992	1028.704	-304	
27766264	352	-672	16864	21.472	-40.992	1028.704	-320	
27806141	400	-704	16896	24.400	-42.944	1030.656	-272	
27846016	384	-688	16864	23.424	-41.968	1028.704	-288	
27885892	384	-672	16800	23.424	-40.992	1024.800	-272	
27925767	384	-656	16880	23.424	-40.016	1029.680	-272	
27965641	400	-672	16880	24.400	-40.992	1029.680	-304	
28005515	368	-672	16832	22.448	-40.992	1026.752	-240	
28045387	384	-688	16848	23.424	-41.968	1027.728	-304	
28085259	352	-656	16912	21.472	-40.016	1031.632	-304	
28125131	368	-688	16816	22.448	-41.968	1025.776	-272	
28165005	384	-656	16848	23.424	-40.016	1027.728	-272	
28204879	352	-704	16864	21.472	-42.944	1028.704	-272	
28244753	400	-720	16816	24.400	-43.920	1025.776	-288	
28284630	400	-704	16880	24.400	-42.944	1029.680	-272	
28324508	336	-704	16864	20.496	-42.944	1028.704	-256	
28364385	368	-688	16864	22.448	-41.968	1028.704	-272	
28404258	400	-704	16864	24.400	-42.944	1028.704	-256	
28444133	384	-704	16784	23.424	-42.944	1023.824	-272	
28484007	352	-688	16848	21.472	-41.968	1027.728	-288	
28523880	352	-688	16832	21.472	-41.968	1026.752	-288	
28563756	384	-672	16880	23.424	-40.992	1029.680	-288	
28603631	368	-720	16800	22.448	-43.920	1024.800	-288	
28643505	368	-688	16896	22.448	-41.968	1030.656	-288	
28683379	320	-688	16848	19.520	-41.968	1027.728	-272	
28723257	384	-704	16880	23.424	-42.944	1029.680	-304	
28763132	400	-704	16848	24.400	-42.944	1027.728	-304	
28803010	384	-672	16864	23.424	-40.992	1028.704	-320	
28842885	368	-672	16832	22.448	-40.992	1026.752	-304	
28882761	368	-704	16864	22.448	-42.944	1028.704	-272	
28922635	400	-656	16800	24.400	-40.016	1024.800	-288	
28962510	352	-656	16848	21.472	-40.016	1027.728	-288	
29002386	368	-704	16880	22.448	-42.944	1029.680	-256	
29042260	352	-688	16848	21.472	-41.968	1027.728	-256	
29082134	352	-704	16848	21.472	-42.944	1027.728	-288	
29122007	384	-672	16832	23.424	-40.992	1026.752	-288	
29161880	352	-640	16864	21.472	-39.040	1028.704	-272	
29201755	304	-720	16848	18.544	-43.920	1027.728	-256	
29241631	368	-688	16800	22.448	-41.968	1024.800	-272	
29281506	416	-672	16864	25.376	-40.992	1028.704	-256	
29321381	400	-688	16832	24.400	-41.968	1026.752	-272	
29361254	384	-704	16880	23.424	-42.944	1029.680	-288	
29401128	352	-672	16864	21.472	-40.992	1028.704	-288	
29441004	400	-656	16880	24.400	-40.016	1029.680	-256	
29480879	432	-672	16832	26.352	-40.992	1026.752	-320	
29520753	384	-704	16832	23.424	-42.944	1026.752	-272	
29560630	400	-640	16848	24.400	-39.040	1027.728	-288	
29600503	352	-656	16864	21.472	-40.016	1028.704	-320	
29640378	384	-688	16864	23.424	-41.968	1028.704	-272	
29680254	336	-656	16864	20.496	-40.016	1028.704	-272	
29720129	352	-688	16896	21.472	-41.968	1030.656	-256	
29760004	416	-688	16864	25.376	-41.968	1028.704	-288	
29799879	368	-688	16880	22.448	-41.968	1029.680	-304	
29839756	336	-688	16832	20.496	-41.968	1026.752	-272	
29879632	368	-688	16880	22.448	-41.968	1029.680	-256	
29919510	352	-704	16864	21.472	-42.944	1028.704	-288	
29959385	416	-688	16832	25.376	-41.968	1026.752	-256	
29999260	448	-688	16816	27.328	-41.968	1025.776	-288	
30039132	368	-720	16832	22.448	-43.920	1026.752	-272	
30079007	336	-704	16800	20.496	-42.944	1024.800	-240	
30118881	384	-672	16800	23.424	-40.992	1024.800	-272	
30158756	336	-736	16832	20.496	-44.896	1026.752	-304	
30198628	400	-688	16848	24.400	-41.968	1027.728	-256	
30238502	368	-736	16848	22.448	-44.896	1027.728	-272	
30278378	384	-656	16864	23.424	-40.016	1028.704	-304	
30318254	368	-736	16832	22.448	-44.896	1026.752	-256	
30358127	368	-688	16800	22.448	-41.968	1024.800	-288	
30398000	352	-656	16864	21.472	-40.016	1028.704	-288	
30437873	400	-688	16864	24.400	-41.968	1028.704	-256	
30477748	336	-688	16864	20.496	-41.968	1028.704	-288	
30517622	368	-688	16848	22.448	-41.968	1027.728	-288	
30557494	352	-704	16864	21.472	-42.944	1028.704	-256	
30597370	368	-672	16880	22.448	-40.992	1029.680	-272	
30637244	352	-688	16832	21.472	-41.968	1026.752	-288	
30677121	400	-672	16848	24.400	-40.992	1027.728	-288	
30716996	400	-672	16832	24.400	-40.992	1026.752	-272	
30756871	368	-688	16864	22.448	-41.968	1028.704	-256	
30796746	352	-688	16864	21.472	-41.968	1028.704	-272	
30836622	384	-672	16864	23.424	-40.992	1028.704	-272	
30876496	352	-688	16864	21.472	-41.968	1028.704	-304	
30916372	384	-704	16816	23.424	-42.944	1025.776	-272	
30956245	368	-704	16816	22.448	-42.944	1025.776	-272	
30996119	384	-688	16864	23.424	-41.968	1028.704	-256	
31035993	384	-656	16864	23.424	-40.016	1028.704	-256	
31075868	352	-704	16864	21.472	-42.944	1028.704	-288	
31115743	368	-672	16848	22.448	-40.992	1027.728	-256	
31155619	368	-672	16816	22.448	-40.992	1025.776	-304	
31195493	384	-672	16896	23.424	-40.992	1030.656	-256	
31235367	368	-688	16832	22.448	-41.968	1026.752	-320	
31275242	336	-704	16848	20.496	-42.944	1027.728	-272	
31315116	368	-704	16832	22.448	-42.944	1026.752	-304	
31354992	336	-704	16816	20.496	-42.944	1025.776	-288	
31394863	320	-640	16800	19.520	-39.040	1024.800	-272	
31434737	368	-736	16800	22.448	-44.896	1024.800	-272	
31474612	400	-672	16800	24.400	-40.992	1024.800	-272	
31514488	448	-640	16816	27.328	-39.040	1025.776	-272	
31554364	336	-704	16864	20.496	-42.944	1028.704	-304	
31594240	320	-704	16864	19.520	-42.944	1028.704	-272	
31634115	400	-688	16816	24.400	-41.968	1025.776	-272	
31673993	464	-736	16864	28.304	-44.896	1028.704	-304	
31713869	384	-752	16848	23.424	-45.872	1027.728	-272	
31753743	400	-720	16832	24.400	-43.920	1026.752	-304	
31793617	368	-656	16832	22.448	-40.016	1026.752	-288	
31833492	384	-656	16848	23.424	-40.016	1027.728	-288	
31873368	432	-672	16848	26.352	-40.992	1027.728	-256	
31913242	336	-704	16832	20.496	-42.944	1026.752	-320	
31953119	352	-704	16832	21.472	-42.944	1026.752	-304	
31992996	368	-688	16880	22.448	-41.968	1029.680	-304	
32032871	416	-688	16832	25.376	-41.968	1026.752	-272	
32072744	384	-672	16864	23.424	-40.992	1028.704	-288	
32112616	336	-704	16864	20.496	-42.944	1028.704	-288	
32152488	368	-704	16864	22.448	-42.944	1028.704	-256	
32192362	368	-688	16864	22.448	-41.968	1028.704	-288	
32232236	416	-688	16880	25.376	-41.968	1029.680	-272	
32272110	368	-672	16896	22.448	-40.992	1030.656	-272	
32311984	352	-672	16864	21.472	-40.992	1028.704	-272	
32351859	384	-672	16912	23.424	-40.992	1031.632	-256	
32391737	400	-688	16832	24.400	-41.968	1026.752	-272	
32431611	336	-688	16848	20.496	-41.968	1027.728	-272	
32471486	368	-672	16832	22.448	-40.992	1026.752	-256	
32511359	336	-704	16832	20.496	-42.944	1026.752	-256	
32551233	384	-720	16832	23.424	-43.920	1026.752	-240	
32591108	400	-672	16864	24.400	-40.992	1028.704	-256	
32630981	400	-656	16880	24.400	-40.016	1029.680	-288	
32670854	336	-672	16864	20.496	-40.992	1028.704	-256	
32710727	384	-736	16832	23.424	-44.896	1026.752	-224	
32750605	384	-672	16848	23.424	-40.992	1027.728	-256	
32790482	368	-688	16864	22.448	-41.968	1028.704	-288	
32830358	352	-736	16832	21.472	-44.896	1026.752	-272	
32870231	352	-672	16848	21.472	-40.992	1027.728	-304	
32910108	368	-704	16816	22.448	-42.944	1025.776	-256	
32949982	384	-704	16832	23.424	-42.944	1026.752	-288	
32989857	336	-688	16864	20.496	-41.968	1028.704	-288	
33029729	336	-720	16832	20.496	-43.920	1026.752	-304	
33069602	368	-768	16832	22.448	-46.848	1026.752	-272	
33109480	368	-672	16864	22.448	-40.992	1028.704	-240	
33149355	352	-720	16864	21.472	-43.920	1028.704	-272	
33189229	384	-704	16800	23.424	-42.944	1024.800	-288	
33229106	368	-704	16800	22.448	-42.944	1024.800	-272	
33268980	352	-656	16832	21.472	-40.016	1026.752	-304	
33308855	336	-688	16832	20.496	-41.968	1026.752	-320	
33348728	384	-720	16800	23.424	-43.920	1024.800	-304	
33388602	384	-672	16880	23.424	-40.992	1029.680	-272	
33428478	384	-704	16800	23.424	-42.944	1024.800	-288	
33468350	320	-672	16880	19.520	-40.992	1029.680	-272	
33508223	352	-672	16864	21.472	-40.992	1028.704	-288	
33548096	384	-672	16896	23.424	-40.992	1030.656	-288	
33587969	384	-656	16848	23.424	-40.016	1027.728	-288	
33627844	384	-672	16864	23.424	-40.992	1028.704	-304	
33667722	384	-720	16880	23.424	-43.920	1029.680	-272	
33707597	304	-688	16864	18.544	-41.968	1028.704	-288	
33747472	352	-688	16816	21.472	-41.968	1025.776	-320	
33787347	368	-704	16816	22.448	-42.944	1025.776	-288	
33827220	416	-720	16832	25.376	-43.920	1026.752	-240	
33867094	352	-704	16832	21.472	-42.944	1026.752	-288	
33906965	288	-688	16832	17.568	-41.968	1026.752	-304	
33946837	336	-720	16832	20.496	-43.920	1026.752	-304	
33986711	384	-704	16880	23.424	-42.944	1029.680	-272	
34026584	384	-688	16848	23.424	-41.968	1027.728	-240	
34066461	368	-704	16816	22.448	-42.944	1025.776	-304	
34106337	400	-752	16800	24.400	-45.872	1024.800	-256	
34146213	352	-672	16832	21.472	-40.992	1026.752	-304	
34186089	416	-704	16864	25.376	-42.944	1028.704	-256	
34225963	352	-704	16816	21.472	-42.944	1025.776	-320	
34265838	368	-704	16816	22.448	-42.944	1025.776	-272	
34305713	336	-656	16800	20.496	-40.016	1024.800	-256	
34345589	384	-672	16848	23.424	-40.992	1027.728	-256	
34385466	352	-656	16848	21.472	-40.016	1027.728	-288	
34425339	384	-672	16864	23.424	-40.992	1028.704	-240	
34465215	384	-704	16864	23.424	-42.944	1028.704	-240	
34505091	320	-672	16896	19.520	-40.992	1030.656	-240	
34544966	384	-672	16800	23.424	-40.992	1024.800	-240	
34584841	432	-672	16848	26.352	-40.992	1027.728	-288	
34624716	400	-704	16880	24.400	-42.944	1029.680	-272	
34664593	336	-720	16864	20.496	-43.920	1028.704	-256	
34704467	320	-656	16800	19.520	-40.016	1024.800	-288	
34744340	416	-704	16864	25.376	-42.944	1028.704	-272	
34784211	464	-688	16832	28.304	-41.968	1026.752	-288	
34824085	368	-704	16832	22.448	-42.944	1026.752	-256	
34863958	320	-704	16864	19.520	-42.944	1028.704	-304	
34903832	336	-688	16864	20.496	-41.968	1028.704	-288	
34943704	384	-752	16816	23.424	-45.872	1025.776	-240	
34983575	448	-704	16832	27.328	-42.944	1026.752	-272	
35023446	352	-656	16864	21.472	-40.016	1028.704	-288	
35063319	352	-672	16800	21.472	-40.992	1024.800	-288	
35103193	352	-672	16832	21.472	-40.992	1026.752	-304	
35143067	400	-640	16816	24.400	-39.040	1025.776	-288	
35182941	432	-688	16816	26.352	-41.968	1025.776	-288	
35222814	384	-672	16816	23.424	-40.992	1025.776	-288	
35262686	352	-672	16880	21.472	-40.992	1029.680	-224	
35302555	368	-720	16816	22.448	-43.920	1025.776	-288	
35342429	432	-704	16816	26.352	-42.944	1025.776	-272	
35382303	400	-704	16832	24.400	-42.944	1026.752	-256	
35422177	304	-736	16864	18.544	-44.896	1028.704	-256	
35462050	368	-704	16864	22.448	-42.944	1028.704	-272	
35501923	384	-688	16864	23.424	-41.968	1028.704	-304	
35541795	384	-720	16800	23.424	-43.920	1024.800	-256	
35581670	368	-672	16832	22.448	-40.992	1026.752	-288	
35621544	368	-704	16816	22.448	-42.944	1025.776	-288	
35661419	368	-672	16928	22.448	-40.992	1032.608	-304	
35701293	432	-688	16848	26.352	-41.968	1027.728	-272	
35741166	320	-688	16832	19.520	-41.968	1026.752	-256	
35781037	368	-672	16816	22.448	-40.992	1025.776	-304	
35820912	384	-688	16832	23.424	-41.968	1026.752	-288	
35860787	400	-704	16864	24.400	-42.944	1028.704	-304	
35900660	320	-688	16848	19.520	-41.968	1027.728	-304	
35940534	320	-640	16816	19.520	-39.040	1025.776	-240	
35980409	368	-704	16816	22.448	-42.944	1025.776	-288	
36020285	384	-672	16816	23.424	-40.992	1025.776	-272	
36060161	320	-704	16816	19.520	-42.944	1025.776	-272	
36100037	352	-688	16816	21.472	-41.968	1025.776	-288	
36139911	352	-688	16848	21.472	-41.968	1027.728	-272	
36179786	400	-672	16864	24.400	-40.992	1028.704	-272	
36219657	368	-736	16816	22.448	-44.896	1025.776	-256	
36259534	352	-704	16848	21.472	-42.944	1027.728	-256	
36299409	384	-688	16864	23.424	-41.968	1028.704	-272	
36339284	336	-704	16880	20.496	-42.944	1029.680	-304	
36379155	352	-704	16832	21.472	-42.944	1026.752	-288	
36419030	384	-640	16864	23.424	-39.040	1028.704	-256	
36458906	384	-704	16896	23.424	-42.944	1030.656	-288	
36498781	368	-704	16864	22.448	-42.944	1028.704	-304	
36538656	368	-656	16848	22.448	-40.016	1027.728	-304	
36578533	400	-688	16832	24.400	-41.968	1026.752	-304	
36618411	400	-672	16848	24.400	-40.992	1027.728	-288	
36658286	352	-688	16864	21.472	-41.968	1028.704	-256	
36698159	304	-672	16832	18.544	-40.992	1026.752	-272	
36738031	336	-656	16864	20.496	-40.016	1028.704	-288	
36777906	400	-656	16864	24.400	-40.016	1028.704	-256	
36817783	368	-688	16800	22.448	-41.968	1024.800	-288	
36857660	336	-656	16880	20.496	-40.016	1029.680	-304	
36897536	352	-720	16880	21.472	-43.920	1029.680	-288	
36937411	416	-704	16800	25.376	-42.944	1024.800	-272	
36977288	416	-720	16848	25.376	-43.920	1027.728	-288	
37017165	368	-672	16816	22.448	-40.992	1025.776	-288	
37057042	320	-688	16848	19.520	-41.968	1027.728	-272	
37096920	320	-720	16864	19.520	-43.920	1028.704	-272	
37136797	384	-688	16864	23.424	-41.968	1028.704	-272	
37176674	400	-704	16800	24.400	-42.944	1024.800	-288	
37216550	352	-736	16912	21.472	-44.896	1031.632	-288	
37256425	384	-736	16864	23.424	-44.896	1028.704	-304	
37296302	416	-672	16832	25.376	-40.992	1026.752	-304	
37336178	400	-688	16880	24.400	-41.968	1029.680	-288	
37376055	320	-704	16832	19.520	-42.944	1026.752	-272	
37415933	368	-704	16848	22.448	-42.944	1027.728	-288	
37455809	432	-624	16880	26.352	-38.064	1029.680	-320	
37495684	400	-672	16864	24.400	-40.992	1028.704	-288	
37535559	352	-672	16800	21.472	-40.992	1024.800	-288	
37575433	272	-656	16768	16.592	-40.016	1022.848	-272	
37615311	384	-720	16832	23.424	-43.920	1026.752	-240	
37655186	432	-720	16832	26.352	-43.920	1026.752	-304	
37695063	368	-640	16864	22.448	-39.040	1028.704	-288	
37734938	304	-672	16864	18.544	-40.992	1028.704	-256	
37774815	352	-656	16864	21.472	-40.016	1028.704	-304	
37814694	448	-704	16848	27.328	-42.944	1027.728	-320	
37854570	384	-688	16864	23.424	-41.968	1028.704	-272	
37894446	336	-656	16864	20.496	-40.016	1028.704	-288	
37934323	336	-704	16848	20.496	-42.944	1027.728	-272	
37974199	400	-704	16848	24.400	-42.944	1027.728	-288	
38014076	384	-688	16864	23.424	-41.968	1028.704	-288	
38053953	352	-672	16848	21.472	-40.992	1027.728	-272	
38093826	352	-656	16864	21.472	-40.016	1028.704	-304	
38133705	400	-656	16880	24.400	-40.016	1029.680	-320	
38173583	480	-736	16848	29.280	-44.896	1027.728	-272	
38213461	336	-704	16864	20.496	-42.944	1028.704	-304	
38253336	336	-688	16832	20.496	-41.968	1026.752	-304	
38293210	432	-656	16672	26.352	-40.016	1016.992	-288	
38333087	400	-720	16800	24.400	-43.920	1024.800	-304	
38372964	352	-720	16800	21.472	-43.920	1024.800	-288	
38412840	320	-656	16864	19.520	-40.016	1028.704	-272	
38452715	320	-688	16816	19.520	-41.968	1025.776	-288	
38492592	384	-720	16880	23.424	-43.920	1029.680	-272	
38532467	400	-672	16864	24.400	-40.992	1028.704	-272	
38572343	368	-688	16864	22.448	-41.968	1028.704	-304	
38612219	336	-688	16832	20.496	-41.968	1026.752	-272	
38652094	368	-688	16848	22.448	-41.968	1027.728	-304	
38691969	416	-672	16832	25.376	-40.992	1026.752	-256	
38731847	384	-736	16816	23.424	-44.896	1025.776	-256	
38771721	352	-688	16848	21.472	-41.968	1027.728	-272	
38811594	336	-704	16864	20.496	-42.944	1028.704	-256	
38851471	384	-704	16816	23.424	-42.944	1025.776	-288	
38891347	416	-688	16816	25.376	-41.968	1025.776	-304	
38931222	352	-688	16848	21.472	-41.968	1027.728	-272	
38971096	368	-704	16864	22.448	-42.944	1028.704	-304	
39010972	384	-704	16864	23.424	-42.944	1028.704	-288	
39050848	416	-688	16848	25.376	-41.968	1027.728	-272	
39090723	352	-704	16832	21.472	-42.944	1026.752	-320	
39130598	336	-656	16864	20.496	-40.016	1028.704	-304	
39170473	384	-704	16832	23.424	-42.944	1026.752	-272	
39210348	432	-672	16864	26.352	-40.992	1028.704	-304	
39250221	368	-704	16864	22.448	-42.944	1028.704	-272	
39290095	352	-672	16864	21.472	-40.992	1028.704	-320	
39329972	400	-688	16800	24.400	-41.968	1024.800	-256	
39369848	384	-672	16832	23.424	-40.992	1026.752	-288	
39409722	352	-688	16560	21.472	-41.968	1010.160	-288	
39449597	368	-736	16976	22.448	-44.896	1035.536	-288	
39489472	448	-688	16800	27.328	-41.968	1024.800	-256	
39529347	416	-640	16800	25.376	-39.040	1024.800	-288	
39569224	336	-640	16864	20.496	-39.040	1028.704	-288	
39609100	384	-720	16768	23.424	-43.920	1022.848	-272	
39648975	432	-656	16880	26.352	-40.016	1029.680	-288	
39688849	352	-656	16864	21.472	-40.016	1028.704	-288	
39728721	368	-704	16848	22.448	-42.944	1027.728	-288	
39768597	384	-704	16864	23.424	-42.944	1028.704	-288	
39808472	352	-656	16880	21.472	-40.016	1029.680	-288	
39848347	352	-688	16816	21.472	-41.968	1025.776	-256	
39888222	320	-688	16832	19.520	-41.968	1026.752	-304	
39928093	368	-672	16848	22.448	-40.992	1027.728	-304	
39967967	368	-688	16832	22.448	-41.968	1026.752	-272	
40007841	368	-704	16864	22.448	-42.944	1028.704	-272	
40047715	384	-704	16864	23.424	-42.944	1028.704	-288	
40087588	368	-688	16800	22.448	-41.968	1024.800	-320	
40127462	320	-688	16848	19.520	-41.968	1027.728	-272	
40167337	400	-656	16880	24.400	-40.016	1029.680	-320	
40207213	384	-688	16864	23.424	-41.968	1028.704	-288	
40247087	368	-704	16848	22.448	-42.944	1027.728	-288	
40286963	368	-688	16848	22.448	-41.968	1027.728	-272	
40326838	368	-672	16864	22.448	-40.992	1028.704	-304	
40366716	416	-672	16864	25.376	-40.992	1028.704	-320	
40406590	400	-688	16800	24.400	-41.968	1024.800	-304	
40446466	320	-720	16864	19.520	-43.920	1028.704	-288	
40486342	352	-720	16800	21.472	-43.920	1024.800	-320	
40526218	384	-704	16880	23.424	-42.944	1029.680	-336	
40566090	368	-688	16880	22.448	-41.968	1029.680	-256	
40605965	400	-688	16864	24.400	-41.968	1028.704	-272	
40645842	352	-704	16864	21.472	-42.944	1028.704	-256	
40685718	352	-656	16848	21.472	-40.016	1027.728	-304	
40725592	448	-656	16864	27.328	-40.016	1028.704	-288	
40765466	384	-656	16832	23.424	-40.016	1026.752	-320	
40805342	416	-704	16800	25.376	-42.944	1024.800	-288	
40845219	400	-720	16864	24.400	-43.920	1028.704	-336	
40885097	384	-704	16848	23.424	-42.944	1027.728	-288	
40924975	336	-688	16864	20.496	-41.968	1028.704	-288	
40964855	368	-640	16816	22.448	-39.040	1025.776	-304	
41004732	352	-704	16848	21.472	-42.944	1027.728	-336	
41044604	368	-672	16832	22.448	-40.992	1026.752	-288	
41084479	336	-688	16880	20.496	-41.968	1029.680	-256	
41124353	368	-688	16864	22.448	-41.968	1028.704	-272	
41164228	368	-704	16848	22.448	-42.944	1027.728	-288	
41204104	384	-688	16848	23.424	-41.968	1027.728	-240	
41243977	400	-656	16864	24.400	-40.016	1028.704	-288	
41283850	400	-704	16832	24.400	-42.944	1026.752	-272	
41323727	368	-688	16816	22.448	-41.968	1025.776	-304	
41363604	368	-720	16832	22.448	-43.920	1026.752	-288	
41403480	400	-656	16848	24.400	-40.016	1027.728	-272	
41443354	384	-688	16816	23.424	-41.968	1025.776	-304	
41483226	384	-688	16848	23.424	-41.968	1027.728	-256	
41523100	352	-704	16864	21.472	-42.944	1028.704	-304	
41562975	336	-704	16864	20.496	-42.944	1028.704	-272	
41602852	400	-672	16800	24.400	-40.992	1024.800	-304	
41642726	384	-704	16800	23.424	-42.944	1024.800	-288	
41682603	368	-624	16880	22.448	-38.064	1029.680	-272	
41722482	384	-704	16880	23.424	-42.944	1029.680	-272	
41762358	384	-688	16864	23.424	-41.968	1028.704	-304	
41802232	368	-656	16864	22.448	-40.016	1028.704	-304	
41842109	352	-720	16848	21.472	-43.920	1027.728	-288	
41881985	400	-672	16848	24.400	-40.992	1027.728	-288	
41921861	384	-672	16848	23.424	-40.992	1027.728	-304	
41961735	352	-704	16832	21.472	-42.944	1026.752	-288	
42001609	384	-688	16864	23.424	-41.968	1028.704	-272	
42041485	368	-688	16816	22.448	-41.968	1025.776	-320	
42081362	384	-656	16880	23.424	-40.016	1029.680	-288	
42121238	400	-720	16864	24.400	-43.920	1028.704	-288	
42161115	384	-688	16832	23.424	-41.968	1026.752	-304	
42200991	352	-688	16816	21.472	-41.968	1025.776	-288	
42240866	400	-736	16848	24.400	-44.896	1027.728	-288	
42280743	384	-656	16864	23.424	-40.016	1028.704	-288	
42320618	352	-672	16864	21.472	-40.992	1028.704	-288	
42360494	400	-704	16864	24.400	-42.944	1028.704	-288	
42400368	384	-704	16864	23.424	-42.944	1028.704	-288	
42440241	384	-688	16832	23.424	-41.968	1026.752	-288	
42480115	368	-688	16832	22.448	-41.968	1026.752	-304	
42519990	352	-672	16832	21.472	-40.992	1026.752	-272	
42559866	368	-672	16832	22.448	-40.992	1026.752	-256	
42599742	336	-672	16832	20.496	-40.992	1026.752	-272	
42639615	400	-720	16752	24.400	-43.920	1021.872	-304	
42679491	384	-704	16832	23.424	-42.944	1026.752	-304	
42719368	400	-704	16864	24.400	-42.944	1028.704	-288	
42759242	368	-672	16816	22.448	-40.992	1025.776	-304	
42799119	352	-688	16864	21.472	-41.968	1028.704	-320	
42838995	368	-688	16832	22.448	-41.968	1026.752	-272	
42878867	368	-720	16800	22.448	-43.920	1024.800	-288	
42918744	336	-672	16864	20.496	-40.992	1028.704	-320	
42958620	384	-720	16816	23.424	-43.920	1025.776	-304	
42998496	368	-688	16832	22.448	-41.968	1026.752	-304	
43038374	384	-688	16864	23.424	-41.968	1028.704	-320	
43078246	384	-704	16864	23.424	-42.944	1028.704	-272	
43118122	368	-704	16864	22.448	-42.944	1028.704	-288	
43157995	432	-688	16864	26.352	-41.968	1028.704	-288	
43197872	384	-720	16832	23.424	-43.920	1026.752	-288	
43237747	384	-688	16832	23.424	-41.968	1026.752	-256	
43277621	352	-704	16832	21.472	-42.944	1026.752	-304	
43317499	368	-672	16848	22.448	-40.992	1027.728	-304	
43357377	352	-672	16864	21.472	-40.992	1028.704	-256	
43397256	352	-704	16832	21.472	-42.944	1026.752	-272	
43437132	352	-672	16832	21.472	-40.992	1026.752	-304	
43477008	320	-656	16848	19.520	-40.016	1027.728	-272	
43516886	320	-688	16880	19.520	-41.968	1029.680	-304	
43556761	416	-704	16864	25.376	-42.944	1028.704	-288	
43596636	352	-704	16816	21.472	-42.944	1025.776	-304	
43636508	400	-656	16832	24.400	-40.016	1026.752	-304	
43676383	352	-688	16880	21.472	-41.968	1029.680	-288	
43716257	352	-688	16848	21.472	-41.968	1027.728	-288	
43756131	416	-704	16864	25.376	-42.944	1028.704	-288	
43796004	368	-688	16816	22.448	-41.968	1025.776	-288	
43835878	320	-656	16864	19.520	-40.016	1028.704	-288	
43875752	400	-688	16816	24.400	-41.968	1025.776	-272	
43915628	336	-688	16864	20.496	-41.968	1028.704	-320	
43955503	384	-720	16864	23.424	-43.920	1028.704	-288	
43995375	352	-688	16880	21.472	-41.968	1029.680	-272	
44035248	384	-704	16848	23.424	-42.944	1027.728	-320	
44075126	368	-672	16784	22.448	-40.992	1023.824	-304	
44115001	400	-656	16864	24.400	-40.016	1028.704	-288	
44154874	352	-672	16832	21.472	-40.992	1026.752	-320	
44194749	368	-688	16880	22.448	-41.968	1029.680	-304	
44234623	368	-720	16864	22.448	-43.920	1028.704	-288	
44274497	336	-640	16848	20.496	-39.040	1027.728	-272	
44314371	352	-672	16896	21.472	-40.992	1030.656	-272	
44354244	368	-672	16864	22.448	-40.992	1028.704	-304	
44394118	368	-640	16864	22.448	-39.040	1028.704	-272	
44433992	368	-704	16864	22.448	-42.944	1028.704	-256	
44473866	368	-704	16800	22.448	-42.944	1024.800	-304	
44513740	336	-656	16832	20.496	-40.016	1026.752	-304	
44553616	352	-672	16848	21.472	-40.992	1027.728	-288	
44593489	400	-688	16832	24.400	-41.968	1026.752	-352	
44633362	416	-688	16864	25.376	-41.968	1028.704	-304	
44673239	400	-672	16864	24.400	-40.992	1028.704	-272	
44713113	352	-688	16832	21.472	-41.968	1026.752	-288	
44752985	368	-736	16832	22.448	-44.896	1026.752	-256	
44792858	368	-640	16816	22.448	-39.040	1025.776	-288	
44832732	352	-688	16864	21.472	-41.968	1028.704	-320	
44872607	336	-736	16832	20.496	-44.896	1026.752	-304	
44912479	384	-720	16832	23.424	-43.920	1026.752	-304	
44952351	368	-752	16768	22.448	-45.872	1022.848	-304	
44992223	368	-720	16848	22.448	-43.920	1027.728	-320	
45032097	384	-656	16864	23.424	-40.016	1028.704	-272	
45071971	384	-720	16816	23.424	-43.920	1025.776	-272	
45111844	352	-704	16848	21.472	-42.944	1027.728	-304	
45151717	368	-688	16864	22.448	-41.968	1028.704	-256	
45191591	352	-656	16816	21.472	-40.016	1025.776	-288	
45231464	336	-656	16864	20.496	-40.016	1028.704	-304	
45271338	352	-672	16880	21.472	-40.992	1029.680	-304	
45311211	384	-640	16816	23.424	-39.040	1025.776	-288	
45351086	368	-672	16800	22.448	-40.992	1024.800	-272	
45390964	336	-704	16816	20.496	-42.944	1025.776	-304	
45430842	336	-704	16816	20.496	-42.944	1025.776	-288	
45470718	400	-704	16848	24.400	-42.944	1027.728	-288	
45510594	400	-672	16832	24.400	-40.992	1026.752	-304	
45550472	368	-688	16832	22.448	-41.968	1026.752	-272	
45590346	352	-688	16864	21.472	-41.968	1028.704	-240	
45630219	368	-688	16864	22.448	-41.968	1028.704	-256	
45670092	384	-704	16832	23.424	-42.944	1026.752	-288	
45709967	352	-688	16864	21.472	-41.968	1028.704	-256	
45749844	400	-704	16880	24.400	-42.944	1029.680	-304	
45789718	368	-688	16864	22.448	-41.968	1028.704	-272	
45829590	368	-640	16880	22.448	-39.040	1029.680	-304	
45869465	368	-688	16832	22.448	-41.968	1026.752	-256	
45909338	368	-704	16816	22.448	-42.944	1025.776	-256	
45949214	352	-704	16848	21.472	-42.944	1027.728	-288	
45989086	400	-704	16832	24.400	-42.944	1026.752	-272	
46028961	400	-688	16832	24.400	-41.968	1026.752	-256	
46068836	352	-672	16864	21.472	-40.992	1028.704	-288	
46108709	368	-688	16896	22.448	-41.968	1030.656	-288	
46148586	368	-640	16720	22.448	-39.040	1019.920	-288	
46188463	400	-688	16928	24.400	-41.968	1032.608	-304	
46228340	336	-736	16816	20.496	-44.896	1025.776	-320	
46268215	304	-656	16864	18.544	-40.016	1028.704	-288	
46308092	336	-672	16832	20.496	-40.992	1026.752	-272	
46347969	368	-672	16800	22.448	-40.992	1024.800	-320	
46387843	336	-672	16896	20.496	-40.992	1030.656	-256	
46427719	336	-672	16880	20.496	-40.992	1029.680	-288	
46467596	304	-720	16832	18.544	-43.920	1026.752	-336	
46507470	416	-720	16864	25.376	-43.920	1028.704	-288	
46547347	400	-656	16848	24.400	-40.016	1027.728	-304	
46587223	384	-672	16880	23.424	-40.992	1029.680	-288	
46627099	352	-704	16864	21.472	-42.944	1028.704	-288	
46666974	304	-704	16832	18.544	-42.944	1026.752	-320	
46706848	352	-720	16832	21.472	-43.920	1026.752	-288	
46746721	432	-736	16832	26.352	-44.896	1026.752	-320	
46786594	416	-704	16848	25.376	-42.944	1027.728	-288	
46826469	368	-640	16848	22.448	-39.040	1027.728	-304	
46866344	368	-704	16816	22.448	-42.944	1025.776	-304	
46906216	384	-704	16864	23.424	-42.944	1028.704	-304	
46946089	384	-656	16832	23.424	-40.016	1026.752	-304	
46985962	352	-688	16896	21.472	-41.968	1030.656	-304	
47025838	416	-688	16832	25.376	-41.968	1026.752	-272	
47065713	384	-704	16864	23.424	-42.944	1028.704	-288	
47105589	368	-672	16864	22.448	-40.992	1028.704	-272	
47145461	336	-704	16864	20.496	-42.944	1028.704	-272	
47185337	368	-688	16832	22.448	-41.968	1026.752	-272	
47225212	368	-672	16880	22.448	-40.992	1029.680	-272	
47265088	368	-640	16832	22.448	-39.040	1026.752	-272	
47304960	352	-704	16816	21.472	-42.944	1025.776	-304	
47344836	384	-704	16864	23.424	-42.944	1028.704	-256	
47384711	368	-672	16816	22.448	-40.992	1025.776	-288	
47424585	400	-704	16864	24.400	-42.944	1028.704	-352	
47464457	352	-688	16848	21.472	-41.968	1027.728	-256	
47504332	336	-656	16864	20.496	-40.016	1028.704	-272	
47544204	352	-688	16864	21.472	-41.968	1028.704	-256	
47584079	368	-640	16864	22.448	-39.040	1028.704	-320	
47623955	416	-720	16800	25.376	-43.920	1024.800	-288	
47663829	384	-688	16832	23.424	-41.968	1026.752	-288	
47703701	400	-672	16832	24.400	-40.992	1026.752	-320	
47743573	368	-704	16864	22.448	-42.944	1028.704	-272	
47783447	400	-640	16864	24.400	-39.040	1028.704	-272	
47823324	400	-656	16864	24.400	-40.016	1028.704	-304	
47863199	336	-688	16864	20.496	-41.968	1028.704	-288	
47903073	336	-688	16816	20.496	-41.968	1025.776	-240	
47942948	352	-736	16880	21.472	-44.896	1029.680	-288	
47982823	368	-672	16864	22.448	-40.992	1028.704	-256	
48022697	384	-720	16864	23.424	-43.920	1028.704	-288	
48062574	368	-688	16880	22.448	-41.968	1029.680	-288	
48102447	384	-672	16816	23.424	-40.992	1025.776	-272	
48142320	320	-736	16896	19.520	-44.896	1030.656	-256	
48182194	336	-672	16816	20.496	-40.992	1025.776	-336	
48222067	416	-704	16832	25.376	-42.944	1026.752	-240	
48261941	352	-656	16848	21.472	-40.016	1027.728	-288	
48301816	368	-688	16848	22.448	-41.968	1027.728	-272	
48341692	384	-656	16864	23.424	-40.016	1028.704	-272	
48381567	336	-688	16848	20.496	-41.968	1027.728	-304	
48421441	400	-640	16832	24.400	-39.040	1026.752	-288	
48461316	368	-688	16832	22.448	-41.968	1026.752	-272	
48501188	400	-704	16848	24.400	-42.944	1027.728	-272	
48541064	352	-688	16816	21.472	-41.968	1025.776	-288	
48580939	368	-656	16864	22.448	-40.016	1028.704	-272	
48620816	336	-672	16816	20.496	-40.992	1025.776	-288	
48660691	368	-736	16864	22.448	-44.896	1028.704	-304	
48700565	368	-640	16832	22.448	-39.040	1026.752	-256	
48740440	336	-640	16944	20.496	-39.040	1033.584	-304	
48780317	400	-640	16832	24.400	-39.040	1026.752	-320	
48820197	384	-672	16864	23.424	-40.992	1028.704	-288	
48860076	384	-720	16800	23.424	-43.920	1024.800	-288	
48899955	368	-656	16864	22.448	-40.016	1028.704	-256	
48939832	336	-672	16864	20.496	-40.992	1028.704	-272	
48979709	368	-704	16848	22.448	-42.944	1027.728	-304	
49019584	384	-640	16848	23.424	-39.040	1027.728	-304	
49059459	400	-672	16832	24.400	-40.992	1026.752	-256	
49099333	400	-704	16816	24.400	-42.944	1025.776	-240	
49139211	336	-720	16864	20.496	-43.920	1028.704	-288	
49179087	400	-672	16864	24.400	-40.992	1028.704	-272	
49218964	400	-672	16864	24.400	-40.992	1028.704	-304	
49258840	400	-704	16864	24.400	-42.944	1028.704	-288	
49298715	384	-688	16864	23.424	-41.968	1028.704	-272	
49338588	352	-672	16848	21.472	-40.992	1027.728	-272	
49378461	384	-704	16800	23.424	-42.944	1024.800	-288	
49418337	400	-640	16880	24.400	-39.040	1029.680	-272	
49458215	400	-688	16880	24.400	-41.968	1029.680	-304	
49498088	352	-704	16864	21.472	-42.944	1028.704	-304	
49537961	352	-704	16800	21.472	-42.944	1024.800	-288	
49577834	336	-688	16816	20.496	-41.968	1025.776	-288	
49617709	352	-672	16880	21.472	-40.992	1029.680	-304	
49657582	400	-688	16864	24.400	-41.968	1028.704	-288	
49697455	384	-704	16864	23.424	-42.944	1028.704	-288	
49737328	352	-640	16816	21.472	-39.040	1025.776	-304	
49777202	384	-704	16912	23.424	-42.944	1031.632	-256	
49817077	384	-688	16864	23.424	-41.968	1028.704	-256	
49856947	368	-720	16880	22.448	-43.920	1029.680	-304	
49896820	336	-704	16848	20.496	-42.944	1027.728	-336	
49936694	368	-704	16832	22.448	-42.944	1026.752	-320	
49976568	368	-688	16784	22.448	-41.968	1023.824	-272	
50016440	368	-672	16864	22.448	-40.992	1028.704	-272	
50056313	384	-704	16864	23.424	-42.944	1028.704	-288	
50096187	384	-688	16848	23.424	-41.968	1027.728	-288	
50136065	384	-704	16864	23.424	-42.944	1028.704	-272	
50175940	384	-688	16864	23.424	-41.968	1028.704	-272	
50215818	352	-720	16864	21.472	-43.920	1028.704	-272	
50255694	368	-656	16896	22.448	-40.016	1030.656	-288	
50295569	400	-656	16896	24.400	-40.016	1030.656	-288	
50335444	336	-672	16832	20.496	-40.992	1026.752	-272	
50375318	416	-688	16832	25.376	-41.968	1026.752	-272	
50415192	368	-688	16848	22.448	-41.968	1027.728	-304	
50455068	368	-704	16896	22.448	-42.944	1030.656	-272	
50494943	336	-736	16864	20.496	-44.896	1028.704	-256	
50534817	352	-656	16832	21.472	-40.016	1026.752	-336	
50574691	368	-688	16896	22.448	-41.968	1030.656	-272	
50614566	384	-704	16816	23.424	-42.944	1025.776	-288	
50654442	352	-672	16864	21.472	-40.992	1028.704	-272	
50694313	384	-720	16896	23.424	-43.920	1030.656	-256	
50734189	368	-640	16832	22.448	-39.040	1026.752	-304	
50774063	368	-688	16848	22.448	-41.968	1027.728	-256	
50813940	352	-688	16864	21.472	-41.968	1028.704	-304	
50853816	368	-640	16848	22.448	-39.040	1027.728	-288	
50893693	384	-672	16880	23.424	-40.992	1029.680	-288	
50933569	352	-752	16864	21.472	-45.872	1028.704	-304	
50973444	368	-720	16800	22.448	-43.920	1024.800	-288	
51013321	368	-640	16880	22.448	-39.040	1029.680	-272	
51053197	368	-704	16800	22.448	-42.944	1024.800	-288	
51093075	384	-672	16928	23.424	-40.992	1032.608	-288	
51132953	352	-704	16832	21.472	-42.944	1026.752	-288	
51172831	352	-720	16864	21.472	-43.920	1028.704	-288	
51212706	368	-656	16848	22.448	-40.016	1027.728	-304	
51252581	384	-704	16832	23.424	-42.944	1026.752	-272	
51292455	400	-720	16848	24.400	-43.920	1027.728	-288	
51332331	368	-720	16848	22.448	-43.920	1027.728	-288	
51372210	384	-704	16832	23.424	-42.944	1026.752	-288	
51412089	304	-704	16880	18.544	-42.944	1029.680	-304	
51451967	384	-656	16816	23.424	-40.016	1025.776	-272	
51491841	368	-656	16912	22.448	-40.016	1031.632	-288	
51531714	432	-768	16800	26.352	-46.848	1024.800	-272	
51571586	384	-688	16880	23.424	-41.968	1029.680	-272	
51611462	384	-688	16880	23.424	-41.968	1029.680	-304	
51651338	400	-688	16864	24.400	-41.968	1028.704	-272	
51691214	336	-688	16864	20.496	-41.968	1028.704	-256	
51731089	384	-640	16832	23.424	-39.040	1026.752	-288	
51770967	400	-656	16848	24.400	-40.016	1027.728	-256	
51810841	400	-672	16880	24.400	-40.992	1029.680	-256	
51850716	400	-656	16864	24.400	-40.016	1028.704	-272	
51890593	384	-656	16848	23.424	-40.016	1027.728	-272	
51930466	384	-672	16736	23.424	-40.992	1020.896	-288	
51970341	368	-688	16944	22.448	-41.968	1033.584	-272	
52010217	400	-672	16880	24.400	-40.992	1029.680	-288	
52050094	384	-688	16864	23.424	-41.968	1028.704	-272	
52089969	384	-688	16848	23.424	-41.968	1027.728	-304	
52129844	352	-688	16864	21.472	-41.968	1028.704	-288	
52169718	400	-656	16832	24.400	-40.016	1026.752	-288	
52209593	352	-736	16832	21.472	-44.896	1026.752	-288	
52249470	400	-720	16832	24.400	-43.920	1026.752	-272	
52289345	352	-672	16848	21.472	-40.992	1027.728	-304	
52329225	400	-720	16704	24.400	-43.920	1018.944	-320	
52369102	384	-720	16832	23.424	-43.920	1026.752	-272	
52408979	384	-720	16800	23.424	-43.920	1024.800	-256	
52448854	384	-672	16816	23.424	-40.992	1025.776	-304	
52488732	368	-672	16864	22.448	-40.992	1028.704	-240	
52528612	336	-688	16832	20.496	-41.968	1026.752	-256	
52568490	368	-656	16880	22.448	-40.016	1029.680	-272	
52608368	352	-656	16880	21.472	-40.016	1029.680	-256	
52648245	384	-688	16832	23.424	-41.968	1026.752	-256	
52688123	368	-704	16928	22.448	-42.944	1032.608	-288	
52727997	384	-688	16800	23.424	-41.968	1024.800	-256	
52767873	400	-672	16800	24.400	-40.992	1024.800	-256	
52807746	352	-672	16848	21.472	-40.992	1027.728	-288	
52847622	368	-720	16832	22.448	-43.920	1026.752	-272	
52887500	368	-624	16864	22.448	-38.064	1028.704	-304	
52927374	384	-752	16864	23.424	-45.872	1028.704	-272	
52967251	368	-672	16848	22.448	-40.992	1027.728	-304	
53007130	336	-720	16848	20.496	-43.920	1027.728	-256	
53047006	336	-672	16976	20.496	-40.992	1035.536	-288	
53086885	336	-640	16784	20.496	-39.040	1023.824	-256	
53126763	400	-704	16848	24.400	-42.944	1027.728	-304	
53166640	368	-688	16800	22.448	-41.968	1024.800	-320	
53206516	352	-672	16816	21.472	-40.992	1025.776	-272	
53246393	336	-640	16848	20.496	-39.040	1027.728	-272	
53286269	368	-688	16864	22.448	-41.968	1028.704	-288	
53326144	336	-656	16864	20.496	-40.016	1028.704	-288	
53366020	384	-688	16848	23.424	-41.968	1027.728	-288	
53405895	400	-704	16864	24.400	-42.944	1028.704	-272	
53445769	352	-720	16960	21.472	-43.920	1034.560	-256	
53485641	368	-688	16896	22.448	-41.968	1030.656	-256	
53525514	368	-672	16880	22.448	-40.992	1029.680	-272	
53565389	384	-656	16848	23.424	-40.016	1027.728	-272	
53605263	368	-672	16816	22.448	-40.992	1025.776	-272	
53645138	352	-672	16896	21.472	-40.992	1030.656	-272	
53685013	400	-688	16864	24.400	-41.968	1028.704	-272	
53724890	352	-688	16816	21.472	-41.968	1025.776	-288	
53764766	384	-736	17008	23.424	-44.896	1037.488	-288	
53804641	368	-720	16864	22.448	-43.920	1028.704	-272	
53844517	400	-704	16880	24.400	-42.944	1029.680	-272	
53884392	416	-672	16848	25.376	-40.992	1027.728	-288	
53924267	368	-688	16864	22.448	-41.968	1028.704	-272	
53964141	352	-624	16800	21.472	-38.064	1024.800	-320	
54004015	336	-688	16816	20.496	-41.968	1025.776	-304	
54043890	368	-672	16880	22.448	-40.992	1029.680	-272	
54083765	416	-704	16864	25.376	-42.944	1028.704	-256	
54123643	416	-656	16816	25.376	-40.016	1025.776	-288	
54163517	336	-704	16832	20.496	-42.944	1026.752	-256	
54203394	368	-656	16880	22.448	-40.016	1029.680	-256	
54243268	368	-672	16880	22.448	-40.992	1029.680	-288	
54283144	368	-688	16864	22.448	-41.968	1028.704	-304	
54323019	368	-672	16864	22.448	-40.992	1028.704	-304	
54362895	368	-704	16864	22.448	-42.944	1028.704	-256	
54402771	368	-672	16848	22.448	-40.992	1027.728	-288	
54442646	336	-672	16864	20.496	-40.992	1028.704	-272	
54482521	368	-720	16832	22.448	-43.920	1026.752	-288	
54522397	352	-688	16864	21.472	-41.968	1028.704	-256	
54562271	352	-704	16832	21.472	-42.944	1026.752	-288	
54602146	368	-672	16848	22.448	-40.992	1027.728	-272	
54642021	416	-720	16832	25.376	-43.920	1026.752	-288	
54681899	336	-704	16768	20.496	-42.944	1022.848	-288	
54721775	416	-656	16736	25.376	-40.016	1020.896	-256	
54761648	384	-672	16800	23.424	-40.992	1024.800	-320	
54801524	368	-672	16816	22.448	-40.992	1025.776	-320	
54841399	352	-688	16880	21.472	-41.968	1029.680	-304	
54881276	400	-688	16880	24.400	-41.968	1029.680	-288	
54921152	416	-672	16800	25.376	-40.992	1024.800	-304	
54961027	384	-672	16832	23.424	-40.992	1026.752	-288	
55000902	352	-688	17008	21.472	-41.968	1037.488	-256	
55040778	368	-704	16608	22.448	-42.944	1013.088	-272	
55080650	400	-656	16864	24.400	-40.016	1028.704	-288	
55120526	336	-704	16752	20.496	-42.944	1021.872	-256	
55160402	368	-656	16864	22.448	-40.016	1028.704	-256	
55200277	400	-656	16768	24.400	-40.016	1022.848	-304	
55240150	384	-720	16848	23.424	-43.920	1027.728	-272	
55280023	400	-672	16848	24.400	-40.992	1027.728	-240	
55319898	384	-688	16848	23.424	-41.968	1027.728	-256	
55359773	368	-736	16832	22.448	-44.896	1026.752	-272	
55399650	336	-672	16960	20.496	-40.992	1034.560	-304	
55439526	352	-656	16944	21.472	-40.016	1033.584	-256	
55479399	368	-688	16832	22.448	-41.968	1026.752	-304	
55519274	416	-640	16832	25.376	-39.040	1026.752	-304	
55559150	384	-688	16800	23.424	-41.968	1024.800	-288	
55599024	336	-672	16848	20.496	-40.992	1027.728	-272	
55638895	400	-672	16816	24.400	-40.992	1025.776	-288	
55678767	368	-672	16992	22.448	-40.992	1036.512	-288	
55718638	384	-688	16816	23.424	-41.968	1025.776	-288	
55758512	368	-688	16752	22.448	-41.968	1021.872	-272	
55798388	368	-656	16832	22.448	-40.016	1026.752	-304	
55838265	384	-704	16816	23.424	-42.944	1025.776	-288	
55878138	384	-704	16896	23.424	-42.944	1030.656	-288	
55918013	400	-704	16832	24.400	-42.944	1026.752	-304	
55957888	336	-672	16864	20.496	-40.992	1028.704	-256	
55997765	336	-640	17056	20.496	-39.040	1040.416	-272	
56037639	400	-704	16784	24.400	-42.944	1023.824	-288	
56077516	352	-720	16816	21.472	-43.920	1025.776	-256	
56117395	384	-704	16864	23.424	-42.944	1028.704	-288	
56157269	400	-704	16800	24.400	-42.944	1024.800	-320	
56197145	400	-688	16880	24.400	-41.968	1029.680	-256	
56237020	352	-688	16800	21.472	-41.968	1024.800	-288	
56276898	320	-672	16864	19.520	-40.992	1028.704	-320	
56316775	336	-704	16944	20.496	-42.944	1033.584	-256	
56356651	384	-640	17088	23.424	-39.040	1042.368	-224	
56396526	368	-704	16800	22.448	-42.944	1024.800	-272	
56436401	384	-672	16976	23.424	-40.992	1035.536	-256	
56476276	384	-672	16848	23.424	-40.992	1027.728	-288	
56516150	368	-672	16864	22.448	-40.992	1028.704	-272	
56556026	384	-688	16816	23.424	-41.968	1025.776	-256	
56595903	416	-688	16800	25.376	-41.968	1024.800	-288	
56635780	432	-688	16880	26.352	-41.968	1029.680	-288	
56675653	416	-688	16816	25.376	-41.968	1025.776	-304	
56715528	368	-672	16960	22.448	-40.992	1034.560	-272	
56755402	432	-704	16736	26.352	-42.944	1020.896	-320	
56795275	384	-752	16752	23.424	-45.872	1021.872	-272	
56835149	336	-672	16816	20.496	-40.992	1025.776	-272	
56875025	400	-720	16800	24.400	-43.920	1024.800	-256	
56914900	384	-672	16832	23.424	-40.992	1026.752	-288	
56954776	416	-688	16800	25.376	-41.968	1024.800	-304	
56994648	352	-720	16784	21.472	-43.920	1023.824	-304	
57034526	400	-720	16848	24.400	-43.920	1027.728	-272	
57074402	416	-656	17088	25.376	-40.016	1042.368	-288	
57114279	400	-672	16816	24.400	-40.992	1025.776	-256	
57154155	384	-704	16928	23.424	-42.944	1032.608	-240	
57194031	416	-656	16848	25.376	-40.016	1027.728	-272	
57233907	416	-688	16864	25.376	-41.968	1028.704	-288	
57273783	448	-704	16864	27.328	-42.944	1028.704	-240	
57313662	416	-688	16816	25.376	-41.968	1025.776	-272	
57353537	416	-672	16896	25.376	-40.992	1030.656	-288	
57393414	352	-688	16960	21.472	-41.968	1034.560	-256	
57433291	432	-640	17008	26.352	-39.040	1037.488	-272	
57473165	352	-704	16848	21.472	-42.944	1027.728	-272	
57513040	400	-672	16944	24.400	-40.992	1033.584	-256	
57552916	416	-656	16848	25.376	-40.016	1027.728	-256	
57592794	400	-688	16832	24.400	-41.968	1026.752	-256	
57632672	416	-688	16800	25.376	-41.968	1024.800	-288	
57672548	368	-688	16816	22.448	-41.968	1025.776	-272	
57712423	416	-704	16800	25.376	-42.944	1024.800	-304	
57752300	416	-640	16752	25.376	-39.040	1021.872	-288	
57792177	368	-752	16928	22.448	-45.872	1032.608	-288	
57832052	384	-688	16752	23.424	-41.968	1021.872	-240	
57871929	384	-720	16912	23.424	-43.920	1031.632	-288	
57911804	368	-688	16816	22.448	-41.968	1025.776	-288	
57951681	400	-656	16864	24.400	-40.016	1028.704	-288	
57991558	368	-704	16816	22.448	-42.944	1025.776	-272	
58031433	400	-688	16848	24.400	-41.968	1027.728	-272	
58071312	400	-688	16816	24.400	-41.968	1025.776	-288	
58111186	400	-688	16768	24.400	-41.968	1022.848	-272	
58151060	384	-704	16720	23.424	-42.944	1019.920	-288	
58190934	416	-720	16864	25.376	-43.920	1028.704	-240	
58230810	384	-736	16768	23.424	-44.896	1022.848	-256	
58270689	368	-688	16864	22.448	-41.968	1028.704	-288	
58310562	384	-720	16864	23.424	-43.920	1028.704	-272	
58350437	384	-672	16864	23.424	-40.992	1028.704	-288	
58390310	400	-688	16864	24.400	-41.968	1028.704	-256	
58430184	368	-656	16832	22.448	-40.016	1026.752	-320	
58470057	400	-720	16896	24.400	-43.920	1030.656	-288	
58509930	384	-672	17008	23.424	-40.992	1037.488	-256	
58549803	400	-720	16800	24.400	-43.920	1024.800	-256	
58589680	352	-656	16944	21.472	-40.016	1033.584	-256	
58629555	352	-672	16864	21.472	-40.992	1028.704	-288	
58669430	384	-656	16832	23.424	-40.016	1026.752	-288	
58709304	352	-688	16816	21.472	-41.968	1025.776	-288	
58749178	352	-672	16816	21.472	-40.992	1025.776	-320	
58789056	352	-672	16848	21.472	-40.992	1027.728	-256	
58828933	352	-704	16880	21.472	-42.944	1029.680	-272	
58868812	368	-704	16864	22.448	-42.944	1028.704	-272	
58908688	368	-704	16736	22.448	-42.944	1020.896	-288	
58948561	336	-672	16928	20.496	-40.992	1032.608	-256	
58988434	384	-656	16832	23.424	-40.016	1026.752	-288	
59028311	400	-704	16880	24.400	-42.944	1029.680	-272	
59068187	384	-688	16848	23.424	-41.968	1027.728	-304	
59108063	352	-720	16864	21.472	-43.920	1028.704	-256	
59147937	384	-672	16848	23.424	-40.992	1027.728	-288	
59187813	352	-688	16880	21.472	-41.968	1029.680	-336	
59227688	384	-672	16816	23.424	-40.992	1025.776	-304	
59267565	432	-624	16880	26.352	-38.064	1029.680	-288	
59307439	432	-656	17024	26.352	-40.016	1038.464	-272	
59347317	368	-688	16864	22.448	-41.968	1028.704	-272	
59387193	384	-672	16960	23.424	-40.992	1034.560	-256	
59427069	400	-672	16928	24.400	-40.992	1032.608	-288	
59466944	416	-656	16864	25.376	-40.016	1028.704	-288	
59506819	400	-704	16864	24.400	-42.944	1028.704	-304	
59546696	416	-704	16816	25.376	-42.944	1025.776	-272	
59586573	368	-672	16864	22.448	-40.992	1028.704	-288	
59626451	352	-656	16896	21.472	-40.016	1030.656	-304	
59666329	384	-656	16864	23.424	-40.016	1028.704	-272	
59706206	368	-672	16880	22.448	-40.992	1029.680	-256	
59746082	384	-672	16880	23.424	-40.992	1029.680	-320	
59785956	320	-672	16880	19.520	-40.992	1029.680	-320	
59825834	336	-688	16848	20.496	-41.968	1027.728	-240	
59865706	384	-720	16800	23.424	-43.920	1024.800	-304	
59905581	400	-656	16800	24.400	-40.016	1024.800	-240	
59945454	384	-704	16832	23.424	-42.944	1026.752	-288	
59985330	432	-640	16624	26.352	-39.040	1014.064	-272	
60025203	384	-704	16896	23.424	-42.944	1030.656	-304	
60065078	336	-720	16752	20.496	-43.920	1021.872	-288	
60104957	384	-720	16896	23.424	-43.920	1030.656	-304	
60144835	400	-720	16832	24.400	-43.920	1026.752	-272	
60184712	384	-720	17008	23.424	-43.920	1037.488	-272	
60224591	384	-672	16736	23.424	-40.992	1020.896	-272	
60264467	336	-704	16960	20.496	-42.944	1034.560	-272	
60304345	336	-688	16816	20.496	-41.968	1025.776	-272	
60344220	400	-688	16832	24.400	-41.968	1026.752	-272	
60384096	336	-672	17056	20.496	-40.992	1040.416	-304	
60423970	416	-688	16800	25.376	-41.968	1024.800	-304	
60463844	384	-672	16864	23.424	-40.992	1028.704	-272	
60503717	352	-704	16784	21.472	-42.944	1023.824	-288	
60543593	352	-688	16832	21.472	-41.968	1026.752	-288	
60583468	368	-672	16928	22.448	-40.992	1032.608	-304	
60623341	400	-672	16816	24.400	-40.992	1025.776	-272	
60663217	352	-688	16864	21.472	-41.968	1028.704	-272	
60703093	352	-640	16848	21.472	-39.040	1027.728	-288	
60742968	416	-688	16704	25.376	-41.968	1018.944	-288	
60782844	352	-656	16880	21.472	-40.016	1029.680	-336	
60822718	400	-640	16784	24.400	-39.040	1023.824	-272	
60862595	352	-720	16880	21.472	-43.920	1029.680	-288	
60902471	400	-688	16816	24.400	-41.968	1025.776	-272	
60942346	384	-672	16928	23.424	-40.992	1032.608	-272	
60982219	416	-688	16864	25.376	-41.968	1028.704	-288	
61022094	368	-672	16864	22.448	-40.992	1028.704	-304	
61061964	400	-688	16864	24.400	-41.968	1028.704	-304	
61101838	368	-688	16880	22.448	-41.968	1029.680	-320	
61141716	400	-688	16896	24.400	-41.968	1030.656	-288	
61181590	368	-736	16880	22.448	-44.896	1029.680	-304	
61221466	368	-704	16880	22.448	-42.944	1029.680	-272	
61261340	368	-688	16848	22.448	-41.968	1027.728	-288	
61301214	384	-640	16832	23.424	-39.040	1026.752	-256	
61341087	400	-656	16880	24.400	-40.016	1029.680	-304	
61380961	336	-688	16864	20.496	-41.968	1028.704	-288	
61420838	368	-672	16864	22.448	-40.992	1028.704	-304	
61460711	352	-704	16848	21.472	-42.944	1027.728	-320	
61500584	400	-704	16832	24.400	-42.944	1026.752	-288	
61540460	368	-688	16864	22.448	-41.968	1028.704	-288	
61580336	368	-688	16832	22.448	-41.968	1026.752	-336	
61620213	368	-656	16880	22.448	-40.016	1029.680	-288	
61660086	368	-720	16848	22.448	-43.920	1027.728	-320	
61699959	352	-656	16832	21.472	-40.016	1026.752	-288	
61739832	336	-688	16832	20.496	-41.968	1026.752	-304	
61779705	384	-672	16864	23.424	-40.992	1028.704	-256	
61819578	336	-656	16864	20.496	-40.016	1028.704	-256	
61859449	384	-688	16864	23.424	-41.968	1028.704	-320	
61899322	368	-704	16704	22.448	-42.944	1018.944	-320	
61939195	320	-688	16992	19.520	-41.968	1036.512	-288	
61979067	352	-672	16880	21.472	-40.992	1029.680	-304	
62018939	384	-688	16896	23.424	-41.968	1030.656	-272	
62058815	368	-736	16864	22.448	-44.896	1028.704	-272	
62098689	400	-688	16832	24.400	-41.968	1026.752	-272	
62138562	384	-656	16896	23.424	-40.016	1030.656	-240	
62178435	400	-704	16832	24.400	-42.944	1026.752	-256	
62218310	336	-720	16816	20.496	-43.920	1025.776	-240	
62258185	400	-688	16816	24.400	-41.968	1025.776	-256	
62298058	384	-672	16672	23.424	-40.992	1016.992	-288	
62337929	384	-704	17040	23.424	-42.944	1039.440	-272	
62377801	400	-688	16928	24.400	-41.968	1032.608	-288	
62417675	368	-672	16880	22.448	-40.992	1029.680	-320	
62457548	384	-688	16896	23.424	-41.968	1030.656	-304	
62497418	368	-704	16672	22.448	-42.944	1016.992	-256	
62537291	368	-656	16784	22.448	-40.016	1023.824	-288	
62577160	384	-640	16880	23.424	-39.040	1029.680	-288	
62617032	384	-672	16880	23.424	-40.992	1029.680	-288	
62656904	320	-704	16880	19.520	-42.944	1029.680	-304	
62696778	368	-672	16816	22.448	-40.992	1025.776	-304	
62736650	384	-672	16880	23.424	-40.992	1029.680	-272	
62776522	400	-704	16864	24.400	-42.944	1028.704	-288	
62816395	384	-704	16848	23.424	-42.944	1027.728	-288	
62856269	352	-688	16928	21.472	-41.968	1032.608	-288	
62896144	336	-704	16800	20.496	-42.944	1024.800	-288	
62936016	384	-672	16800	23.424	-40.992	1024.800	-288	
62975891	400	-736	16848	24.400	-44.896	1027.728	-272	
63015766	368	-688	16816	22.448	-41.968	1025.776	-288	
63055640	352	-688	16864	21.472	-41.968	1028.704	-256	
63095516	352	-624	16832	21.472	-38.064	1026.752	-272	
63135390	368	-704	16816	22.448	-42.944	1025.776	-288	
63175264	400	-704	16864	24.400	-42.944	1028.704	-272	
63215138	336	-688	16880	20.496	-41.968	1029.680	-288	
63255014	400	-720	16832	24.400	-43.920	1026.752	-256	
