Timestamp [us]	A_X [LSB]	A_Y [LSB]	A_Z [LSB]	A_X [mg]	A_Y [mg]	A_Z [mg]	QVAR [LSB]	
18521	288	-720	16784	17.568	-43.920	1023.824	-256	
58408	272	-720	16864	16.592	-43.920	1028.704	-256	
98295	256	-688	16864	15.616	-41.968	1028.704	-256	
138181	272	-752	16832	16.592	-45.872	1026.752	-272	
178069	320	-720	16928	19.520	-43.920	1032.608	-272	
217957	240	-720	16848	14.640	-43.920	1027.728	-304	
257842	272	-672	16880	16.592	-40.992	1029.680	-240	
297729	304	-720	16864	18.544	-43.920	1028.704	-256	
337618	288	-736	16864	17.568	-44.896	1028.704	-272	
377507	256	-688	16864	15.616	-41.968	1028.704	-272	
417395	256	-688	16880	15.616	-41.968	1029.680	-288	
457284	304	-720	16848	18.544	-43.920	1027.728	-272	
497172	272	-736	16864	16.592	-44.896	1028.704	-288	
537061	320	-688	16816	19.520	-41.968	1025.776	-288	
576948	240	-736	16864	14.640	-44.896	1028.704	-256	
616836	288	-672	16880	17.568	-40.992	1029.680	-304	
656724	288	-672	16864	17.568	-40.992	1028.704	-256	
696613	288	-704	16768	17.568	-42.944	1022.848	-272	
736502	336	-752	16864	20.496	-45.872	1028.704	-288	
776391	256	-704	16864	15.616	-42.944	1028.704	-256	
816280	272	-720	16864	16.592	-43.920	1028.704	-272	
856167	304	-736	16832	18.544	-44.896	1026.752	-288	
896052	288	-688	16832	17.568	-41.968	1026.752	-272	
935938	240	-672	16880	14.640	-40.992	1029.680	-272	
975821	304	-704	16848	18.544	-42.944	1027.728	-256	
1015708	304	-672	16832	18.544	-40.992	1026.752	-256	
1055592	288	-736	16832	17.568	-44.896	1026.752	-304	
1095478	256	-704	16832	15.616	-42.944	1026.752	-272	
1135364	288	-672	16896	17.568	-40.992	1030.656	-288	
1175252	272	-704	16832	16.592	-42.944	1026.752	-240	
1215136	288	-704	16848	17.568	-42.944	1027.728	-240	
1255021	288	-672	16864	17.568	-40.992	1028.704	-224	
1294907	288	-704	16832	17.568	-42.944	1026.752	-272	
1334791	272	-720	16816	16.592	-43.920	1025.776	-272	
1374677	256	-704	16832	15.616	-42.944	1026.752	-240	
1414563	272	-656	16864	16.592	-40.016	1028.704	-272	
1454451	240	-720	16832	14.640	-43.920	1026.752	-288	
1494338	320	-720	16848	19.520	-43.920	1027.728	-272	
1534221	352	-704	16832	21.472	-42.944	1026.752	-304	
1574105	240	-736	16832	14.640	-44.896	1026.752	-272	
1613988	176	-688	16800	10.736	-41.968	1024.800	-272	
1653873	240	-720	16880	14.640	-43.920	1029.680	-272	
1693754	320	-704	16848	19.520	-42.944	1027.728	-272	
1733639	400	-688	16848	24.400	-41.968	1027.728	-288	
1773527	304	-672	16864	18.544	-40.992	1028.704	-256	
1813411	208	-704	16864	12.688	-42.944	1028.704	-272	
1853295	288	-720	16800	17.568	-43.920	1024.800	-256	
1893177	368	-736	16832	22.448	-44.896	1026.752	-288	
1933061	288	-688	16864	17.568	-41.968	1028.704	-272	
1972945	176	-736	16832	10.736	-44.896	1026.752	-288	
2012829	240	-688	16880	14.640	-41.968	1029.680	-288	
2052713	288	-752	16832	17.568	-45.872	1026.752	-240	
2092601	368	-736	16864	22.448	-44.896	1028.704	-256	
2132485	272	-656	16880	16.592	-40.016	1029.680	-256	
2172369	256	-704	16864	15.616	-42.944	1028.704	-272	
2212252	304	-688	16800	18.544	-41.968	1024.800	-224	
2252139	320	-720	16896	19.520	-43.920	1030.656	-256	
2292026	272	-704	16896	16.592	-42.944	1030.656	-240	
2331911	288	-704	16864	17.568	-42.944	1028.704	-288	
2371793	272	-672	16880	16.592	-40.992	1029.680	-288	
2411675	288	-704	16832	17.568	-42.944	1026.752	-256	
2451558	288	-704	16880	17.568	-42.944	1029.680	-288	
2491441	272	-688	16880	16.592	-41.968	1029.680	-256	
2531326	272	-656	16864	16.592	-40.016	1028.704	-256	
2571212	304	-736	16848	18.544	-44.896	1027.728	-256	
2611096	288	-688	16848	17.568	-41.968	1027.728	-288	
2650978	288	-688	16864	17.568	-41.968	1028.704	-288	
2690862	272	-720	16896	16.592	-43.920	1030.656	-256	
2730746	272	-704	16832	16.592	-42.944	1026.752	-256	
2770630	304	-672	16816	18.544	-40.992	1025.776	-288	
2810513	320	-656	16864	19.520	-40.016	1028.704	-256	
2850398	272	-688	16848	16.592	-41.968	1027.728	-288	
2890281	304	-688	16896	18.544	-41.968	1030.656	-240	
2930164	272	-704	16880	16.592	-42.944	1029.680	-272	
2970048	256	-672	16864	15.616	-40.992	1028.704	-272	
3009934	288	-736	16832	17.568	-44.896	1026.752	-240	
3049820	352	-704	16848	21.472	-42.944	1027.728	-256	
3089704	288	-688	16848	17.568	-41.968	1027.728	-272	
3129590	256	-704	16800	15.616	-42.944	1024.800	-240	
3169475	272	-704	16800	16.592	-42.944	1024.800	-240	
3209361	288	-672	16832	17.568	-40.992	1026.752	-288	
3249244	336	-752	16832	20.496	-45.872	1026.752	-256	
3289128	320	-720	16800	19.520	-43.920	1024.800	-256	
3329013	288	-672	16832	17.568	-40.992	1026.752	-288	
3368897	288	-736	16816	17.568	-44.896	1025.776	-288	
3408781	320	-672	16832	19.520	-40.992	1026.752	-272	
3448667	352	-720	16816	21.472	-43.920	1025.776	-256	
3488553	288	-720	16864	17.568	-43.920	1028.704	-256	
3528439	288	-704	16848	17.568	-42.944	1027.728	-272	
3568321	288	-720	16800	17.568	-43.920	1024.800	-272	
3608205	304	-720	16832	18.544	-43.920	1026.752	-288	
3648091	272	-688	16864	16.592	-41.968	1028.704	-272	
3687978	272	-736	16848	16.592	-44.896	1027.728	-288	
3727860	272	-720	16864	16.592	-43.920	1028.704	-272	
3767746	320	-688	16864	19.520	-41.968	1028.704	-256	
3807628	288	-736	16848	17.568	-44.896	1027.728	-256	
3847510	256	-704	16864	15.616	-42.944	1028.704	-272	
3887391	320	-656	16864	19.520	-40.016	1028.704	-288	
3927273	336	-736	16864	20.496	-44.896	1028.704	-272	
3967158	320	-720	16848	19.520	-43.920	1027.728	-256	
4007041	320	-688	16832	19.520	-41.968	1026.752	-256	
4046926	272	-672	16896	16.592	-40.992	1030.656	-304	
4086810	288	-688	16848	17.568	-41.968	1027.728	-320	
4126695	272	-704	16864	16.592	-42.944	1028.704	-256	
4166581	288	-720	16880	17.568	-43.920	1029.680	-304	
4206469	304	-768	16864	18.544	-46.848	1028.704	-256	
4246355	272	-688	16800	16.592	-41.968	1024.800	-256	
4286238	320	-720	16864	19.520	-43.920	1028.704	-288	
4326122	272	-704	16800	16.592	-42.944	1024.800	-256	
4366006	256	-688	16864	15.616	-41.968	1028.704	-304	
4405887	320	-704	16832	19.520	-42.944	1026.752	-288	
4445768	320	-736	16864	19.520	-44.896	1028.704	-272	
4485651	288	-688	16832	17.568	-41.968	1026.752	-256	
4525534	304	-688	16864	18.544	-41.968	1028.704	-256	
4565415	288	-688	16816	17.568	-41.968	1025.776	-256	
4605298	320	-720	16880	19.520	-43.920	1029.680	-256	
4645182	304	-672	16832	18.544	-40.992	1026.752	-272	
4685068	288	-720	16864	17.568	-43.920	1028.704	-272	
4724949	256	-736	16864	15.616	-44.896	1028.704	-336	
4764834	288	-688	16880	17.568	-41.968	1029.680	-256	
4804717	288	-656	16832	17.568	-40.016	1026.752	-256	
4844603	320	-656	16864	19.520	-40.016	1028.704	-304	
4884488	288	-704	16880	17.568	-42.944	1029.680	-288	
4924370	320	-688	16864	19.520	-41.968	1028.704	-272	
4964253	272	-704	16848	16.592	-42.944	1027.728	-256	
5004137	288	-704	16864	17.568	-42.944	1028.704	-272	
5044019	272	-688	16864	16.592	-41.968	1028.704	-288	
5083901	320	-720	16880	19.520	-43.920	1029.680	-240	
5123785	320	-704	16832	19.520	-42.944	1026.752	-224	
5163670	256	-672	16800	15.616	-40.992	1024.800	-288	
5203556	272	-704	16864	16.592	-42.944	1028.704	-288	
5243440	320	-704	16832	19.520	-42.944	1026.752	-256	
5283324	288	-704	16864	17.568	-42.944	1028.704	-256	
5323206	304	-752	16864	18.544	-45.872	1028.704	-272	
5363089	304	-704	16880	18.544	-42.944	1029.680	-240	
5402972	256	-720	16832	15.616	-43.920	1026.752	-320	
5442854	272	-736	16864	16.592	-44.896	1028.704	-256	
5482736	304	-704	16832	18.544	-42.944	1026.752	-288	
5522619	288	-720	16864	17.568	-43.920	1028.704	-304	
5562502	288	-704	16800	17.568	-42.944	1024.800	-256	
5602384	288	-688	16848	17.568	-41.968	1027.728	-272	
5642268	352	-736	16848	21.472	-44.896	1027.728	-288	
5682155	288	-736	16848	17.568	-44.896	1027.728	-288	
5722038	320	-800	16848	19.520	-48.800	1027.728	-304	
5761921	272	-656	16832	16.592	-40.016	1026.752	-288	
5801803	288	-768	16864	17.568	-46.848	1028.704	-272	
5841687	304	-704	16832	18.544	-42.944	1026.752	-256	
5881570	288	-720	16816	17.568	-43.920	1025.776	-256	
5921453	288	-704	16864	17.568	-42.944	1028.704	-256	
5961339	288	-704	16864	17.568	-42.944	1028.704	-272	
6001222	240	-704	16832	14.640	-42.944	1026.752	-256	
6041107	304	-688	16864	18.544	-41.968	1028.704	-288	
6080987	240	-672	16880	14.640	-40.992	1029.680	-288	
6120869	272	-736	16880	16.592	-44.896	1029.680	-272	
6160754	304	-704	16864	18.544	-42.944	1028.704	-240	
6200639	288	-720	16864	17.568	-43.920	1028.704	-272	
6240522	336	-720	16848	20.496	-43.920	1027.728	-304	
6280407	288	-688	16816	17.568	-41.968	1025.776	-256	
6320291	272	-704	16832	16.592	-42.944	1026.752	-272	
6360173	272	-704	16864	16.592	-42.944	1028.704	-256	
6400059	304	-704	16864	18.544	-42.944	1028.704	-272	
6439946	320	-720	16864	19.520	-43.920	1028.704	-272	
6479830	288	-720	16832	17.568	-43.920	1026.752	-272	
6519714	320	-672	16848	19.520	-40.992	1027.728	-288	
6559596	304	-656	16848	18.544	-40.016	1027.728	-256	
6599484	304	-704	16848	18.544	-42.944	1027.728	-256	
6639370	288	-688	16880	17.568	-41.968	1029.680	-272	
6679254	320	-704	16832	19.520	-42.944	1026.752	-272	
6719138	256	-704	16864	15.616	-42.944	1028.704	-256	
6759020	288	-736	16880	17.568	-44.896	1029.680	-272	
6798902	272	-704	16864	16.592	-42.944	1028.704	-272	
6838785	304	-688	16864	18.544	-41.968	1028.704	-272	
6878667	288	-704	16800	17.568	-42.944	1024.800	-256	
6918550	304	-688	16896	18.544	-41.968	1030.656	-256	
6958436	304	-704	16864	18.544	-42.944	1028.704	-272	
6998320	272	-688	16848	16.592	-41.968	1027.728	-288	
7038205	288	-704	16864	17.568	-42.944	1028.704	-256	
7078088	272	-768	16832	16.592	-46.848	1026.752	-304	
7117971	272	-688	16864	16.592	-41.968	1028.704	-288	
7157853	288	-736	16880	17.568	-44.896	1029.680	-304	
7197736	304	-688	16880	18.544	-41.968	1029.680	-256	
7237621	288	-736	16864	17.568	-44.896	1028.704	-272	
7277505	272	-672	16864	16.592	-40.992	1028.704	-288	
7317388	288	-704	16896	17.568	-42.944	1030.656	-272	
7357270	288	-704	16832	17.568	-42.944	1026.752	-272	
7397154	288	-688	16880	17.568	-41.968	1029.680	-240	
7437037	320	-704	16848	19.520	-42.944	1027.728	-272	
7476920	288	-704	16864	17.568	-42.944	1028.704	-240	
7516804	304	-688	16848	18.544	-41.968	1027.728	-240	
7556685	304	-672	16864	18.544	-40.992	1028.704	-240	
7596569	272	-752	16816	16.592	-45.872	1025.776	-240	
7636456	272	-720	16848	16.592	-43.920	1027.728	-240	
7676339	272	-672	16832	16.592	-40.992	1026.752	-272	
7716221	272	-720	16832	16.592	-43.920	1026.752	-288	
7756102	320	-688	16864	19.520	-41.968	1028.704	-256	
7795984	320	-688	16832	19.520	-41.968	1026.752	-256	
7835864	272	-736	16864	16.592	-44.896	1028.704	-272	
7875745	320	-704	16864	19.520	-42.944	1028.704	-272	
7915628	272	-768	16848	16.592	-46.848	1027.728	-288	
7955514	304	-704	16864	18.544	-42.944	1028.704	-256	
7995396	272	-704	16800	16.592	-42.944	1024.800	-240	
8035280	304	-736	16864	18.544	-44.896	1028.704	-272	
8075163	272	-688	16880	16.592	-41.968	1029.680	-224	
8115047	272	-720	16816	16.592	-43.920	1025.776	-256	
8154931	320	-736	16864	19.520	-44.896	1028.704	-240	
8194813	320	-720	16880	19.520	-43.920	1029.680	-256	
8234696	272	-688	16880	16.592	-41.968	1029.680	-256	
8274577	272	-704	16816	16.592	-42.944	1025.776	-272	
8314459	256	-736	16816	15.616	-44.896	1025.776	-240	
8354342	272	-752	16816	16.592	-45.872	1025.776	-240	
8394224	272	-672	16848	16.592	-40.992	1027.728	-224	
8434107	272	-704	16848	16.592	-42.944	1027.728	-272	
8473988	320	-704	16880	19.520	-42.944	1029.680	-256	
8513867	272	-720	16896	16.592	-43.920	1030.656	-272	
8553745	320	-704	16864	19.520	-42.944	1028.704	-272	
8593628	320	-672	16832	19.520	-40.992	1026.752	-288	
8633510	288	-720	16880	17.568	-43.920	1029.680	-256	
8673395	288	-736	16880	17.568	-44.896	1029.680	-256	
8713278	256	-720	16864	15.616	-43.920	1028.704	-256	
8753165	320	-704	16896	19.520	-42.944	1030.656	-240	
8793051	272	-672	16816	16.592	-40.992	1025.776	-256	
8832934	272	-704	16816	16.592	-42.944	1025.776	-240	
8872818	272	-704	16816	16.592	-42.944	1025.776	-256	
8912700	304	-720	16816	18.544	-43.920	1025.776	-240	
8952585	320	-704	16864	19.520	-42.944	1028.704	-272	
8992470	256	-688	16864	15.616	-41.968	1028.704	-288	
9032355	288	-672	16864	17.568	-40.992	1028.704	-288	
9072240	288	-736	16816	17.568	-44.896	1025.776	-256	
9112123	272	-688	16864	16.592	-41.968	1028.704	-256	
9152005	288	-672	16832	17.568	-40.992	1026.752	-272	
9191887	288	-672	16848	17.568	-40.992	1027.728	-240	
9231769	320	-688	16864	19.520	-41.968	1028.704	-256	
9271652	320	-736	16800	19.520	-44.896	1024.800	-256	
9311537	272	-688	16832	16.592	-41.968	1026.752	-256	
9351421	288	-704	16800	17.568	-42.944	1024.800	-272	
9391303	304	-704	16768	18.544	-42.944	1022.848	-272	
9431184	336	-688	16816	20.496	-41.968	1025.776	-304	
9471063	288	-688	16864	17.568	-41.968	1028.704	-224	
9510943	288	-720	16848	17.568	-43.920	1027.728	-288	
9550823	304	-672	16848	18.544	-40.992	1027.728	-272	
9590706	288	-688	16848	17.568	-41.968	1027.728	-288	
9630591	288	-704	16864	17.568	-42.944	1028.704	-240	
9670476	304	-704	16864	18.544	-42.944	1028.704	-256	
9710361	256	-704	16816	15.616	-42.944	1025.776	-320	
9750244	304	-704	16832	18.544	-42.944	1026.752	-272	
9790126	320	-688	16832	19.520	-41.968	1026.752	-240	
9830009	288	-720	16896	17.568	-43.920	1030.656	-272	
9869891	288	-720	16880	17.568	-43.920	1029.680	-256	
9909776	272	-704	16832	16.592	-42.944	1026.752	-224	
9949660	256	-736	16912	15.616	-44.896	1031.632	-272	
9989544	272	-704	16880	16.592	-42.944	1029.680	-288	
10029424	288	-704	16832	17.568	-42.944	1026.752	-256	
10069306	304	-688	16880	18.544	-41.968	1029.680	-272	
10109190	240	-704	16864	14.640	-42.944	1028.704	-256	
10149073	272	-688	16848	16.592	-41.968	1027.728	-304	
10188954	336	-704	16832	20.496	-42.944	1026.752	-256	
10228834	304	-736	16816	18.544	-44.896	1025.776	-272	
10268717	304	-720	16832	18.544	-43.920	1026.752	-240	
10308604	272	-720	16848	16.592	-43.920	1027.728	-256	
10348487	288	-720	16864	17.568	-43.920	1028.704	-240	
10388366	320	-720	16864	19.520	-43.920	1028.704	-256	
10428250	288	-720	16832	17.568	-43.920	1026.752	-240	
10468131	288	-720	16880	17.568	-43.920	1029.680	-288	
10508012	288	-736	16832	17.568	-44.896	1026.752	-240	
10547896	320	-736	16864	19.520	-44.896	1028.704	-320	
10587777	288	-704	16880	17.568	-42.944	1029.680	-256	
10627657	304	-720	16864	18.544	-43.920	1028.704	-272	
10667538	256	-656	16880	15.616	-40.016	1029.680	-240	
10707422	256	-720	16800	15.616	-43.920	1024.800	-224	
10747307	304	-736	16832	18.544	-44.896	1026.752	-304	
10787190	256	-704	16864	15.616	-42.944	1028.704	-320	
10827074	256	-704	16864	15.616	-42.944	1028.704	-256	
10866958	336	-688	16864	20.496	-41.968	1028.704	-304	
10906840	304	-720	16832	18.544	-43.920	1026.752	-272	
10946723	288	-704	16864	17.568	-42.944	1028.704	-272	
10986606	272	-688	16832	16.592	-41.968	1026.752	-256	
11026488	288	-672	16864	17.568	-40.992	1028.704	-256	
11066373	288	-704	16832	17.568	-42.944	1026.752	-224	
11106256	320	-704	16848	19.520	-42.944	1027.728	-288	
11146140	288	-672	16832	17.568	-40.992	1026.752	-224	
11186022	272	-720	16832	16.592	-43.920	1026.752	-240	
11225904	320	-688	16864	19.520	-41.968	1028.704	-272	
11265783	288	-704	16912	17.568	-42.944	1031.632	-240	
11305664	304	-752	16880	18.544	-45.872	1029.680	-288	
11345545	288	-688	16816	17.568	-41.968	1025.776	-240	
11385423	320	-720	16880	19.520	-43.920	1029.680	-256	
11425305	304	-672	16864	18.544	-40.992	1028.704	-240	
11465187	304	-736	16880	18.544	-44.896	1029.680	-240	
11505069	320	-736	16864	19.520	-44.896	1028.704	-240	
11544952	304	-672	16864	18.544	-40.992	1028.704	-256	
11584835	304	-688	16880	18.544	-41.968	1029.680	-288	
11624717	288	-688	16816	17.568	-41.968	1025.776	-256	
11664600	304	-688	16880	18.544	-41.968	1029.680	-272	
11704484	288	-656	16800	17.568	-40.016	1024.800	-272	
11744368	304	-688	16864	18.544	-41.968	1028.704	-240	
11784250	256	-704	16832	15.616	-42.944	1026.752	-256	
11824132	256	-720	16848	15.616	-43.920	1027.728	-240	
11864015	288	-720	16880	17.568	-43.920	1029.680	-288	
11903897	272	-704	16848	16.592	-42.944	1027.728	-240	
11943777	288	-704	16832	17.568	-42.944	1026.752	-272	
11983657	288	-720	16864	17.568	-43.920	1028.704	-224	
12023541	304	-704	16800	18.544	-42.944	1024.800	-288	
12063421	288	-720	16880	17.568	-43.920	1029.680	-272	
12103303	272	-704	16864	16.592	-42.944	1028.704	-304	
12143185	304	-688	16816	18.544	-41.968	1025.776	-272	
12183068	256	-752	16864	15.616	-45.872	1028.704	-288	
12222951	288	-720	16832	17.568	-43.920	1026.752	-288	
12262834	304	-720	16848	18.544	-43.920	1027.728	-288	
12302716	256	-720	16816	15.616	-43.920	1025.776	-288	
12342597	320	-720	16864	19.520	-43.920	1028.704	-304	
12382478	320	-720	16864	19.520	-43.920	1028.704	-240	
12422362	320	-704	16816	19.520	-42.944	1025.776	-256	
12462244	272	-704	16864	16.592	-42.944	1028.704	-240	
12502124	272	-704	16832	16.592	-42.944	1026.752	-256	
12542007	304	-704	16864	18.544	-42.944	1028.704	-288	
12581889	272	-672	16800	16.592	-40.992	1024.800	-272	
12621772	336	-752	16880	20.496	-45.872	1029.680	-240	
12661650	272	-720	16864	16.592	-43.920	1028.704	-288	
12701530	304	-704	16816	18.544	-42.944	1025.776	-272	
12741413	320	-688	16800	19.520	-41.968	1024.800	-256	
12781297	288	-736	16864	17.568	-44.896	1028.704	-272	
12821179	304	-704	16880	18.544	-42.944	1029.680	-288	
12861060	288	-704	16864	17.568	-42.944	1028.704	-272	
12900945	320	-720	16864	19.520	-43.920	1028.704	-240	
12940827	272	-720	16864	16.592	-43.920	1028.704	-288	
12980710	304	-688	16864	18.544	-41.968	1028.704	-288	
13020593	288	-720	16864	17.568	-43.920	1028.704	-256	
13060475	272	-704	16832	16.592	-42.944	1026.752	-288	
13100354	272	-704	16880	16.592	-42.944	1029.680	-240	
13140235	272	-704	16816	16.592	-42.944	1025.776	-288	
13180120	288	-752	16816	17.568	-45.872	1025.776	-256	
13220002	288	-688	16848	17.568	-41.968	1027.728	-240	
13259883	272	-688	16832	16.592	-41.968	1026.752	-272	
13299765	288	-704	16864	17.568	-42.944	1028.704	-224	
13339649	272	-720	16848	16.592	-43.920	1027.728	-272	
13379532	288	-688	16832	17.568	-41.968	1026.752	-288	
13419414	304	-704	16848	18.544	-42.944	1027.728	-304	
13459296	240	-672	16816	14.640	-40.992	1025.776	-272	
13499182	288	-688	16864	17.568	-41.968	1028.704	-256	
13539066	272	-736	16864	16.592	-44.896	1028.704	-272	
13578946	304	-704	16800	18.544	-42.944	1024.800	-256	
13618825	336	-736	16848	20.496	-44.896	1027.728	-272	
13658704	288	-704	16832	17.568	-42.944	1026.752	-272	
13698585	320	-720	16864	19.520	-43.920	1028.704	-240	
13738466	320	-736	16864	19.520	-44.896	1028.704	-256	
13778349	304	-736	16848	18.544	-44.896	1027.728	-240	
13818230	320	-752	16896	19.520	-45.872	1030.656	-304	
13858113	272	-688	16800	16.592	-41.968	1024.800	-288	
13897996	272	-688	16864	16.592	-41.968	1028.704	-288	
13937881	304	-736	16816	18.544	-44.896	1025.776	-288	
13977762	320	-720	16864	19.520	-43.920	1028.704	-272	
14017645	256	-688	16976	15.616	-41.968	1035.536	-288	
14057530	240	-736	16880	14.640	-44.896	1029.680	-272	
14097412	288	-720	16784	17.568	-43.920	1023.824	-272	
14137297	304	-720	16864	18.544	-43.920	1028.704	-240	
14177181	320	-752	16864	19.520	-45.872	1028.704	-224	
14217063	288	-672	16832	17.568	-40.992	1026.752	-272	
14256945	288	-720	16848	17.568	-43.920	1027.728	-256	
14296826	272	-672	16848	16.592	-40.992	1027.728	-288	
14336709	288	-704	16832	17.568	-42.944	1026.752	-272	
14376593	224	-672	16864	13.664	-40.992	1028.704	-272	
14416477	304	-704	16864	18.544	-42.944	1028.704	-256	
14456362	320	-720	16864	19.520	-43.920	1028.704	-256	
14496246	288	-688	16928	17.568	-41.968	1032.608	-256	
14536130	304	-704	16832	18.544	-42.944	1026.752	-272	
14576011	256	-736	16816	15.616	-44.896	1025.776	-272	
14615894	256	-688	16848	15.616	-41.968	1027.728	-256	
14655775	304	-672	16864	18.544	-40.992	1028.704	-288	
14695656	288	-704	16880	17.568	-42.944	1029.680	-256	
14735538	336	-672	16864	20.496	-40.992	1028.704	-304	
14775420	256	-656	16864	15.616	-40.016	1028.704	-272	
14815302	288	-720	16864	17.568	-43.920	1028.704	-240	
14855184	240	-704	16832	14.640	-42.944	1026.752	-256	
14895067	304	-672	16800	18.544	-40.992	1024.800	-224	
14934950	304	-720	16848	18.544	-43.920	1027.728	-240	
14974830	256	-688	16848	15.616	-41.968	1027.728	-272	
15014712	240	-672	16864	14.640	-40.992	1028.704	-272	
15054593	288	-704	16896	17.568	-42.944	1030.656	-272	
15094478	336	-656	16864	20.496	-40.016	1028.704	-256	
15134361	320	-720	16752	19.520	-43.920	1021.872	-224	
15174242	304	-720	16800	18.544	-43.920	1024.800	-272	
15214123	304	-672	16736	18.544	-40.992	1020.896	-272	
15254005	336	-704	16832	20.496	-42.944	1026.752	-272	
15293886	320	-704	16928	19.520	-42.944	1032.608	-256	
15333769	304	-752	16736	18.544	-45.872	1020.896	-256	
15373652	320	-704	16800	19.520	-42.944	1024.800	-288	
15413537	336	-720	16880	20.496	-43.920	1029.680	-272	
15453418	288	-720	16816	17.568	-43.920	1025.776	-240	
15493302	304	-720	16800	18.544	-43.920	1024.800	-272	
15533182	304	-720	16896	18.544	-43.920	1030.656	-256	
15573063	272	-672	16896	16.592	-40.992	1030.656	-288	
15612942	272	-704	16864	16.592	-42.944	1028.704	-272	
15652823	288	-784	16864	17.568	-47.824	1028.704	-256	
15692708	320	-688	16832	19.520	-41.968	1026.752	-288	
15732590	320	-704	16848	19.520	-42.944	1027.728	-288	
15772470	288	-672	16832	17.568	-40.992	1026.752	-256	
15812353	272	-720	16864	16.592	-43.920	1028.704	-272	
15852234	304	-752	16864	18.544	-45.872	1028.704	-256	
15892116	320	-720	16816	19.520	-43.920	1025.776	-256	
15931999	256	-720	16816	15.616	-43.920	1025.776	-256	
15971880	304	-672	16832	18.544	-40.992	1026.752	-272	
16011762	320	-656	16864	19.520	-40.016	1028.704	-288	
16051646	304	-736	16832	18.544	-44.896	1026.752	-272	
16091531	288	-704	16800	17.568	-42.944	1024.800	-272	
16131417	288	-704	16880	17.568	-42.944	1029.680	-256	
16171300	320	-656	16832	19.520	-40.016	1026.752	-272	
16211181	320	-704	16816	19.520	-42.944	1025.776	-224	
16251064	288	-608	16832	17.568	-37.088	1026.752	-288	
16290944	304	-720	16864	18.544	-43.920	1028.704	-288	
16330823	272	-736	16864	16.592	-44.896	1028.704	-240	
16370704	288	-704	16864	17.568	-42.944	1028.704	-288	
16410584	272	-688	16864	16.592	-41.968	1028.704	-224	
16450468	272	-752	16864	16.592	-45.872	1028.704	-256	
16490348	272	-720	16832	16.592	-43.920	1026.752	-288	
16530227	304	-704	16912	18.544	-42.944	1031.632	-288	
16570107	240	-720	16832	14.640	-43.920	1026.752	-240	
16609988	272	-736	16816	16.592	-44.896	1025.776	-288	
16649870	256	-704	16864	15.616	-42.944	1028.704	-256	
16689751	288	-720	16848	17.568	-43.920	1027.728	-272	
16729632	304	-688	16848	18.544	-41.968	1027.728	-288	
16769513	288	-688	16832	17.568	-41.968	1026.752	-256	
16809393	272	-704	16880	16.592	-42.944	1029.680	-256	
16849274	272	-688	16848	16.592	-41.968	1027.728	-256	
16889155	288	-736	16992	17.568	-44.896	1036.512	-256	
16929035	256	-720	16880	15.616	-43.920	1029.680	-288	
16968915	304	-720	16864	18.544	-43.920	1028.704	-288	
17008798	272	-688	16864	16.592	-41.968	1028.704	-272	
17048681	304	-688	16800	18.544	-41.968	1024.800	-272	
17088562	304	-688	16880	18.544	-41.968	1029.680	-256	
17128443	288	-704	16880	17.568	-42.944	1029.680	-256	
17168327	288	-688	16880	17.568	-41.968	1029.680	-272	
17208211	288	-688	16880	17.568	-41.968	1029.680	-240	
17248097	288	-704	16864	17.568	-42.944	1028.704	-240	
17287979	304	-688	16864	18.544	-41.968	1028.704	-272	
17327860	256	-672	16912	15.616	-40.992	1031.632	-208	
17367742	272	-720	16864	16.592	-43.920	1028.704	-272	
17407620	304	-704	16864	18.544	-42.944	1028.704	-256	
17447501	304	-720	16896	18.544	-43.920	1030.656	-256	
17487382	256	-752	16832	15.616	-45.872	1026.752	-288	
17527267	320	-720	16816	19.520	-43.920	1025.776	-256	
17567149	288	-752	16880	17.568	-45.872	1029.680	-288	
17607033	320	-704	16864	19.520	-42.944	1028.704	-288	
17646915	288	-736	16832	17.568	-44.896	1026.752	-272	
17686799	304	-656	16864	18.544	-40.016	1028.704	-272	
17726681	288	-720	16816	17.568	-43.920	1025.776	-256	
17766561	272	-736	16848	16.592	-44.896	1027.728	-240	
17806443	272	-736	16848	16.592	-44.896	1027.728	-304	
17846326	320	-704	16864	19.520	-42.944	1028.704	-288	
17886209	304	-704	16864	18.544	-42.944	1028.704	-256	
17926092	304	-784	16832	18.544	-47.824	1026.752	-256	
17965975	272	-720	16864	16.592	-43.920	1028.704	-272	
18005854	272	-720	16864	16.592	-43.920	1028.704	-256	
18045734	256	-688	16848	15.616	-41.968	1027.728	-272	
18085615	304	-768	16848	18.544	-46.848	1027.728	-304	
18125497	304	-688	16864	18.544	-41.968	1028.704	-304	
18165380	272	-704	16816	16.592	-42.944	1025.776	-256	
18205263	336	-704	16864	20.496	-42.944	1028.704	-256	
18245144	288	-688	16880	17.568	-41.968	1029.680	-304	
18285028	272	-640	16864	16.592	-39.040	1028.704	-272	
18324912	288	-720	16848	17.568	-43.920	1027.728	-272	
18364794	288	-704	16848	17.568	-42.944	1027.728	-256	
18404677	272	-720	16864	16.592	-43.920	1028.704	-256	
18444559	288	-704	16864	17.568	-42.944	1028.704	-272	
18484442	288	-720	16864	17.568	-43.920	1028.704	-272	
18524326	336	-720	16864	20.496	-43.920	1028.704	-256	
18564212	288	-672	16864	17.568	-40.992	1028.704	-240	
18604095	288	-736	16912	17.568	-44.896	1031.632	-256	
18643977	336	-688	16864	20.496	-41.968	1028.704	-256	
18683858	304	-720	16848	18.544	-43.920	1027.728	-256	
18723737	304	-704	16848	18.544	-42.944	1027.728	-256	
18763619	304	-704	16864	18.544	-42.944	1028.704	-272	
18803497	288	-704	16864	17.568	-42.944	1028.704	-256	
18843380	272	-736	16800	16.592	-44.896	1024.800	-256	
18883261	304	-736	16880	18.544	-44.896	1029.680	-272	
18923144	288	-704	16864	17.568	-42.944	1028.704	-304	
18963025	240	-704	16864	14.640	-42.944	1028.704	-288	
19002908	320	-688	16880	19.520	-41.968	1029.680	-256	
19042789	288	-736	16864	17.568	-44.896	1028.704	-272	
19082671	320	-704	16800	19.520	-42.944	1024.800	-256	
19122554	288	-688	16864	17.568	-41.968	1028.704	-272	
19162435	240	-704	16880	14.640	-42.944	1029.680	-288	
19202317	304	-720	16832	18.544	-43.920	1026.752	-304	
19242200	320	-688	16816	19.520	-41.968	1025.776	-240	
19282082	288	-704	16864	17.568	-42.944	1028.704	-256	
19321966	288	-720	16832	17.568	-43.920	1026.752	-272	
19361850	304	-704	16848	18.544	-42.944	1027.728	-288	
19401732	272	-688	16832	16.592	-41.968	1026.752	-240	
19441613	288	-704	16848	17.568	-42.944	1027.728	-288	
19481492	256	-704	16832	15.616	-42.944	1026.752	-272	
19521372	304	-672	16832	18.544	-40.992	1026.752	-272	
19561252	304	-736	16848	18.544	-44.896	1027.728	-288	
19601133	272	-688	16800	16.592	-41.968	1024.800	-288	
19641015	288	-688	16800	17.568	-41.968	1024.800	-256	
19680897	320	-752	16848	19.520	-45.872	1027.728	-272	
19720777	288	-704	16864	17.568	-42.944	1028.704	-288	
19760659	304	-736	16864	18.544	-44.896	1028.704	-256	
19800540	288	-704	16832	17.568	-42.944	1026.752	-288	
19840419	272	-704	16864	16.592	-42.944	1028.704	-256	
19880301	320	-736	16880	19.520	-44.896	1029.680	-256	
19920183	304	-688	16864	18.544	-41.968	1028.704	-304	
19960062	288	-688	16864	17.568	-41.968	1028.704	-240	
19999943	320	-688	16864	19.520	-41.968	1028.704	-272	
20039824	320	-720	16848	19.520	-43.920	1027.728	-304	
20079705	256	-720	16880	15.616	-43.920	1029.680	-272	
20119587	272	-720	16848	16.592	-43.920	1027.728	-272	
20159470	288	-720	16816	17.568	-43.920	1025.776	-256	
20199354	304	-704	16864	18.544	-42.944	1028.704	-272	
20239234	272	-688	16832	16.592	-41.968	1026.752	-272	
20279118	288	-656	16864	17.568	-40.016	1028.704	-272	
20318999	320	-688	16880	19.520	-41.968	1029.680	-256	
20358883	320	-688	16848	19.520	-41.968	1027.728	-240	
20398765	304	-688	16864	18.544	-41.968	1028.704	-256	
20438646	272	-672	16848	16.592	-40.992	1027.728	-272	
20478527	256	-720	16864	15.616	-43.920	1028.704	-304	
20518408	304	-720	16880	18.544	-43.920	1029.680	-272	
20558291	352	-672	16864	21.472	-40.992	1028.704	-304	
20598172	288	-688	16832	17.568	-41.968	1026.752	-288	
20638054	256	-704	16864	15.616	-42.944	1028.704	-288	
20677938	304	-688	16864	18.544	-41.968	1028.704	-288	
20717819	304	-704	16848	18.544	-42.944	1027.728	-272	
20757698	288	-672	16864	17.568	-40.992	1028.704	-288	
20797579	288	-704	16848	17.568	-42.944	1027.728	-272	
20837457	272	-704	16848	16.592	-42.944	1027.728	-304	
20877338	304	-704	16864	18.544	-42.944	1028.704	-272	
20917217	288	-720	16832	17.568	-43.920	1026.752	-304	
20957100	288	-672	16864	17.568	-40.992	1028.704	-256	
20996980	288	-704	16864	17.568	-42.944	1028.704	-256	
21036860	272	-688	16832	16.592	-41.968	1026.752	-288	
21076740	272	-736	16864	16.592	-44.896	1028.704	-256	
21116621	288	-704	16832	17.568	-42.944	1026.752	-256	
21156500	288	-704	16864	17.568	-42.944	1028.704	-240	
21196382	320	-704	16880	19.520	-42.944	1029.680	-240	
21236262	288	-688	16880	17.568	-41.968	1029.680	-256	
21276143	288	-672	16848	17.568	-40.992	1027.728	-256	
21316027	320	-704	16832	19.520	-42.944	1026.752	-272	
21355910	272	-720	16832	16.592	-43.920	1026.752	-288	
21395790	256	-704	16800	15.616	-42.944	1024.800	-288	
21435671	256	-720	16864	15.616	-43.920	1028.704	-272	
21475551	288	-720	16848	17.568	-43.920	1027.728	-272	
21515433	272	-688	16864	16.592	-41.968	1028.704	-272	
21555314	256	-704	16912	15.616	-42.944	1031.632	-272	
21595195	320	-704	16864	19.520	-42.944	1028.704	-288	
21635074	320	-688	16864	19.520	-41.968	1028.704	-272	
21674956	256	-656	16880	15.616	-40.016	1029.680	-288	
21714836	288	-704	16864	17.568	-42.944	1028.704	-288	
21754714	304	-688	16880	18.544	-41.968	1029.680	-304	
21794592	272	-688	16896	16.592	-41.968	1030.656	-240	
21834471	240	-656	16864	14.640	-40.016	1028.704	-288	
21874351	272	-672	16864	16.592	-40.992	1028.704	-240	
21914232	288	-736	16880	17.568	-44.896	1029.680	-240	
21954111	288	-704	16832	17.568	-42.944	1026.752	-240	
21993991	240	-704	16848	14.640	-42.944	1027.728	-256	
22033872	304	-704	16800	18.544	-42.944	1024.800	-272	
22073753	288	-736	16848	17.568	-44.896	1027.728	-240	
22113633	272	-752	16912	16.592	-45.872	1031.632	-272	
22153513	272	-720	16848	16.592	-43.920	1027.728	-288	
22193394	272	-720	16864	16.592	-43.920	1028.704	-272	
22233275	288	-704	16832	17.568	-42.944	1026.752	-240	
22273157	256	-672	16864	15.616	-40.992	1028.704	-288	
22313041	320	-688	16880	19.520	-41.968	1029.680	-272	
22352924	256	-704	16880	15.616	-42.944	1029.680	-240	
22392805	304	-736	16848	18.544	-44.896	1027.728	-256	
22432686	336	-704	16880	20.496	-42.944	1029.680	-272	
22472565	288	-688	16912	17.568	-41.968	1031.632	-288	
22512447	304	-704	16880	18.544	-42.944	1029.680	-240	
22552327	320	-688	16848	19.520	-41.968	1027.728	-240	
22592208	288	-704	16880	17.568	-42.944	1029.680	-256	
22632089	288	-736	16864	17.568	-44.896	1028.704	-288	
22671971	240	-704	16864	14.640	-42.944	1028.704	-272	
22711852	320	-736	16864	19.520	-44.896	1028.704	-304	
22751735	288	-672	16880	17.568	-40.992	1029.680	-240	
22791620	288	-688	16864	17.568	-41.968	1028.704	-272	
22831501	272	-704	16832	16.592	-42.944	1026.752	-240	
22871385	272	-688	16832	16.592	-41.968	1026.752	-240	
22911268	272	-752	16848	16.592	-45.872	1027.728	-288	
22951149	368	-688	16864	22.448	-41.968	1028.704	-272	
22991029	224	-688	16848	13.664	-41.968	1027.728	-288	
23030910	272	-672	16816	16.592	-40.992	1025.776	-288	
23070793	272	-704	16864	16.592	-42.944	1028.704	-256	
23110674	288	-720	16928	17.568	-43.920	1032.608	-288	
23150559	256	-736	16864	15.616	-44.896	1028.704	-256	
23190441	320	-704	16848	19.520	-42.944	1027.728	-288	
23230320	256	-688	16880	15.616	-41.968	1029.680	-256	
23270204	272	-704	16832	16.592	-42.944	1026.752	-272	
23310086	336	-704	16896	20.496	-42.944	1030.656	-320	
23349968	288	-704	16848	17.568	-42.944	1027.728	-288	
23389847	288	-704	16864	17.568	-42.944	1028.704	-272	
23429731	272	-736	16864	16.592	-44.896	1028.704	-256	
23469614	288	-688	16864	17.568	-41.968	1028.704	-288	
23509495	272	-688	16896	16.592	-41.968	1030.656	-256	
23549375	288	-672	16912	17.568	-40.992	1031.632	-288	
23589256	288	-672	16864	17.568	-40.992	1028.704	-272	
23629140	272	-672	16912	16.592	-40.992	1031.632	-256	
23669022	304	-672	16880	18.544	-40.992	1029.680	-240	
23708902	272	-688	16832	16.592	-41.968	1026.752	-288	
23748785	256	-656	16864	15.616	-40.016	1028.704	-288	
23788667	240	-688	16864	14.640	-41.968	1028.704	-272	
23828550	304	-688	16880	18.544	-41.968	1029.680	-272	
23868431	336	-704	16832	20.496	-42.944	1026.752	-288	
23908310	288	-688	16896	17.568	-41.968	1030.656	-240	
23948194	256	-704	16864	15.616	-42.944	1028.704	-272	
23988077	224	-704	16864	13.664	-42.944	1028.704	-288	
24027959	336	-752	16832	20.496	-45.872	1026.752	-304	
24067843	288	-752	16880	17.568	-45.872	1029.680	-288	
24107727	224	-688	16848	13.664	-41.968	1027.728	-288	
24147607	240	-736	16848	14.640	-44.896	1027.728	-272	
24187490	288	-736	16816	17.568	-44.896	1025.776	-256	
24227372	336	-736	16880	20.496	-44.896	1029.680	-272	
24267252	272	-736	16864	16.592	-44.896	1028.704	-256	
24307137	224	-672	16864	13.664	-40.992	1028.704	-288	
24347020	304	-688	16880	18.544	-41.968	1029.680	-256	
24386904	304	-688	16880	18.544	-41.968	1029.680	-288	
24426787	320	-704	16864	19.520	-42.944	1028.704	-288	
24466668	256	-720	16848	15.616	-43.920	1027.728	-304	
24506548	240	-688	16832	14.640	-41.968	1026.752	-272	
24546429	304	-736	16864	18.544	-44.896	1028.704	-288	
24586310	320	-720	16832	19.520	-43.920	1026.752	-272	
24626193	336	-736	16864	20.496	-44.896	1028.704	-272	
24666078	288	-704	16864	17.568	-42.944	1028.704	-288	
24705960	272	-704	16864	16.592	-42.944	1028.704	-272	
24745844	304	-720	16848	18.544	-43.920	1027.728	-272	
24785731	304	-656	16864	18.544	-40.016	1028.704	-256	
24825614	304	-736	16848	18.544	-44.896	1027.728	-272	
24865497	320	-688	16848	19.520	-41.968	1027.728	-272	
24905381	288	-688	16864	17.568	-41.968	1028.704	-288	
24945265	320	-720	16864	19.520	-43.920	1028.704	-272	
24985151	320	-704	16848	19.520	-42.944	1027.728	-304	
25025035	256	-672	16880	15.616	-40.992	1029.680	-256	
25064920	240	-672	16912	14.640	-40.992	1031.632	-256	
25104801	320	-688	16832	19.520	-41.968	1026.752	-272	
25144682	320	-720	16848	19.520	-43.920	1027.728	-224	
25184564	288	-672	16832	17.568	-40.992	1026.752	-256	
25224447	288	-672	16864	17.568	-40.992	1028.704	-256	
25264331	288	-688	16880	17.568	-41.968	1029.680	-256	
25304216	304	-720	16864	18.544	-43.920	1028.704	-256	
25344098	288	-656	16896	17.568	-40.016	1030.656	-224	
25383982	272	-720	16880	16.592	-43.920	1029.680	-288	
25423865	288	-720	16864	17.568	-43.920	1028.704	-240	
25463749	288	-720	16864	17.568	-43.920	1028.704	-288	
25503632	304	-720	16832	18.544	-43.920	1026.752	-256	
25543518	288	-688	16864	17.568	-41.968	1028.704	-272	
25583401	240	-720	16880	14.640	-43.920	1029.680	-256	
25623285	256	-672	16848	15.616	-40.992	1027.728	-272	
25663167	240	-688	16800	14.640	-41.968	1024.800	-272	
25703050	304	-720	16816	18.544	-43.920	1025.776	-272	
25742932	288	-704	16816	17.568	-42.944	1025.776	-272	
25782816	272	-720	16880	16.592	-43.920	1029.680	-288	
25822698	256	-656	16832	15.616	-40.016	1026.752	-256	
25862580	320	-704	16832	19.520	-42.944	1026.752	-240	
25902460	288	-720	16832	17.568	-43.920	1026.752	-272	
25942341	336	-704	16880	20.496	-42.944	1029.680	-320	
25982224	272	-704	16864	16.592	-42.944	1028.704	-336	
26022106	256	-704	16896	15.616	-42.944	1030.656	-272	
26061989	320	-752	16832	19.520	-45.872	1026.752	-272	
26101872	304	-688	16864	18.544	-41.968	1028.704	-256	
26141758	304	-736	16832	18.544	-44.896	1026.752	-272	
26181643	224	-704	16864	13.664	-42.944	1028.704	-272	
26221528	272	-704	16832	16.592	-42.944	1026.752	-288	
26261412	320	-672	16880	19.520	-40.992	1029.680	-304	
26301292	304	-704	16848	18.544	-42.944	1027.728	-272	
26341179	368	-704	16864	22.448	-42.944	1028.704	-240	
26381062	288	-688	16848	17.568	-41.968	1027.728	-256	
26420946	272	-704	16848	16.592	-42.944	1027.728	-256	
26460828	336	-688	16896	20.496	-41.968	1030.656	-272	
26500709	320	-736	16864	19.520	-44.896	1028.704	-288	
26540591	336	-736	16832	20.496	-44.896	1026.752	-272	
26580472	256	-720	16848	15.616	-43.920	1027.728	-256	
26620355	288	-720	16864	17.568	-43.920	1028.704	-272	
26660235	288	-704	16880	17.568	-42.944	1029.680	-240	
26700113	304	-704	16864	18.544	-42.944	1028.704	-336	
26739994	320	-656	16832	19.520	-40.016	1026.752	-272	
26779875	288	-688	16816	17.568	-41.968	1025.776	-272	
26819757	336	-736	16864	20.496	-44.896	1028.704	-272	
26859638	320	-720	16880	19.520	-43.920	1029.680	-272	
26899522	288	-672	16880	17.568	-40.992	1029.680	-224	
26939404	272	-704	16864	16.592	-42.944	1028.704	-288	
26979287	288	-736	16832	17.568	-44.896	1026.752	-272	
27019169	304	-704	16832	18.544	-42.944	1026.752	-240	
27059050	320	-704	16864	19.520	-42.944	1028.704	-288	
27098931	304	-704	16864	18.544	-42.944	1028.704	-288	
27138811	272	-736	16864	16.592	-44.896	1028.704	-256	
27178692	288	-720	16880	17.568	-43.920	1029.680	-288	
27218574	336	-768	16864	20.496	-46.848	1028.704	-240	
27258455	320	-736	16832	19.520	-44.896	1026.752	-304	
27298336	272	-688	16880	16.592	-41.968	1029.680	-272	
27338217	272	-736	16816	16.592	-44.896	1025.776	-272	
27378096	320	-720	16864	19.520	-43.920	1028.704	-240	
27417975	240	-688	16848	14.640	-41.968	1027.728	-256	
27457857	240	-704	16880	14.640	-42.944	1029.680	-272	
27497739	288	-720	16864	17.568	-43.920	1028.704	-256	
27537620	304	-704	16848	18.544	-42.944	1027.728	-272	
27577501	320	-672	16912	19.520	-40.992	1031.632	-256	
27617380	352	-704	16864	21.472	-42.944	1028.704	-256	
27657260	336	-720	16848	20.496	-43.920	1027.728	-272	
27697140	224	-752	16880	13.664	-45.872	1029.680	-272	
27737021	192	-720	16816	11.712	-43.920	1025.776	-288	
27776904	336	-720	16880	20.496	-43.920	1029.680	-256	
27816784	368	-752	16800	22.448	-45.872	1024.800	-288	
27856665	288	-720	16800	17.568	-43.920	1024.800	-224	
27896546	176	-704	16816	10.736	-42.944	1025.776	-288	
27936427	224	-672	16880	13.664	-40.992	1029.680	-256	
27976309	288	-736	16832	17.568	-44.896	1026.752	-256	
28016194	320	-704	16864	19.520	-42.944	1028.704	-272	
28056078	256	-672	16864	15.616	-40.992	1028.704	-240	
28095961	288	-688	16864	17.568	-41.968	1028.704	-256	
28135843	336	-736	16816	20.496	-44.896	1025.776	-272	
28175727	352	-720	16848	21.472	-43.920	1027.728	-272	
28215609	288	-752	16816	17.568	-45.872	1025.776	-272	
28255491	256	-704	16848	15.616	-42.944	1027.728	-288	
28295373	304	-704	16848	18.544	-42.944	1027.728	-240	
28335256	368	-768	16864	22.448	-46.848	1028.704	-256	
28375138	352	-752	16848	21.472	-45.872	1027.728	-288	
28415019	288	-704	16816	17.568	-42.944	1025.776	-272	
28454900	256	-704	16864	15.616	-42.944	1028.704	-256	
28494780	320	-704	16864	19.520	-42.944	1028.704	-256	
28534662	320	-720	16832	19.520	-43.920	1026.752	-272	
28574542	320	-752	16832	19.520	-45.872	1026.752	-272	
28614422	240	-688	16832	14.640	-41.968	1026.752	-256	
28654301	320	-688	16816	19.520	-41.968	1025.776	-272	
28694183	320	-736	16880	19.520	-44.896	1029.680	-272	
28734065	320	-736	16832	19.520	-44.896	1026.752	-272	
28773945	288	-720	16864	17.568	-43.920	1028.704	-224	
28813826	272	-704	16832	16.592	-42.944	1026.752	-240	
28853709	336	-672	16800	20.496	-40.992	1024.800	-256	
28893589	320	-736	16864	19.520	-44.896	1028.704	-304	
28933471	304	-672	16864	18.544	-40.992	1028.704	-272	
28973354	304	-688	16864	18.544	-41.968	1028.704	-256	
29013237	304	-720	16864	18.544	-43.920	1028.704	-272	
29053119	336	-688	16816	20.496	-41.968	1025.776	-240	
29093001	288	-704	16880	17.568	-42.944	1029.680	-224	
29132883	336	-656	16848	20.496	-40.016	1027.728	-272	
29172763	272	-672	16912	16.592	-40.992	1031.632	-256	
29212645	352	-720	16848	21.472	-43.920	1027.728	-272	
29252525	304	-736	16880	18.544	-44.896	1029.680	-256	
29292408	336	-720	16832	20.496	-43.920	1026.752	-272	
29332293	288	-704	16848	17.568	-42.944	1027.728	-288	
29372176	320	-688	16816	19.520	-41.968	1025.776	-256	
29412059	320	-720	16848	19.520	-43.920	1027.728	-272	
29451942	272	-704	16832	16.592	-42.944	1026.752	-272	
29491825	288	-672	16864	17.568	-40.992	1028.704	-288	
29531706	272	-688	16832	16.592	-41.968	1026.752	-256	
29571585	336	-736	16864	20.496	-44.896	1028.704	-272	
29611468	272	-704	16864	16.592	-42.944	1028.704	-256	
29651350	304	-736	16848	18.544	-44.896	1027.728	-256	
29691231	320	-720	16864	19.520	-43.920	1028.704	-288	
29731113	352	-720	16864	21.472	-43.920	1028.704	-256	
29770996	272	-672	16864	16.592	-40.992	1028.704	-288	
29810879	304	-688	16848	18.544	-41.968	1027.728	-288	
29850761	272	-720	16832	16.592	-43.920	1026.752	-288	
29890639	320	-704	16864	19.520	-42.944	1028.704	-304	
29930521	304	-688	16848	18.544	-41.968	1027.728	-288	
29970401	320	-704	16864	19.520	-42.944	1028.704	-256	
30010283	288	-736	16832	17.568	-44.896	1026.752	-240	
30050164	304	-720	16832	18.544	-43.920	1026.752	-256	
30090046	320	-720	16928	19.520	-43.920	1032.608	-256	
30129927	304	-688	16848	18.544	-41.968	1027.728	-240	
30169806	256	-720	16848	15.616	-43.920	1027.728	-256	
30209687	320	-736	16896	19.520	-44.896	1030.656	-272	
30249570	304	-688	16880	18.544	-41.968	1029.680	-240	
30289451	288	-720	16864	17.568	-43.920	1028.704	-224	
30329329	304	-704	16832	18.544	-42.944	1026.752	-256	
30369212	288	-720	16896	17.568	-43.920	1030.656	-240	
30409097	304	-688	16912	18.544	-41.968	1031.632	-256	
30448977	256	-736	16864	15.616	-44.896	1028.704	-240	
30488859	288	-720	16864	17.568	-43.920	1028.704	-288	
30528739	288	-688	16832	17.568	-41.968	1026.752	-256	
30568622	272	-736	16880	16.592	-44.896	1029.680	-272	
30608505	256	-704	16880	15.616	-42.944	1029.680	-240	
30648388	224	-752	16880	13.664	-45.872	1029.680	-256	
30688270	336	-704	16880	20.496	-42.944	1029.680	-240	
30728149	288	-736	16864	17.568	-44.896	1028.704	-272	
30768029	304	-640	16864	18.544	-39.040	1028.704	-256	
30807908	256	-704	16832	15.616	-42.944	1026.752	-256	
30847788	288	-704	16864	17.568	-42.944	1028.704	-256	
30887669	288	-672	16848	17.568	-40.992	1027.728	-240	
30927550	288	-704	16864	17.568	-42.944	1028.704	-272	
30967432	272	-736	16864	16.592	-44.896	1028.704	-256	
31007312	288	-720	16896	17.568	-43.920	1030.656	-256	
31047196	320	-720	16864	19.520	-43.920	1028.704	-272	
31087078	320	-688	16800	19.520	-41.968	1024.800	-304	
31126962	288	-704	16880	17.568	-42.944	1029.680	-288	
31166845	240	-688	16864	14.640	-41.968	1028.704	-272	
31206727	320	-736	16864	19.520	-44.896	1028.704	-272	
31246608	288	-672	16880	17.568	-40.992	1029.680	-240	
31286489	304	-704	16896	18.544	-42.944	1030.656	-304	
31326371	256	-688	16928	15.616	-41.968	1032.608	-272	
31366254	304	-672	16864	18.544	-40.992	1028.704	-272	
31406135	320	-736	16880	19.520	-44.896	1029.680	-256	
31446017	288	-736	16832	17.568	-44.896	1026.752	-256	
31485899	224	-688	16864	13.664	-41.968	1028.704	-256	
31525780	272	-688	16880	16.592	-41.968	1029.680	-224	
31565665	304	-672	16880	18.544	-40.992	1029.680	-304	
31605544	304	-704	16880	18.544	-42.944	1029.680	-224	
31645425	288	-704	16864	17.568	-42.944	1028.704	-272	
31685309	256	-704	16864	15.616	-42.944	1028.704	-240	
31725194	256	-736	16848	15.616	-44.896	1027.728	-272	
31765077	304	-736	16864	18.544	-44.896	1028.704	-256	
31804961	272	-704	16864	16.592	-42.944	1028.704	-256	
31844844	304	-720	16832	18.544	-43.920	1026.752	-272	
31884726	320	-704	16864	19.520	-42.944	1028.704	-288	
31924608	288	-720	16864	17.568	-43.920	1028.704	-304	
31964493	272	-704	16880	16.592	-42.944	1029.680	-272	
32004377	240	-720	16848	14.640	-43.920	1027.728	-240	
32044262	304	-656	16896	18.544	-40.016	1030.656	-272	
32084144	320	-720	16864	19.520	-43.920	1028.704	-288	
32124029	304	-736	16864	18.544	-44.896	1028.704	-272	
32163909	288	-704	16864	17.568	-42.944	1028.704	-256	
32203790	288	-704	16896	17.568	-42.944	1030.656	-272	
32243672	320	-720	16832	19.520	-43.920	1026.752	-288	
32283553	288	-704	16864	17.568	-42.944	1028.704	-288	
32323433	320	-688	16864	19.520	-41.968	1028.704	-256	
32363314	272	-688	16864	16.592	-41.968	1028.704	-256	
32403197	320	-688	16864	19.520	-41.968	1028.704	-288	
32443081	256	-720	16864	15.616	-43.920	1028.704	-288	
32482964	288	-720	16848	17.568	-43.920	1027.728	-272	
32522846	304	-736	16832	18.544	-44.896	1026.752	-256	
32562728	320	-672	16864	19.520	-40.992	1028.704	-304	
32602611	288	-688	16896	17.568	-41.968	1030.656	-272	
32642494	288	-672	16832	17.568	-40.992	1026.752	-288	
32682378	320	-704	16864	19.520	-42.944	1028.704	-304	
32722262	320	-720	16864	19.520	-43.920	1028.704	-272	
32762144	288	-688	16864	17.568	-41.968	1028.704	-256	
32802029	336	-704	16832	20.496	-42.944	1026.752	-288	
32841912	288	-688	16832	17.568	-41.968	1026.752	-240	
32881794	320	-688	16848	19.520	-41.968	1027.728	-272	
32921677	288	-688	16864	17.568	-41.968	1028.704	-256	
32961559	304	-704	16896	18.544	-42.944	1030.656	-256	
33001442	336	-688	16864	20.496	-41.968	1028.704	-240	
33041324	272	-704	16864	16.592	-42.944	1028.704	-272	
33081205	288	-720	16880	17.568	-43.920	1029.680	-272	
33121089	272	-672	16880	16.592	-40.992	1029.680	-272	
33160973	304	-720	16928	18.544	-43.920	1032.608	-288	
33200855	272	-752	16864	16.592	-45.872	1028.704	-304	
33240735	304	-672	16864	18.544	-40.992	1028.704	-256	
33280616	288	-704	16832	17.568	-42.944	1026.752	-272	
33320497	304	-736	16864	18.544	-44.896	1028.704	-272	
33360379	256	-688	16880	15.616	-41.968	1029.680	-272	
33400261	288	-688	16864	17.568	-41.968	1028.704	-272	
33440145	272	-688	16816	16.592	-41.968	1025.776	-240	
33480028	304	-672	16880	18.544	-40.992	1029.680	-304	
33519912	288	-768	16848	17.568	-46.848	1027.728	-272	
33559794	224	-704	16864	13.664	-42.944	1028.704	-288	
33599676	272	-704	16848	16.592	-42.944	1027.728	-256	
33639560	304	-688	16896	18.544	-41.968	1030.656	-272	
33679443	336	-736	16832	20.496	-44.896	1026.752	-240	
33719324	272	-688	16832	16.592	-41.968	1026.752	-288	
33759207	256	-704	16864	15.616	-42.944	1028.704	-224	
33799093	336	-688	16864	20.496	-41.968	1028.704	-288	
33838974	288	-736	16816	17.568	-44.896	1025.776	-304	
33878856	288	-704	16864	17.568	-42.944	1028.704	-256	
33918739	272	-704	16864	16.592	-42.944	1028.704	-272	
33958622	288	-720	16848	17.568	-43.920	1027.728	-240	
33998505	304	-736	16848	18.544	-44.896	1027.728	-288	
34038387	304	-704	16864	18.544	-42.944	1028.704	-288	
34078269	320	-656	16864	19.520	-40.016	1028.704	-288	
34118152	336	-704	16864	20.496	-42.944	1028.704	-272	
34158035	304	-704	16864	18.544	-42.944	1028.704	-288	
34197914	272	-720	16832	16.592	-43.920	1026.752	-224	
34237794	256	-704	16848	15.616	-42.944	1027.728	-272	
34277675	256	-688	16832	15.616	-41.968	1026.752	-288	
34317556	336	-736	16816	20.496	-44.896	1025.776	-272	
34357436	320	-704	16864	19.520	-42.944	1028.704	-288	
34397319	272	-688	16864	16.592	-41.968	1028.704	-256	
34437199	256	-704	16864	15.616	-42.944	1028.704	-288	
34477078	320	-720	16912	19.520	-43.920	1031.632	-288	
34516958	304	-688	16864	18.544	-41.968	1028.704	-256	
34556843	272	-688	16864	16.592	-41.968	1028.704	-272	
34596723	288	-704	16864	17.568	-42.944	1028.704	-256	
34636603	272	-720	16864	16.592	-43.920	1028.704	-272	
34676482	288	-736	16880	17.568	-44.896	1029.680	-288	
34716362	336	-720	16864	20.496	-43.920	1028.704	-256	
34756246	304	-720	16832	18.544	-43.920	1026.752	-272	
34796129	272	-704	16864	16.592	-42.944	1028.704	-288	
34836010	288	-704	16848	17.568	-42.944	1027.728	-304	
34875890	320	-736	16864	19.520	-44.896	1028.704	-256	
34915769	272	-720	16832	16.592	-43.920	1026.752	-256	
34955651	320	-720	16864	19.520	-43.920	1028.704	-272	
34995530	288	-704	16864	17.568	-42.944	1028.704	-272	
35035410	288	-672	16832	17.568	-40.992	1026.752	-272	
35075289	288	-704	16896	17.568	-42.944	1030.656	-240	
35115168	288	-752	16864	17.568	-45.872	1028.704	-288	
35155050	288	-752	16880	17.568	-45.872	1029.680	-304	
35194929	272	-688	16864	16.592	-41.968	1028.704	-288	
35234809	320	-672	16848	19.520	-40.992	1027.728	-304	
35274688	288	-736	16864	17.568	-44.896	1028.704	-288	
35314572	272	-720	16864	16.592	-43.920	1028.704	-256	
35354456	288	-704	16832	17.568	-42.944	1026.752	-256	
35394338	320	-720	16880	19.520	-43.920	1029.680	-240	
35434218	336	-704	16864	20.496	-42.944	1028.704	-256	
35474100	304	-752	16864	18.544	-45.872	1028.704	-304	
35513980	240	-688	16832	14.640	-41.968	1026.752	-272	
35553858	288	-720	16864	17.568	-43.920	1028.704	-256	
35593736	288	-720	16880	17.568	-43.920	1029.680	-256	
35633615	288	-704	16864	17.568	-42.944	1028.704	-272	
35673494	272	-688	16864	16.592	-41.968	1028.704	-288	
35713375	256	-704	16864	15.616	-42.944	1028.704	-288	
35753256	288	-720	16864	17.568	-43.920	1028.704	-288	
35793136	320	-704	16896	19.520	-42.944	1030.656	-240	
35833016	288	-720	16832	17.568	-43.920	1026.752	-256	
35872898	256	-656	16864	15.616	-40.016	1028.704	-272	
35912781	240	-624	16848	14.640	-38.064	1027.728	-304	
35952659	320	-704	16848	19.520	-42.944	1027.728	-272	
35992538	304	-704	16880	18.544	-42.944	1029.680	-272	
36032416	288	-688	16864	17.568	-41.968	1028.704	-224	
36072295	272	-688	16880	16.592	-41.968	1029.680	-304	
36112174	304	-688	16848	18.544	-41.968	1027.728	-272	
36152055	288	-688	16864	17.568	-41.968	1028.704	-304	
36191935	304	-720	16880	18.544	-43.920	1029.680	-272	
36231814	304	-688	16848	18.544	-41.968	1027.728	-256	
36271694	288	-720	16928	17.568	-43.920	1032.608	-288	
36311576	320	-720	16832	19.520	-43.920	1026.752	-288	
36351455	256	-704	16832	15.616	-42.944	1026.752	-288	
36391337	256	-704	16864	15.616	-42.944	1028.704	-272	
36431215	304	-688	16880	18.544	-41.968	1029.680	-240	
36471097	320	-672	16864	19.520	-40.992	1028.704	-304	
36510975	288	-720	16864	17.568	-43.920	1028.704	-288	
36550857	304	-736	16864	18.544	-44.896	1028.704	-288	
36590737	304	-688	16832	18.544	-41.968	1026.752	-240	
36630618	272	-688	16880	16.592	-41.968	1029.680	-320	
36670498	288	-720	16864	17.568	-43.920	1028.704	-288	
36710383	288	-736	16864	17.568	-44.896	1028.704	-288	
36750264	256	-672	16864	15.616	-40.992	1028.704	-272	
36790144	288	-720	16864	17.568	-43.920	1028.704	-272	
36830024	240	-736	16880	14.640	-44.896	1029.680	-272	
36869907	256	-752	16864	15.616	-45.872	1028.704	-272	
36909789	320	-752	16864	19.520	-45.872	1028.704	-272	
36949671	336	-688	16864	20.496	-41.968	1028.704	-288	
36989551	256	-720	16832	15.616	-43.920	1026.752	-320	
37029430	320	-736	16864	19.520	-44.896	1028.704	-272	
37069310	288	-704	16864	17.568	-42.944	1028.704	-224	
37109190	304	-736	16864	18.544	-44.896	1028.704	-304	
37149070	272	-688	16896	16.592	-41.968	1030.656	-288	
37188949	320	-688	16864	19.520	-41.968	1028.704	-272	
37228826	256	-688	16960	15.616	-41.968	1034.560	-304	
37268704	304	-720	16816	18.544	-43.920	1025.776	-272	
37308584	320	-720	16864	19.520	-43.920	1028.704	-272	
37348466	256	-704	16864	15.616	-42.944	1028.704	-288	
37388348	288	-688	16816	17.568	-41.968	1025.776	-272	
37428231	272	-704	16832	16.592	-42.944	1026.752	-288	
37468110	288	-736	16880	17.568	-44.896	1029.680	-304	
37507992	288	-656	16864	17.568	-40.016	1028.704	-272	
37547875	304	-720	16896	18.544	-43.920	1030.656	-288	
37587755	288	-704	16864	17.568	-42.944	1028.704	-288	
37627634	320	-720	16864	19.520	-43.920	1028.704	-272	
37667515	288	-720	16864	17.568	-43.920	1028.704	-288	
37707397	272	-688	16864	16.592	-41.968	1028.704	-256	
37747279	288	-720	16864	17.568	-43.920	1028.704	-256	
37787160	288	-688	16896	17.568	-41.968	1030.656	-304	
37827043	272	-736	16880	16.592	-44.896	1029.680	-272	
37866927	240	-704	16848	14.640	-42.944	1027.728	-272	
37906810	272	-720	16848	16.592	-43.920	1027.728	-272	
37946693	304	-752	16848	18.544	-45.872	1027.728	-256	
37986575	272	-720	16864	16.592	-43.920	1028.704	-272	
38026454	272	-720	16864	16.592	-43.920	1028.704	-272	
38066338	288	-688	16864	17.568	-41.968	1028.704	-288	
38106220	288	-720	16864	17.568	-43.920	1028.704	-272	
38146103	288	-704	16944	17.568	-42.944	1033.584	-288	
38185982	288	-704	16832	17.568	-42.944	1026.752	-272	
38225860	320	-704	16832	19.520	-42.944	1026.752	-272	
38265739	288	-688	16880	17.568	-41.968	1029.680	-304	
38305617	272	-720	16880	16.592	-43.920	1029.680	-288	
38345500	304	-672	16880	18.544	-40.992	1029.680	-272	
38385383	320	-720	16896	19.520	-43.920	1030.656	-272	
38425264	288	-720	16848	17.568	-43.920	1027.728	-288	
38465146	256	-736	16832	15.616	-44.896	1026.752	-272	
38505031	288	-736	16848	17.568	-44.896	1027.728	-288	
38544914	272	-752	16864	16.592	-45.872	1028.704	-272	
38584797	288	-704	16880	17.568	-42.944	1029.680	-272	
38624678	336	-720	16864	20.496	-43.920	1028.704	-240	
38664557	288	-688	16864	17.568	-41.968	1028.704	-288	
38704437	288	-688	16880	17.568	-41.968	1029.680	-304	
38744318	272	-704	16896	16.592	-42.944	1030.656	-272	
38784198	288	-704	16848	17.568	-42.944	1027.728	-240	
38824077	272	-704	16864	16.592	-42.944	1028.704	-288	
38863957	352	-736	16896	21.472	-44.896	1030.656	-304	
38903838	288	-720	16832	17.568	-43.920	1026.752	-288	
38943717	272	-704	16896	16.592	-42.944	1030.656	-272	
38983600	240	-720	16864	14.640	-43.920	1028.704	-304	
39023481	304	-688	16848	18.544	-41.968	1027.728	-288	
39063362	272	-672	16864	16.592	-40.992	1028.704	-272	
39103242	224	-704	16832	13.664	-42.944	1026.752	-256	
39143122	256	-720	16832	15.616	-43.920	1026.752	-240	
39183002	288	-688	16864	17.568	-41.968	1028.704	-288	
39222886	256	-720	16864	15.616	-43.920	1028.704	-288	
39262767	256	-688	16816	15.616	-41.968	1025.776	-256	
39302650	256	-688	16864	15.616	-41.968	1028.704	-256	
39342532	320	-720	16832	19.520	-43.920	1026.752	-240	
39382413	304	-688	16864	18.544	-41.968	1028.704	-288	
39422291	288	-704	16864	17.568	-42.944	1028.704	-288	
39462173	288	-672	16864	17.568	-40.992	1028.704	-288	
39502053	256	-704	16864	15.616	-42.944	1028.704	-304	
39541932	288	-704	16960	17.568	-42.944	1034.560	-240	
39581810	288	-736	16880	17.568	-44.896	1029.680	-272	
39621690	256	-720	16896	15.616	-43.920	1030.656	-272	
39661569	304	-704	16880	18.544	-42.944	1029.680	-224	
39701450	304	-736	16800	18.544	-44.896	1024.800	-304	
39741332	240	-704	16880	14.640	-42.944	1029.680	-288	
39781212	272	-704	16864	16.592	-42.944	1028.704	-256	
39821095	336	-704	16880	20.496	-42.944	1029.680	-272	
39860977	272	-720	16832	16.592	-43.920	1026.752	-288	
39900859	320	-704	16848	19.520	-42.944	1027.728	-272	
39940739	256	-672	16896	15.616	-40.992	1030.656	-256	
39980618	272	-720	16864	16.592	-43.920	1028.704	-256	
40020498	336	-688	16864	20.496	-41.968	1028.704	-288	
40060379	320	-736	16832	19.520	-44.896	1026.752	-272	
40100258	304	-688	16816	18.544	-41.968	1025.776	-256	
40140138	272	-720	16864	16.592	-43.920	1028.704	-288	
40180019	256	-688	17024	15.616	-41.968	1038.464	-304	
40219899	272	-720	16864	16.592	-43.920	1028.704	-304	
40259779	240	-720	16800	14.640	-43.920	1024.800	-304	
40299655	272	-736	16848	16.592	-44.896	1027.728	-288	
40339534	272	-704	16864	16.592	-42.944	1028.704	-256	
40379412	304	-688	16816	18.544	-41.968	1025.776	-240	
40419292	304	-672	16848	18.544	-40.992	1027.728	-272	
40459170	256	-736	16816	15.616	-44.896	1025.776	-272	
40499049	304	-688	16816	18.544	-41.968	1025.776	-304	
40538929	288	-688	16928	17.568	-41.968	1032.608	-304	
40578807	288	-704	16864	17.568	-42.944	1028.704	-288	
40618688	240	-672	16864	14.640	-40.992	1028.704	-272	
40658566	272	-720	16880	16.592	-43.920	1029.680	-272	
40698446	272	-704	16864	16.592	-42.944	1028.704	-240	
40738326	336	-720	16832	20.496	-43.920	1026.752	-256	
40778206	288	-704	16832	17.568	-42.944	1026.752	-288	
40818083	272	-704	16816	16.592	-42.944	1025.776	-256	
40857963	304	-736	16832	18.544	-44.896	1026.752	-288	
40897842	304	-688	16848	18.544	-41.968	1027.728	-240	
40937724	272	-704	16864	16.592	-42.944	1028.704	-272	
40977602	288	-688	16816	17.568	-41.968	1025.776	-272	
41017484	304	-720	16880	18.544	-43.920	1029.680	-256	
41057364	272	-720	16864	16.592	-43.920	1028.704	-256	
41097243	320	-720	16832	19.520	-43.920	1026.752	-272	
41137124	288	-688	16864	17.568	-41.968	1028.704	-272	
41177004	272	-688	16832	16.592	-41.968	1026.752	-256	
41216885	336	-640	16848	20.496	-39.040	1027.728	-272	
41256767	304	-720	16864	18.544	-43.920	1028.704	-288	
41296648	272	-704	16880	16.592	-42.944	1029.680	-256	
41336528	256	-720	16816	15.616	-43.920	1025.776	-272	
41376406	272	-720	16880	16.592	-43.920	1029.680	-224	
41416285	304	-720	16832	18.544	-43.920	1026.752	-272	
41456165	288	-688	16864	17.568	-41.968	1028.704	-288	
41496042	272	-672	16864	16.592	-40.992	1028.704	-288	
41535921	288	-720	16848	17.568	-43.920	1027.728	-272	
41575800	320	-704	16832	19.520	-42.944	1026.752	-272	
41615680	288	-720	16864	17.568	-43.920	1028.704	-272	
41655563	304	-720	16880	18.544	-43.920	1029.680	-240	
41695442	256	-736	16944	15.616	-44.896	1033.584	-272	
41735318	240	-720	16928	14.640	-43.920	1032.608	-272	
41775199	272	-688	16880	16.592	-41.968	1029.680	-272	
41815079	272	-656	16896	16.592	-40.016	1030.656	-320	
41854960	288	-736	16864	17.568	-44.896	1028.704	-272	
41894839	240	-704	16880	14.640	-42.944	1029.680	-288	
41934718	272	-704	16880	16.592	-42.944	1029.680	-272	
41974595	304	-752	16848	18.544	-45.872	1027.728	-320	
42014473	304	-704	16880	18.544	-42.944	1029.680	-304	
42054351	224	-752	16864	13.664	-45.872	1028.704	-320	
42094228	272	-688	16864	16.592	-41.968	1028.704	-288	
42134108	272	-704	16880	16.592	-42.944	1029.680	-304	
42173990	304	-688	16848	18.544	-41.968	1027.728	-288	
42213871	288	-720	16864	17.568	-43.920	1028.704	-288	
42253747	272	-688	16880	16.592	-41.968	1029.680	-304	
42293628	256	-688	16880	15.616	-41.968	1029.680	-272	
42333511	320	-720	16880	19.520	-43.920	1029.680	-256	
42373392	288	-720	16816	17.568	-43.920	1025.776	-288	
42413272	304	-736	16784	18.544	-44.896	1023.824	-256	
42453152	272	-720	16800	16.592	-43.920	1024.800	-272	
42493032	288	-688	16848	17.568	-41.968	1027.728	-256	
42532910	288	-688	16880	17.568	-41.968	1029.680	-304	
42572790	288	-704	16848	17.568	-42.944	1027.728	-272	
42612673	224	-752	16864	13.664	-45.872	1028.704	-272	
42652554	256	-704	16864	15.616	-42.944	1028.704	-320	
42692435	240	-736	16864	14.640	-44.896	1028.704	-272	
42732316	272	-688	16832	16.592	-41.968	1026.752	-272	
42772197	304	-720	16864	18.544	-43.920	1028.704	-272	
42812076	288	-688	16880	17.568	-41.968	1029.680	-288	
42851954	256	-720	16848	15.616	-43.920	1027.728	-256	
42891834	320	-704	16896	19.520	-42.944	1030.656	-272	
42931713	336	-704	16880	20.496	-42.944	1029.680	-272	
42971596	288	-752	16864	17.568	-45.872	1028.704	-272	
43011478	304	-736	16864	18.544	-44.896	1028.704	-272	
43051358	256	-736	16864	15.616	-44.896	1028.704	-224	
43091236	304	-688	16816	18.544	-41.968	1025.776	-256	
43131114	272	-688	16832	16.592	-41.968	1026.752	-256	
43170995	288	-704	16880	17.568	-42.944	1029.680	-272	
43210873	256	-704	16816	15.616	-42.944	1025.776	-288	
43250752	320	-720	16832	19.520	-43.920	1026.752	-240	
43290630	272	-688	16864	16.592	-41.968	1028.704	-272	
43330509	272	-704	16832	16.592	-42.944	1026.752	-288	
43370386	320	-704	16864	19.520	-42.944	1028.704	-272	
43410266	256	-736	16864	15.616	-44.896	1028.704	-272	
43450145	256	-688	16848	15.616	-41.968	1027.728	-256	
43490023	288	-704	16880	17.568	-42.944	1029.680	-272	
43529898	320	-736	16864	19.520	-44.896	1028.704	-272	
43569776	288	-704	16848	17.568	-42.944	1027.728	-288	
43609655	272	-688	16864	16.592	-41.968	1028.704	-256	
43649533	304	-704	16832	18.544	-42.944	1026.752	-288	
43689412	320	-736	16896	19.520	-44.896	1030.656	-288	
43729290	288	-656	16864	17.568	-40.016	1028.704	-272	
43769168	288	-704	16864	17.568	-42.944	1028.704	-304	
43809047	320	-656	16864	19.520	-40.016	1028.704	-272	
43848925	256	-768	16864	15.616	-46.848	1028.704	-256	
43888804	288	-752	16832	17.568	-45.872	1026.752	-272	
43928681	320	-720	16848	19.520	-43.920	1027.728	-288	
43968559	320	-736	16864	19.520	-44.896	1028.704	-288	
44008434	304	-752	16848	18.544	-45.872	1027.728	-272	
44048314	304	-736	16832	18.544	-44.896	1026.752	-256	
44088191	304	-704	16848	18.544	-42.944	1027.728	-272	
44128066	320	-672	16848	19.520	-40.992	1027.728	-272	
44167944	336	-704	16864	20.496	-42.944	1028.704	-256	
44207824	288	-704	16832	17.568	-42.944	1026.752	-256	
44247701	304	-672	16816	18.544	-40.992	1025.776	-256	
44287579	272	-704	16864	16.592	-42.944	1028.704	-304	
44327458	272	-736	16880	16.592	-44.896	1029.680	-288	
44367339	304	-704	16880	18.544	-42.944	1029.680	-256	
44407218	304	-704	16848	18.544	-42.944	1027.728	-304	
44447097	256	-720	16864	15.616	-43.920	1028.704	-272	
44486976	288	-688	16832	17.568	-41.968	1026.752	-288	
44526857	320	-736	16832	19.520	-44.896	1026.752	-272	
44566736	288	-672	16864	17.568	-40.992	1028.704	-256	
44606613	304	-720	16848	18.544	-43.920	1027.728	-288	
44646491	256	-704	16864	15.616	-42.944	1028.704	-304	
44686369	272	-720	16864	16.592	-43.920	1028.704	-240	
44726247	304	-720	16880	18.544	-43.920	1029.680	-272	
44766127	288	-752	16816	17.568	-45.872	1025.776	-256	
44806006	320	-720	16832	19.520	-43.920	1026.752	-288	
44845883	288	-688	16848	17.568	-41.968	1027.728	-288	
44885765	336	-720	16880	20.496	-43.920	1029.680	-288	
44925645	304	-736	16864	18.544	-44.896	1028.704	-288	
44965524	288	-704	16864	17.568	-42.944	1028.704	-272	
45005406	272	-688	16864	16.592	-41.968	1028.704	-240	
45045285	320	-736	16864	19.520	-44.896	1028.704	-256	
45085164	320	-720	16880	19.520	-43.920	1029.680	-320	
45125041	320	-672	16848	19.520	-40.992	1027.728	-256	
45164920	272	-720	16864	16.592	-43.920	1028.704	-272	
45204798	272	-672	16864	16.592	-40.992	1028.704	-256	
45244676	272	-688	16880	16.592	-41.968	1029.680	-288	
45284554	288	-704	16864	17.568	-42.944	1028.704	-288	
45324434	256	-736	16864	15.616	-44.896	1028.704	-304	
45364312	304	-736	16864	18.544	-44.896	1028.704	-304	
45404189	304	-736	16832	18.544	-44.896	1026.752	-272	
45444067	272	-672	16832	16.592	-40.992	1026.752	-256	
45483943	336	-704	16896	20.496	-42.944	1030.656	-256	
45523823	224	-704	16896	13.664	-42.944	1030.656	-256	
45563701	304	-688	16816	18.544	-41.968	1025.776	-272	
45603578	288	-704	16864	17.568	-42.944	1028.704	-272	
45643454	288	-688	16816	17.568	-41.968	1025.776	-256	
45683334	256	-672	16848	15.616	-40.992	1027.728	-240	
45723212	272	-704	16848	16.592	-42.944	1027.728	-272	
45763088	272	-704	16848	16.592	-42.944	1027.728	-272	
45802965	320	-704	16864	19.520	-42.944	1028.704	-240	
45842840	272	-736	16864	16.592	-44.896	1028.704	-288	
45882719	272	-704	16864	16.592	-42.944	1028.704	-272	
45922599	304	-720	16880	18.544	-43.920	1029.680	-272	
45962478	272	-704	16864	16.592	-42.944	1028.704	-288	
46002356	288	-704	16816	17.568	-42.944	1025.776	-304	
46042232	288	-736	16832	17.568	-44.896	1026.752	-288	
46082111	256	-704	16832	15.616	-42.944	1026.752	-288	
46121992	288	-656	16880	17.568	-40.016	1029.680	-256	
46161874	256	-688	16864	15.616	-41.968	1028.704	-272	
46201753	320	-704	16880	19.520	-42.944	1029.680	-320	
46241633	272	-704	16864	16.592	-42.944	1028.704	-240	
46281511	240	-704	16864	14.640	-42.944	1028.704	-272	
46321389	288	-704	16848	17.568	-42.944	1027.728	-304	
46361270	304	-736	16848	18.544	-44.896	1027.728	-288	
46401150	320	-736	16848	19.520	-44.896	1027.728	-288	
46441032	288	-720	16832	17.568	-43.920	1026.752	-272	
46480914	336	-720	16880	20.496	-43.920	1029.680	-272	
46520793	272	-688	16848	16.592	-41.968	1027.728	-288	
46560674	288	-720	16880	17.568	-43.920	1029.680	-288	
46600553	288	-688	16864	17.568	-41.968	1028.704	-288	
46640432	272	-736	16832	16.592	-44.896	1026.752	-288	
46680310	288	-688	16864	17.568	-41.968	1028.704	-272	
46720189	272	-720	16864	16.592	-43.920	1028.704	-288	
46760070	304	-688	16864	18.544	-41.968	1028.704	-240	
46799946	272	-704	16880	16.592	-42.944	1029.680	-256	
46839823	272	-736	16864	16.592	-44.896	1028.704	-256	
46879699	256	-736	16848	15.616	-44.896	1027.728	-288	
46919580	320	-752	16864	19.520	-45.872	1028.704	-288	
46959458	288	-688	16832	17.568	-41.968	1026.752	-272	
46999336	320	-704	16848	19.520	-42.944	1027.728	-256	
47039213	304	-688	16864	18.544	-41.968	1028.704	-272	
47079093	288	-720	16816	17.568	-43.920	1025.776	-256	
47118971	288	-720	16816	17.568	-43.920	1025.776	-272	
47158848	304	-736	16896	18.544	-44.896	1030.656	-272	
47198727	256	-704	16864	15.616	-42.944	1028.704	-256	
47238605	272	-720	16816	16.592	-43.920	1025.776	-272	
47278484	256	-704	16880	15.616	-42.944	1029.680	-256	
47318362	288	-704	16880	17.568	-42.944	1029.680	-272	
47358240	288	-704	16880	17.568	-42.944	1029.680	-272	
47398116	240	-704	16816	14.640	-42.944	1025.776	-256	
47437995	288	-672	16848	17.568	-40.992	1027.728	-272	
47477874	272	-656	16848	16.592	-40.016	1027.728	-256	
47517752	240	-720	16864	14.640	-43.920	1028.704	-304	
47557631	272	-736	16864	16.592	-44.896	1028.704	-256	
47597510	256	-704	16880	15.616	-42.944	1029.680	-288	
47637390	256	-720	16848	15.616	-43.920	1027.728	-304	
47677269	288	-720	16864	17.568	-43.920	1028.704	-272	
47717148	320	-672	16864	19.520	-40.992	1028.704	-320	
47757029	336	-720	16896	20.496	-43.920	1030.656	-240	
47796909	304	-704	16832	18.544	-42.944	1026.752	-240	
47836789	272	-704	16864	16.592	-42.944	1028.704	-240	
47876667	304	-656	16848	18.544	-40.016	1027.728	-256	
47916546	288	-688	16864	17.568	-41.968	1028.704	-272	
47956425	304	-688	16880	18.544	-41.968	1029.680	-256	
47996306	288	-720	16848	17.568	-43.920	1027.728	-272	
48036185	288	-672	16864	17.568	-40.992	1028.704	-256	
48076063	272	-768	16864	16.592	-46.848	1028.704	-288	
48115943	240	-688	16880	14.640	-41.968	1029.680	-256	
48155824	320	-704	16880	19.520	-42.944	1029.680	-272	
48195705	272	-704	16864	16.592	-42.944	1028.704	-256	
48235582	288	-672	16912	17.568	-40.992	1031.632	-320	
48275461	304	-688	16864	18.544	-41.968	1028.704	-304	
48315340	272	-704	16896	16.592	-42.944	1030.656	-272	
48355220	240	-704	16832	14.640	-42.944	1026.752	-272	
48395099	288	-688	16864	17.568	-41.968	1028.704	-272	
48434979	320	-720	16864	19.520	-43.920	1028.704	-288	
48474861	304	-688	16800	18.544	-41.968	1024.800	-272	
48514742	304	-672	16832	18.544	-40.992	1026.752	-288	
48554620	288	-704	16880	17.568	-42.944	1029.680	-272	
48594501	240	-736	16864	14.640	-44.896	1028.704	-256	
48634379	288	-688	16832	17.568	-41.968	1026.752	-288	
48674259	272	-704	16864	16.592	-42.944	1028.704	-272	
48714138	272	-720	16864	16.592	-43.920	1028.704	-272	
48754017	272	-736	16864	16.592	-44.896	1028.704	-256	
48793898	288	-688	16880	17.568	-41.968	1029.680	-272	
48833774	272	-704	16832	16.592	-42.944	1026.752	-304	
48873650	336	-736	16848	20.496	-44.896	1027.728	-240	
48913527	288	-720	16880	17.568	-43.920	1029.680	-240	
48953404	272	-720	16880	16.592	-43.920	1029.680	-256	
48993284	288	-688	16880	17.568	-41.968	1029.680	-304	
49033161	272	-736	16832	16.592	-44.896	1026.752	-272	
49073038	304	-704	16848	18.544	-42.944	1027.728	-288	
49112914	304	-688	16816	18.544	-41.968	1025.776	-288	
49152794	272	-720	16816	16.592	-43.920	1025.776	-272	
49192672	304	-720	16864	18.544	-43.920	1028.704	-272	
49232553	288	-720	16896	17.568	-43.920	1030.656	-240	
49272434	272	-720	16800	16.592	-43.920	1024.800	-272	
49312312	256	-688	16880	15.616	-41.968	1029.680	-288	
49352191	272	-720	16896	16.592	-43.920	1030.656	-304	
49392070	288	-704	16848	17.568	-42.944	1027.728	-240	
49431950	352	-720	16880	21.472	-43.920	1029.680	-272	
49471829	256	-704	16864	15.616	-42.944	1028.704	-288	
49511707	272	-688	16832	16.592	-41.968	1026.752	-272	
49551584	304	-672	16832	18.544	-40.992	1026.752	-272	
49591463	288	-736	16880	17.568	-44.896	1029.680	-288	
49631343	272	-704	16896	16.592	-42.944	1030.656	-256	
49671221	272	-736	16848	16.592	-44.896	1027.728	-224	
49711100	256	-736	16832	15.616	-44.896	1026.752	-256	
49750978	272	-736	16864	16.592	-44.896	1028.704	-272	
49790858	256	-720	16864	15.616	-43.920	1028.704	-272	
49830739	256	-736	16880	15.616	-44.896	1029.680	-256	
49870618	304	-736	16832	18.544	-44.896	1026.752	-272	
49910497	288	-688	16864	17.568	-41.968	1028.704	-272	
49950375	304	-720	16896	18.544	-43.920	1030.656	-272	
49990254	304	-656	16896	18.544	-40.016	1030.656	-272	
50030134	320	-704	16880	19.520	-42.944	1029.680	-288	
50070014	304	-688	16864	18.544	-41.968	1028.704	-240	
50109892	224	-656	16880	13.664	-40.016	1029.680	-256	
50149770	288	-672	16848	17.568	-40.992	1027.728	-288	
50189648	320	-720	16832	19.520	-43.920	1026.752	-240	
50229527	320	-688	16848	19.520	-41.968	1027.728	-240	
50269404	272	-720	16864	16.592	-43.920	1028.704	-272	
50309283	256	-704	16864	15.616	-42.944	1028.704	-272	
50349163	288	-704	16816	17.568	-42.944	1025.776	-304	
50389045	240	-752	16848	14.640	-45.872	1027.728	-256	
50428925	304	-688	16864	18.544	-41.968	1028.704	-256	
50468805	304	-720	16816	18.544	-43.920	1025.776	-256	
50508685	288	-688	16800	17.568	-41.968	1024.800	-272	
50548564	272	-704	16864	16.592	-42.944	1028.704	-272	
50588444	272	-688	16864	16.592	-41.968	1028.704	-272	
50628324	288	-688	16864	17.568	-41.968	1028.704	-256	
50668205	304	-688	16880	18.544	-41.968	1029.680	-272	
50708088	304	-736	16864	18.544	-44.896	1028.704	-256	
50747969	288	-672	16816	17.568	-40.992	1025.776	-256	
50787848	272	-688	16880	16.592	-41.968	1029.680	-256	
50827729	304	-720	16864	18.544	-43.920	1028.704	-288	
50867613	288	-720	16864	17.568	-43.920	1028.704	-288	
50907496	288	-688	16848	17.568	-41.968	1027.728	-272	
50947377	240	-688	16832	14.640	-41.968	1026.752	-256	
50987258	304	-704	16880	18.544	-42.944	1029.680	-288	
51027140	288	-688	16864	17.568	-41.968	1028.704	-256	
51067024	320	-688	16880	19.520	-41.968	1029.680	-272	
51106906	272	-688	16848	16.592	-41.968	1027.728	-256	
51146788	240	-704	16832	14.640	-42.944	1026.752	-288	
51186668	256	-688	16864	15.616	-41.968	1028.704	-304	
51226548	240	-720	16832	14.640	-43.920	1026.752	-288	
51266430	256	-736	16896	15.616	-44.896	1030.656	-272	
51306313	272	-704	16864	16.592	-42.944	1028.704	-272	
51346194	272	-704	16832	16.592	-42.944	1026.752	-256	
51386073	240	-704	16832	14.640	-42.944	1026.752	-304	
51425952	304	-704	16848	18.544	-42.944	1027.728	-256	
51465834	320	-672	16864	19.520	-40.992	1028.704	-320	
51505717	272	-736	16896	16.592	-44.896	1030.656	-272	
51545597	256	-704	16880	15.616	-42.944	1029.680	-288	
51585479	320	-704	16864	19.520	-42.944	1028.704	-272	
51625358	288	-704	16864	17.568	-42.944	1028.704	-304	
51665239	256	-704	16880	15.616	-42.944	1029.680	-272	
51705121	304	-704	16864	18.544	-42.944	1028.704	-240	
51745002	320	-688	16864	19.520	-41.968	1028.704	-288	
51784881	304	-704	16848	18.544	-42.944	1027.728	-272	
51824760	272	-704	16864	16.592	-42.944	1028.704	-288	
51864640	272	-736	16928	16.592	-44.896	1032.608	-240	
51904518	288	-704	16864	17.568	-42.944	1028.704	-256	
51944396	272	-736	16864	16.592	-44.896	1028.704	-256	
51984276	304	-640	16832	18.544	-39.040	1026.752	-288	
52024159	304	-736	16880	18.544	-44.896	1029.680	-256	
52064037	288	-704	16832	17.568	-42.944	1026.752	-272	
52103920	352	-688	16992	21.472	-41.968	1036.512	-272	
52143802	304	-752	16864	18.544	-45.872	1028.704	-288	
52183683	272	-736	16848	16.592	-44.896	1027.728	-240	
52223561	272	-720	16832	16.592	-43.920	1026.752	-272	
52263443	304	-784	16544	18.544	-47.824	1009.184	-256	
52303322	272	-704	17008	16.592	-42.944	1037.488	-320	
52343201	320	-640	16944	19.520	-39.040	1033.584	-272	
52383080	320	-704	16864	19.520	-42.944	1028.704	-288	
52422960	256	-704	16880	15.616	-42.944	1029.680	-288	
52462838	272	-704	16960	16.592	-42.944	1034.560	-240	
52502716	288	-720	16768	17.568	-43.920	1022.848	-288	
52542598	288	-752	16848	17.568	-45.872	1027.728	-288	
52582478	272	-672	16912	16.592	-40.992	1031.632	-256	
52622358	240	-640	16800	14.640	-39.040	1024.800	-288	
52662239	256	-720	16832	15.616	-43.920	1026.752	-240	
52702120	320	-672	16896	19.520	-40.992	1030.656	-272	
52742001	288	-656	16992	17.568	-40.016	1036.512	-288	
52781881	288	-704	16816	17.568	-42.944	1025.776	-288	
52821763	288	-720	16896	17.568	-43.920	1030.656	-272	
52861643	304	-720	16912	18.544	-43.920	1031.632	-272	
52901524	304	-704	16864	18.544	-42.944	1028.704	-256	
52941402	288	-672	16832	17.568	-40.992	1026.752	-256	
52981284	320	-752	16768	19.520	-45.872	1022.848	-288	
53021165	272	-720	16912	16.592	-43.920	1031.632	-272	
53061045	320	-720	16768	19.520	-43.920	1022.848	-288	
53100927	304	-688	16816	18.544	-41.968	1025.776	-272	
53140807	256	-704	16928	15.616	-42.944	1032.608	-240	
53180692	256	-704	16880	15.616	-42.944	1029.680	-272	
53220574	304	-736	16848	18.544	-44.896	1027.728	-288	
53260455	304	-720	16864	18.544	-43.920	1028.704	-288	
53300332	240	-720	16896	14.640	-43.920	1030.656	-304	
53340211	288	-688	16864	17.568	-41.968	1028.704	-272	
53380090	256	-704	16864	15.616	-42.944	1028.704	-256	
53419968	288	-720	16896	17.568	-43.920	1030.656	-256	
53459845	288	-672	16864	17.568	-40.992	1028.704	-288	
53499726	272	-640	16864	16.592	-39.040	1028.704	-288	
53539609	288	-704	16896	17.568	-42.944	1030.656	-256	
53579490	288	-736	16848	17.568	-44.896	1027.728	-240	
53619370	272	-704	16864	16.592	-42.944	1028.704	-256	
53659250	304	-720	16832	18.544	-43.920	1026.752	-272	
53699132	288	-704	16832	17.568	-42.944	1026.752	-272	
53739012	304	-672	16864	18.544	-40.992	1028.704	-304	
53778893	272	-752	16880	16.592	-45.872	1029.680	-288	
53818775	304	-704	16848	18.544	-42.944	1027.728	-304	
53858656	304	-688	16896	18.544	-41.968	1030.656	-288	
53898534	320	-736	16864	19.520	-44.896	1028.704	-256	
53938413	256	-688	16880	15.616	-41.968	1029.680	-272	
53978296	288	-720	16832	17.568	-43.920	1026.752	-240	
54018176	256	-720	16864	15.616	-43.920	1028.704	-256	
54058059	240	-672	16880	14.640	-40.992	1029.680	-256	
54097940	272	-736	16896	16.592	-44.896	1030.656	-272	
54137823	304	-720	16864	18.544	-43.920	1028.704	-288	
54177703	240	-688	16896	14.640	-41.968	1030.656	-240	
54217585	272	-704	16880	16.592	-42.944	1029.680	-288	
54257466	288	-720	16864	17.568	-43.920	1028.704	-256	
54297349	288	-704	16880	17.568	-42.944	1029.680	-272	
54337230	272	-704	16864	16.592	-42.944	1028.704	-320	
54377107	288	-688	16864	17.568	-41.968	1028.704	-256	
54416989	336	-720	16880	20.496	-43.920	1029.680	-272	
54456870	320	-704	16816	19.520	-42.944	1025.776	-288	
54496753	288	-720	16912	17.568	-43.920	1031.632	-272	
54536633	288	-688	16864	17.568	-41.968	1028.704	-256	
54576514	256	-720	16848	15.616	-43.920	1027.728	-304	
54616394	288	-720	16864	17.568	-43.920	1028.704	-320	
54656272	304	-704	16896	18.544	-42.944	1030.656	-288	
54696156	288	-704	16880	17.568	-42.944	1029.680	-272	
54736037	288	-704	16848	17.568	-42.944	1027.728	-240	
54775914	288	-688	16864	17.568	-41.968	1028.704	-288	
54815794	304	-704	16832	18.544	-42.944	1026.752	-256	
54855674	272	-688	16864	16.592	-41.968	1028.704	-288	
54895554	288	-720	16880	17.568	-43.920	1029.680	-272	
54935435	272	-672	16832	16.592	-40.992	1026.752	-288	
54975313	272	-704	16848	16.592	-42.944	1027.728	-288	
55015193	288	-688	16864	17.568	-41.968	1028.704	-304	
55055071	320	-704	16832	19.520	-42.944	1026.752	-256	
55094952	256	-688	16864	15.616	-41.968	1028.704	-256	
55134834	288	-704	16896	17.568	-42.944	1030.656	-272	
55174714	224	-768	16864	13.664	-46.848	1028.704	-272	
55214594	272	-720	16864	16.592	-43.920	1028.704	-256	
55254475	240	-720	16864	14.640	-43.920	1028.704	-256	
55294355	304	-704	16864	18.544	-42.944	1028.704	-288	
55334236	272	-736	16800	16.592	-44.896	1024.800	-256	
55374116	320	-656	17008	19.520	-40.016	1037.488	-288	
55413997	240	-704	16768	14.640	-42.944	1022.848	-304	
55453876	272	-720	16688	16.592	-43.920	1017.968	-288	
55493757	272	-656	17152	16.592	-40.016	1046.272	-272	
55533636	288	-704	16752	17.568	-42.944	1021.872	-288	
55573520	240	-688	16992	14.640	-41.968	1036.512	-272	
55613403	240	-816	16528	14.640	-49.776	1008.208	-288	
55653285	224	-672	17152	13.664	-40.992	1046.272	-272	
55693165	320	-656	16928	19.520	-40.016	1032.608	-272	
55733043	304	-672	16880	18.544	-40.992	1029.680	-272	
55772922	288	-720	16800	17.568	-43.920	1024.800	-288	
55812801	288	-800	16736	17.568	-48.800	1020.896	-240	
55852682	272	-736	16832	16.592	-44.896	1026.752	-288	
55892563	272	-720	16752	16.592	-43.920	1021.872	-304	
55932439	304	-736	16864	18.544	-44.896	1028.704	-304	
55972319	336	-736	16752	20.496	-44.896	1021.872	-256	
56012200	304	-704	16784	18.544	-42.944	1023.824	-256	
56052083	272	-704	16880	16.592	-42.944	1029.680	-272	
56091966	272	-704	16864	16.592	-42.944	1028.704	-320	
56131847	288	-704	16864	17.568	-42.944	1028.704	-272	
56171728	320	-720	16832	19.520	-43.920	1026.752	-288	
56211610	304	-704	16864	18.544	-42.944	1028.704	-272	
56251491	288	-704	16832	17.568	-42.944	1026.752	-272	
56291373	304	-672	16816	18.544	-40.992	1025.776	-288	
56331255	304	-736	16880	18.544	-44.896	1029.680	-288	
56371136	320	-704	16848	19.520	-42.944	1027.728	-272	
56411017	304	-736	16864	18.544	-44.896	1028.704	-304	
56450899	272	-720	16880	16.592	-43.920	1029.680	-304	
56490783	320	-704	16848	19.520	-42.944	1027.728	-272	
56530663	256	-736	16880	15.616	-44.896	1029.680	-272	
56570543	336	-720	16848	20.496	-43.920	1027.728	-256	
56610425	304	-720	16864	18.544	-43.920	1028.704	-288	
56650306	272	-752	16880	16.592	-45.872	1029.680	-256	
56690188	256	-720	16864	15.616	-43.920	1028.704	-272	
56730068	272	-672	16864	16.592	-40.992	1028.704	-304	
56769949	256	-736	16864	15.616	-44.896	1028.704	-288	
56809831	320	-656	16832	19.520	-40.016	1026.752	-288	
56849712	320	-688	16864	19.520	-41.968	1028.704	-304	
56889594	272	-720	16880	16.592	-43.920	1029.680	-320	
56929475	272	-672	16864	16.592	-40.992	1028.704	-288	
56969358	288	-736	16880	17.568	-44.896	1029.680	-272	
57009239	288	-704	16832	17.568	-42.944	1026.752	-272	
57049120	336	-704	16832	20.496	-42.944	1026.752	-288	
57088999	288	-656	16864	17.568	-40.016	1028.704	-272	
57128879	304	-720	16896	18.544	-43.920	1030.656	-256	
57168760	288	-720	16864	17.568	-43.920	1028.704	-288	
57208638	288	-720	16816	17.568	-43.920	1025.776	-272	
57248518	256	-736	16864	15.616	-44.896	1028.704	-240	
57288400	288	-688	16832	17.568	-41.968	1026.752	-288	
57328281	288	-688	16912	17.568	-41.968	1031.632	-272	
57368163	304	-720	16832	18.544	-43.920	1026.752	-304	
57408045	288	-736	16848	17.568	-44.896	1027.728	-288	
57447924	272	-720	16880	16.592	-43.920	1029.680	-288	
57487806	288	-720	16864	17.568	-43.920	1028.704	-288	
57527686	320	-720	16832	19.520	-43.920	1026.752	-240	
57567567	304	-688	16848	18.544	-41.968	1027.728	-288	
57607447	288	-688	16800	17.568	-41.968	1024.800	-304	
57647326	288	-688	16832	17.568	-41.968	1026.752	-256	
57687207	320	-752	16848	19.520	-45.872	1027.728	-288	
57727090	288	-720	16864	17.568	-43.920	1028.704	-272	
57766970	240	-720	16864	14.640	-43.920	1028.704	-288	
57806853	288	-720	16832	17.568	-43.920	1026.752	-272	
57846730	320	-688	16816	19.520	-41.968	1025.776	-304	
57886609	272	-688	16848	16.592	-41.968	1027.728	-256	
57926490	272	-688	16816	16.592	-41.968	1025.776	-256	
57966370	272	-704	16880	16.592	-42.944	1029.680	-256	
58006249	272	-720	16848	16.592	-43.920	1027.728	-288	
58046129	288	-768	16864	17.568	-46.848	1028.704	-272	
58086008	240	-720	16864	14.640	-43.920	1028.704	-288	
58125887	272	-704	16848	16.592	-42.944	1027.728	-256	
58165766	272	-720	16832	16.592	-43.920	1026.752	-272	
58205645	320	-720	16864	19.520	-43.920	1028.704	-304	
58245525	304	-704	16832	18.544	-42.944	1026.752	-272	
58285404	304	-688	16864	18.544	-41.968	1028.704	-304	
58325284	272	-688	16848	16.592	-41.968	1027.728	-320	
58365164	288	-688	16848	17.568	-41.968	1027.728	-272	
58405043	272	-720	16896	16.592	-43.920	1030.656	-288	
58444922	304	-704	16816	18.544	-42.944	1025.776	-256	
58484804	288	-736	16800	17.568	-44.896	1024.800	-240	
58524684	336	-672	16832	20.496	-40.992	1026.752	-272	
58564565	272	-736	16864	16.592	-44.896	1028.704	-320	
58604447	304	-688	16864	18.544	-41.968	1028.704	-304	
58644324	288	-704	16864	17.568	-42.944	1028.704	-288	
58684203	304	-720	16896	18.544	-43.920	1030.656	-288	
58724084	320	-688	16848	19.520	-41.968	1027.728	-304	
58763964	256	-704	16832	15.616	-42.944	1026.752	-272	
58803844	336	-720	16800	20.496	-43.920	1024.800	-272	
58843723	272	-704	16864	16.592	-42.944	1028.704	-240	
58883604	288	-688	16800	17.568	-41.968	1024.800	-272	
58923485	288	-704	16880	17.568	-42.944	1029.680	-288	
58963363	272	-752	16848	16.592	-45.872	1027.728	-272	
59003244	304	-720	16848	18.544	-43.920	1027.728	-304	
59043124	288	-704	16832	17.568	-42.944	1026.752	-272	
59083002	272	-688	16848	16.592	-41.968	1027.728	-272	
59122880	304	-784	16832	18.544	-47.824	1026.752	-288	
59162761	288	-720	16832	17.568	-43.920	1026.752	-320	
59202641	272	-672	16896	16.592	-40.992	1030.656	-304	
59242522	272	-768	16848	16.592	-46.848	1027.728	-288	
59282404	304	-704	16816	18.544	-42.944	1025.776	-288	
59322286	256	-688	16864	15.616	-41.968	1028.704	-304	
59362165	304	-768	16832	18.544	-46.848	1026.752	-288	
59402047	272	-720	16864	16.592	-43.920	1028.704	-272	
59441929	288	-704	16832	17.568	-42.944	1026.752	-304	
59481810	272	-704	16880	16.592	-42.944	1029.680	-256	
59521693	320	-704	16864	19.520	-42.944	1028.704	-304	
59561572	288	-672	16864	17.568	-40.992	1028.704	-288	
59601451	256	-704	16832	15.616	-42.944	1026.752	-304	
59641333	288	-688	16864	17.568	-41.968	1028.704	-272	
59681215	272	-720	16880	16.592	-43.920	1029.680	-304	
59721096	288	-688	16864	17.568	-41.968	1028.704	-272	
59760976	304	-656	16816	18.544	-40.016	1025.776	-272	
59800857	256	-688	16896	15.616	-41.968	1030.656	-256	
59840738	304	-720	16864	18.544	-43.920	1028.704	-240	
59880619	304	-720	16832	18.544	-43.920	1026.752	-272	
59920499	304	-720	16880	18.544	-43.920	1029.680	-240	
59960382	320	-656	16832	19.520	-40.016	1026.752	-272	
60000262	304	-752	16880	18.544	-45.872	1029.680	-256	
60040140	304	-672	16848	18.544	-40.992	1027.728	-272	
60080020	256	-720	16832	15.616	-43.920	1026.752	-272	
60119900	272	-720	16816	16.592	-43.920	1025.776	-304	
60159780	288	-720	16816	17.568	-43.920	1025.776	-304	
60199659	288	-688	16848	17.568	-41.968	1027.728	-320	
60239539	320	-688	16864	19.520	-41.968	1028.704	-304	
60279422	288	-704	16864	17.568	-42.944	1028.704	-304	
60319303	240	-704	16864	14.640	-42.944	1028.704	-256	
